timeStep pedestrianId x-PID4 y-PID4
1 1 1.0602852468482262 93.35716145938224
2 1 1.5612785200264463 93.36069477561409
3 1 2.8562007642687828 93.36899603185394
4 1 4.705038440386364 93.37884436123925
5 1 6.940338051450325 93.38773736561151
6 1 9.445265929773766 93.39438345199783
7 1 12.138306355025968 93.39865005342826
8 1 14.962586887264024 93.40116702550937
9 1 17.87842929765716 93.40317790793775
10 1 20.858134062402293 93.41034180449745
11 1 22.71420449472622 93.68734770670872
12 1 22.85114287649278 91.25357690791081
13 1 22.532269429161225 88.39834422064634
14 1 21.475712058199445 85.98153834546197
15 1 18.709320777092824 85.2227713071478
16 1 15.733728766070461 84.71758221729993
17 1 12.725676956403557 84.20676460305417
18 1 9.695032683661454 83.69170478414709
19 1 6.643077075691122 83.50580024883227
20 1 4.6218993583500225 82.81915822395075
21 1 5.648270921508275 81.52214679274717
22 1 8.411978992041025 81.45381757623258
23 1 11.289155819193603 81.45376701603654
24 1 14.239377736133378 81.44188694723746
24 2 1.7001432477380836 92.0921844310258
25 1 17.244688063770003 81.45062818437344
25 2 2.35755733777769 92.13810547366148
26 1 20.328881275981686 81.46325777851337
26 2 3.2961845813763593 92.20361505094135
27 1 23.389305901486132 81.46974195529738
27 2 4.431003146465606 92.2828546534571
28 1 26.475230309863157 81.4734220207263
28 2 5.702700996404056 92.37165554113871
29 1 29.350326930452134 81.73247246109496
29 2 7.069896870253069 92.46711869886506
30 1 31.62532824779044 83.7598415673172
30 2 8.503719214517535 92.56723339686987
31 1 33.413657206775646 86.30393897588658
31 2 9.984025391846153 92.67059211941125
32 1 35.205089620552755 88.8522811865414
32 2 11.496762520176258 92.77621049416682
33 1 36.998621988781665 91.40363044774571
33 2 13.032125230386951 92.88341352910874
34 1 38.49650675675541 93.98117693175877
34 2 14.583268777689655 92.99178773558754
35 1 40.819215025118936 94.73078908673737
35 2 16.145408398125358 93.10117697115776
36 1 42.32148436094868 92.40309498184993
36 2 17.71515235224019 93.2122289845777
37 1 43.00328985916179 89.41842154193745
37 2 19.289810393032102 93.3297447557311
38 1 43.68682478076921 86.41579948728071
38 2 20.870500695438647 93.40545942505273
39 1 44.3750519148993 83.40710878316375
39 2 21.82382643656305 93.86781253734847
40 1 45.04939543519977 80.53037524693868
40 2 22.678280126248975 93.70992295101036
41 1 45.041642704230306 77.41858955368562
41 2 23.136075841492552 92.79480057672171
42 1 45.054432196521155 74.31327021616985
42 2 22.895555132582466 91.43769585718886
43 1 45.04181276256837 71.28409679724564
43 2 22.576112233469527 90.02807982169175
44 1 43.01741170670478 69.83225641170635
44 2 22.52061449927602 88.54634308668469
45 1 39.939091901249434 69.85494157808459
45 2 22.29599071054994 87.14942826074999
46 1 36.84575011611288 69.85950379657895
46 2 21.531442907886312 86.05269756426912
46 3 1.2705625872640616 92.84766275679031
47 1 33.74459017224273 69.89004860175645
47 2 20.250056130559205 85.48956665240453
47 3 2.6036284945096515 92.89015554142429
48 1 30.66881201303033 70.35376946013018
48 2 18.72501974261075 85.22277172737661
48 3 4.50690997117138 92.95096734329876
49 1 27.672795546750486 70.36527446024202
49 2 17.185673645217186 84.9616124621952
49 3 6.808020603454347 93.02444400294738
50 1 24.97215634341573 71.61130896972632
50 2 15.637351699795538 84.69895571412015
50 3 9.386680674927845 93.10696919146562
51 1 22.78860718966893 73.60095922269208
51 2 14.082781607630713 84.43517116372236
51 3 12.158960392606346 93.19642870456097
52 1 19.873252988973945 74.03753877020014
52 2 12.523845522770198 84.17063990871777
52 3 15.066237501100764 93.29333957815848
53 1 17.05896119599296 73.62773079219279
53 2 10.961865622119918 83.90557454167562
53 3 18.067995961612553 93.3845985162525
54 1 15.495958127782197 71.259226338308
54 2 9.397779110240739 83.6400364864342
54 3 21.112772134598952 93.43060551555313
55 1 15.479717655534348 68.16269391408974
55 2 7.817893301174829 83.52976047164965
55 3 22.88790442100251 93.4930314456464
56 1 16.682971367075286 65.52271989705254
56 2 6.2417714110699505 83.51409946298908
56 3 22.742057982794982 90.75841910871706
57 1 18.83082168734112 63.27866449189237
57 2 4.985261103275452 83.21133102259188
57 3 22.508192271034225 87.91292366953454
58 1 20.443888585898684 61.45454524872961
58 2 4.549111108470983 82.70719349925093
58 3 21.08433252807282 85.66402005608641
59 1 20.48555820460544 61.22318091215683
59 2 4.798706953531498 81.98313658331833
59 3 18.050063537034166 85.1074554952862
60 2 5.761874658381136 81.50615693636887
60 3 14.96767924974497 84.58467034357518
61 2 7.096753501085963 81.44993798429978
61 3 11.85713637607451 84.05719737882129
62 2 8.511843478490576 81.44875172418713
62 3 8.724461695602105 83.54534202846096
63 2 9.980414974438817 81.44754862051279
63 3 5.713533303617191 83.39735047634052
64 2 11.486284784989428 81.4482808854197
64 3 4.517430460731674 82.37447920328275
65 2 13.018025165081669 81.44897529536202
65 3 6.739277251577053 81.4539460631583
66 2 14.567814763678447 81.44977030076383
66 3 9.649643469075997 81.44725501361194
67 2 16.130196839455515 81.45069188452463
67 3 12.654267106917633 81.44846105589832
68 2 17.701364331029232 81.45177702370682
68 3 15.719038641094071 81.43176361035073
68 4 1.3154202529246801 92.62124006164373
69 2 19.278661106985723 81.45308177840168
69 3 17.60106625086652 81.44835937737498
69 4 2.4585386887578164 92.6703223179533
70 2 20.86023376600057 81.45475888539221
70 3 19.13068299622799 81.40697242394337
70 4 4.090626772219536 92.74040270236158
71 2 22.444789699101236 81.4567950902879
71 3 20.67198385320735 81.45425598462563
71 4 6.0638589369482165 92.82509625233817
72 2 24.031432281589392 81.45984124821481
72 3 22.234093391407974 81.43606971737995
72 4 8.275096978420816 92.92003850836026
73 2 25.619517664245766 81.4640105799129
73 3 23.801487769305243 81.43574036820873
73 4 10.652383312363037 93.02219541705686
74 2 27.201709846096833 81.49372289551557
74 3 25.380774564547327 81.47148399335283
74 4 13.14550470341039 93.1296854078365
75 2 28.67187635019822 81.49725812171151
75 3 26.88365882014678 81.48536836457079
75 4 15.719378587381946 93.24233671729272
76 2 30.039387092959426 82.10691467578488
76 3 28.329296730971585 81.50914554075649
76 4 18.349407736805308 93.36254083937503
77 2 31.174851734633062 83.201246259188
77 3 29.79089345953356 81.94404374495709
77 4 21.021021406211577 93.41087272503651
78 2 32.101404435194766 84.4899129082628
78 3 31.030704342876305 83.02371181796171
78 4 22.642843888556822 93.7404359016434
79 2 33.01835880371246 85.78732209655752
79 3 31.98259754359533 84.31443130233966
79 4 23.02481860621013 91.71971515476628
80 2 33.935857309973656 87.08534933091674
80 3 32.8971616162909 85.60660793843894
80 4 22.495467727738113 89.2209631284559
81 2 34.8537437556827 88.383801883524
81 3 33.81309154469792 86.90060956383142
81 4 22.20776231381469 86.8603653404251
82 2 35.77199975558796 89.68248124496436
82 3 34.7306306059976 88.19705493752872
82 4 20.24283655640519 85.44246541727193
83 2 36.69023875315758 90.9815131240555
83 3 35.648902142305296 89.4949271442726
83 4 17.612615957158166 85.00257655668877
84 2 37.602146940149105 92.2851756416964
84 3 36.56727206458239 90.79366868994956
84 4 14.95365284793792 84.55808294811503
85 2 38.267139032672304 93.66596661630759
85 3 37.492715487147436 92.03109398419355
85 4 12.274665944461152 84.1102023851917
86 2 39.14414230932839 94.69099597921878
86 3 38.08969405432386 93.27845127866684
86 4 9.581728264101598 83.65984264794862
87 2 40.570158542533754 94.82258336209088
87 3 38.64165768169969 94.39712419903553
87 4 6.881244900713348 83.51070383779161
88 2 41.74161288615728 94.00163096479126
88 3 39.986213798435394 94.887602311743
88 4 4.775757729908077 82.97605109735026
89 2 42.29116873544941 92.55872750697017
89 3 41.40254670448789 94.38821952421293
89 4 4.959098968437775 81.84768090382914
90 2 42.64149700172709 91.0342918839523
90 3 42.228059151936996 92.82342242528777
90 4 7.150831047417972 81.44700045586227
90 5 2.490933054255634 91.59279293273225
91 2 42.99250316484115 89.50155259845862
91 3 42.61798761094343 91.29058758137322
91 4 9.645927422510113 81.45212157296308
91 5 4.484592055990571 91.78870676388628
92 2 43.34461464766167 87.96316601544059
92 3 42.94289007139737 89.7258575292558
92 4 12.220953772329178 81.45828329060222
92 5 7.331037372167696 92.06844947852764
93 2 43.69697504808073 86.42071955479607
93 3 43.29449676062644 88.1864754595154
93 4 14.852236080350348 81.45852142985959
93 5 10.77245482843694 92.40664467155345
94 2 44.04906686303776 84.87533950961317
94 3 43.66715228438837 86.6514767805893
94 4 17.519062432214273 81.44745516786922
94 5 14.62896634645343 92.7856608001386
95 2 44.4001234436202 83.32772003581115
95 3 43.98431922461997 85.10164454667421
95 4 20.218574955536162 81.45384740436104
95 5 18.77492427981783 93.194724922773
96 2 44.746616542241625 81.77792718940897
96 3 44.34834104263446 83.55662261843412
96 4 22.937312673677148 81.45757417792287
96 5 22.231893977671763 93.85333591756094
97 2 45.03990183296831 80.22129101849124
97 3 44.69190725752005 82.02748075035848
97 4 25.669521690303046 81.464886176405
97 5 22.706814946029475 90.56473356819559
98 2 45.04335914200499 78.6316850101427
98 3 45.0379188267246 80.4877871428953
98 4 28.394084653331838 81.48617923298036
98 5 21.84285432886389 86.37360327487524
99 2 45.0410410174907 77.0414958785425
99 3 45.04368363574467 78.86047821130887
99 4 30.65038779021935 82.61780536429707
99 5 17.81121472840893 85.06977877980022
100 2 45.03749056133618 75.45091364318694
100 3 45.03470114979972 77.26846760759958
100 4 32.30943402177232 84.78734466067283
100 5 13.264913055404328 84.2977151262399
101 2 45.032801203375 73.860081522507
101 3 45.03860352202605 75.68951707226985
101 4 33.89500087523071 87.02993139120281
101 5 8.648752126106245 83.5350364212364
102 2 45.02295008438361 72.27010238880968
102 3 45.033849906372495 74.09863580279378
102 4 35.48370958852363 89.27642138999211
102 5 4.715770118370888 82.88976779649593
103 2 44.97441286750991 70.83753029864117
103 3 45.026266387805 72.5951542151468
103 4 37.07392413155229 91.52611940000862
103 5 6.940784600194844 81.44942604634734
104 2 44.00500214179215 69.93109910889453
104 3 44.992210774514206 71.37523285878241
104 4 38.40791161412605 93.8248486432259
104 5 11.386792663278207 81.44823916966918
105 2 42.46532039309216 69.85249201519065
105 3 44.580192165896214 70.2381367727121
105 4 40.18065907569361 94.94152110793848
105 5 15.951200492636895 81.45057891952385
106 2 40.90436536517474 69.85390110920002
106 3 42.754567680557926 69.85558053840829
106 4 42.055779378323635 93.31599269082434
106 5 20.598208821493493 81.45441665329322
107 2 39.33419385659382 69.85567143092393
107 3 41.131313648658406 69.85363770769396
107 4 42.70789062969174 90.70716978885967
107 5 25.336647002531063 81.46264934811474
108 2 37.75759260905714 69.85793263467504
108 3 39.56208010632387 69.85534656110217
108 4 43.32293927870914 88.05789948488467
108 5 29.650155799900187 81.94034284195811
109 2 36.17650598983163 69.86076682609163
109 3 37.9894177063314 69.85754800542246
109 4 43.9330924685652 85.39465072417038
109 5 32.73962355604947 85.3788200530656
110 2 34.592289403350016 69.86357436319193
110 3 36.410901085259106 69.8629490018813
110 4 44.489369018063485 82.76360332032766
110 5 35.50284953352352 89.29425679363223
111 2 33.01461885540031 69.9897586216756
111 3 34.83177154689813 69.86111660237898
111 4 45.04500031812302 80.0539641352914
111 5 38.10709541363503 93.33749990191919
112 2 31.44538169678208 70.23266823018686
112 3 33.24294426510179 69.95195557501283
112 4 45.04146706510243 77.3012038332404
112 5 41.343486002499205 94.25782323114984
113 2 29.873505364107658 70.46152157386855
113 3 31.668570193928186 70.19575462454632
113 4 45.028140662664256 74.56122491808213
113 5 42.90735282536427 89.84066206927156
113 6 1.1436704217567126 92.67664682830201
114 2 28.284039981730558 70.4742716301413
114 3 30.102861998053765 70.46266545439342
114 4 45.04110168719543 71.81160159841095
114 5 43.976540526239674 85.15301145259951
114 6 1.539226068735616 92.6924205010891
115 2 26.748080120774066 70.53323867851893
115 3 28.559216934395867 70.47146248196682
115 4 44.085393647934964 69.95392600234277
115 5 45.06391274095104 80.39721395079395
115 6 2.1039798147284947 92.71496952222674
116 2 25.410212274343994 71.36684077475903
116 3 27.053210220794618 70.47054050031119
116 4 41.447736593428836 69.85331954376079
116 5 45.04001042634603 75.45553891576488
116 6 2.786778418151919 92.7422618177996
117 2 24.094287306263595 72.24597782659772
117 3 25.601861594069582 71.23471161913228
117 4 38.7470473585003 69.85645065487296
117 5 44.96420028308374 70.78273877398196
117 6 3.5519372716356337 92.77278455500786
118 2 23.08905497055708 73.29650435972609
118 3 24.285709129047536 71.98968433688987
118 4 36.02751280804809 69.86106379865264
118 5 40.74095679162716 69.83269227776667
118 6 4.374555432689323 92.8055983950631
119 2 21.769143810835203 73.95470117261969
119 3 23.42405764600125 73.06723069601276
119 4 33.300230796230146 69.94672675152351
119 5 35.97293104772734 69.87517149213221
119 6 5.237258575085831 92.84008624406796
120 2 20.209185359082763 74.03025991827536
120 3 22.081770373366794 73.84503010534257
120 4 30.590551731739506 70.36558960926577
120 5 32.296317891879795 70.09668724650695
120 6 6.127933008034094 92.87561808845227
121 2 18.63895154542148 74.0169569370859
121 3 20.452437728515616 74.01403751888878
121 4 27.921762271589493 70.50559886091395
121 5 29.70957543914107 70.46078152251093
121 6 7.0381197328808875 92.91194381620295
122 2 17.196789227001723 73.64156051781542
122 3 18.952542847699164 74.01448834561575
122 4 25.53010004405413 71.28971545163633
122 5 27.211359527302427 70.47941678379921
122 6 7.961916829742683 92.94889579872329
123 2 16.092941225943125 72.64774823877063
123 3 17.513774776654675 73.79473154460605
123 4 23.53893347221448 73.016548215489
123 5 24.79083100949108 71.7265939350707
123 6 8.895216009660524 92.98612326637846
124 2 15.50731598922436 71.24262555032789
124 3 16.318615864422597 72.95119175181142
124 4 21.20884039924201 74.02782621129842
124 5 22.99436836640521 73.41214297607476
124 6 9.835137539269054 93.02371887399914
125 2 15.467419171664197 69.66479466626433
125 3 15.57540143991314 71.57611514946842
125 4 18.546923737354607 73.98421569289904
125 5 20.408005236004144 74.01876669689464
125 6 10.779680383242223 93.06154478083836
126 2 15.480509115787473 68.08419376534796
126 3 15.471043179548303 69.89668594713936
126 4 16.292165327552514 72.91007786299271
126 5 17.865980545926377 73.89432593919958
126 6 11.72745020318452 93.0994615217911
127 2 15.783805344494041 66.61188185458727
127 3 15.473338155618789 68.38834199179395
127 4 15.464115949773786 70.45798318512611
127 5 15.904179655010546 72.31900757548803
127 6 12.677460413261526 93.13771562541307
128 2 16.79348765624721 65.40589508235283
128 3 15.635443549570226 66.91810791169846
128 4 15.474976792701895 68.68043481379621
128 5 15.480218015353655 70.24594729908397
128 6 13.629038112653197 93.17609474684845
129 2 17.886557156683875 64.26362415833457
129 3 16.628184430023484 65.57374883367602
129 4 15.566984794195978 67.153201179567
129 5 15.484128671995283 68.75683375350549
129 6 14.581696589272976 93.21487685174378
130 2 18.982857287908455 63.1200799019133
130 3 17.729515047627473 64.42365048503308
130 4 16.464382855944606 65.74531965717777
130 5 15.548883510553384 67.24029236971907
130 6 15.535092237976302 93.25434782913865
131 2 20.092987579565314 62.52907793053012
131 3 18.60584799552555 63.36386156614544
131 4 17.492007245680092 64.69797981266488
131 5 16.37638665472511 65.83252413212632
131 6 16.488978839292074 93.29484430169106
132 2 20.468030097488548 61.268509517853396
132 3 19.581165763553244 62.88296728318169
132 4 18.27919396355467 63.840584474208036
132 5 17.237224798043137 64.8881269321188
132 6 17.44315848801681 93.33717484734655
133 3 20.46093235489559 61.2771285987751
133 4 19.328286198899438 62.96189741074915
133 5 18.0996670074415 64.01955979146946
133 6 18.397853725157024 93.37307033089878
134 4 20.41423152773705 61.629537671110434
134 5 19.190730223802266 63.0350489785284
134 6 19.353170582777167 93.39421085178122
135 4 20.48298779229603 61.22665751678525
135 5 20.101525561010835 62.55900917319886
135 6 20.30879520077316 93.40482212776212
135 7 1.8841383520112354 93.44186915144462
136 5 20.481984499391945 61.22981368975912
136 6 21.172900035928745 93.49178575828581
136 7 3.5841964889377063 93.4272458659141
137 6 21.608577421272567 93.80740287769241
137 7 6.011535370750841 93.41666790354542
138 6 22.172406474784832 93.90273748253026
138 7 8.946258642800904 93.40855558381654
139 6 22.64566168573816 93.73222472884159
139 7 12.234971907748267 93.40402161580835
140 6 22.973369068673072 93.35534176058643
140 7 15.770652878566555 93.40272617630299
141 6 23.121104981583738 92.70479795094658
141 7 19.47863447353437 93.40513082259858
142 6 23.003782624174697 91.91270579449092
142 7 22.36977442577705 93.81776422732135
143 6 22.81575918752637 91.08307817293377
143 7 23.13492086979192 92.52497985870343
144 6 22.62060746198899 90.22242094732702
144 7 22.937390293660755 91.55750183003019
145 6 22.533218072563503 89.31041749353288
145 7 22.71920649602777 90.73634562400169
146 6 22.51784407281735 88.38934113356764
146 7 22.51968468217496 89.90971980599825
147 6 22.377614845899803 87.51108576254286
147 7 22.509870931094415 89.06242894999863
148 6 22.098993034865355 86.67203440775933
148 7 22.508697983085703 88.22832018888036
149 6 21.489984044800735 85.98775121958913
149 7 22.334423718181814 87.3703912621651
150 6 20.703497654598543 85.57873929153386
150 7 22.071441918795305 86.62834872431581
151 6 19.783264234964346 85.40114116417683
151 7 21.457353797504773 85.93198062436458
152 6 18.85359533867072 85.2434783211089
152 7 20.444097042373553 85.52547461999376
153 6 17.920036230326406 85.08518695853495
153 7 19.46240474550283 85.33465099900152
154 6 16.983770857941064 84.92641083543022
154 7 18.528724812676 85.16715570885152
155 6 16.045619098335088 84.76728645573415
155 7 17.60035072325898 84.99474147656257
156 6 15.106140239134625 84.60798402366838
156 7 16.669084049561416 84.81272926302756
157 6 14.16574639358389 84.4484931356833
157 7 15.735331138077816 84.61610560903453
157 8 2.0130422761487736 91.61044406597014
158 6 13.22470745406345 84.28891041598773
158 7 14.799906999475459 84.39777921288709
158 8 4.561922359604546 91.85270925493943
159 6 12.28322873724687 84.12920296509111
159 7 13.861143314893319 84.1476108920292
159 8 8.201097066508863 92.19850264931446
160 6 11.34143727188709 83.96944342961477
160 7 12.912018203631591 83.85143490969274
160 8 12.600928058473889 92.61668991197449
161 6 10.399427697247233 83.80964709691942
161 7 11.943576404611159 83.536054865303
161 8 17.531429382860097 93.08561820245217
162 6 9.457278842013334 83.64974906659648
162 7 11.007484114151469 83.53575641063284
162 8 22.244113017174296 93.57938402754343
163 6 8.5104821930242 83.53334289566521
163 7 10.089558928428552 83.53818046987946
163 8 22.535675519237156 89.12335817653371
164 6 7.55473143542196 83.52823207815375
164 7 9.148148952307247 83.53561307634452
164 8 19.78717236580666 85.38645600106213
165 6 6.614697129807046 83.50502948230621
165 7 8.216772389711691 83.53115447835327
165 8 14.087167277429195 84.4257986233513
166 6 5.7112718481664615 83.46947480390712
166 7 7.3075641717498465 83.52127190538859
166 8 8.809862952208439 83.54080910671802
167 6 4.921193537734304 83.15025610987705
167 7 6.466446892342873 83.52549914721766
167 8 7.713276447746677 83.5308115931988
168 6 4.500866906611778 82.5964311497883
168 7 5.739204749747121 83.48950291168744
168 8 7.033040443106247 83.57215741718102
169 6 4.8680493027619285 81.8891862599007
169 7 4.982554226056148 83.2682464950547
169 8 6.3690467483040445 83.53340166749562
170 6 5.6499051103726075 81.49826828681013
170 7 4.472824798240458 82.59161851850276
170 8 5.756651375865781 83.50164591458643
171 6 6.5638911607955235 81.44572911453747
171 7 4.9616828212714 81.7815040409276
171 8 5.023576844572103 83.28694151999227
172 6 7.492698389912532 81.44675651685706
172 7 5.976998008145568 81.45139621871303
172 8 4.543254528915868 82.72151431265672
173 6 8.429720254801268 81.4471030947322
173 7 6.875496478826889 81.44640799981828
173 8 5.049665396063516 81.71903261467926
174 6 9.37247279075376 81.44744200348619
174 7 7.799593645232109 81.44673941923647
174 8 6.319234936528832 81.44810853259794
175 6 10.3192234705939 81.44780254603722
175 7 8.740235746930223 81.44706804336188
175 8 7.303020916493163 81.44633615024712
176 6 11.26876355587963 81.44818842792277
176 7 9.688211366943651 81.44741134496724
176 8 8.243188712359172 81.446539646029
177 6 12.220249737591868 81.44860456367442
177 7 10.639456201692626 81.44778792448953
177 8 9.182223602748621 81.44628704745568
178 6 13.173093659898147 81.44905040984413
178 7 11.59232036087964 81.44817716711862
178 8 10.128252825347301 81.44747098056136
179 6 14.12688483686065 81.44953484511858
179 7 12.546123030320038 81.4486165754694
179 8 11.079081543696688 81.44767790877636
179 9 2.125577766418598 92.85180560395786
180 6 15.081336883945873 81.45005990428506
180 7 13.50053941885463 81.44909173543105
180 8 12.032322866558534 81.44478426340349
180 9 3.684884189438594 92.90333298661072
181 6 16.036249989010006 81.4506326235663
181 7 14.455378292547287 81.44955821701745
181 8 12.986710655203431 81.44309021556235
181 9 5.911180664223641 92.97702439864607
182 6 16.991484747116314 81.45126355535297
182 7 15.410509102127278 81.45008978130559
182 8 13.94188973279509 81.44907082733575
182 9 8.602818087074587 93.06625230350741
183 6 17.94694389310975 81.45196347420108
183 7 16.36583607232283 81.45067771975405
183 8 14.897029418634093 81.44964439104925
183 9 11.619099483421357 93.16672245714717
184 6 18.902559556829292 81.45274676806099
184 7 17.321287272844202 81.45149231662033
184 8 15.852137728412565 81.44145540064544
184 9 14.86179713953427 93.27739951393102
185 6 19.85828437759531 81.45363083982815
185 7 18.276803587125432 81.45204863683767
185 8 16.80786020031754 81.4508186439841
185 9 18.262713279795115 93.38569616288005
186 6 20.814085289105734 81.45464370462213
186 7 19.232338017283805 81.45285739946591
186 8 17.76313095058167 81.45154495561913
186 9 21.44744113351105 93.72594042190103
187 6 21.76993918092134 81.45582350353186
187 7 20.18784260104009 81.45377440984238
187 8 18.71832798776819 81.45230310561728
187 9 23.123131604622262 92.6135135415507
188 6 22.725829881206096 81.45722935137287
188 7 21.14326279823622 81.45484005095044
188 8 19.673424574637448 81.45316014319039
188 9 22.510510930301933 89.26175673329766
189 6 23.68174596417269 81.45893099680126
189 7 22.09852392215199 81.45606495840664
189 8 20.62830839029 81.45412730926267
189 9 21.706713979581334 86.23514129856086
190 6 24.63767923611793 81.46108466955151
190 7 23.053504257568488 81.45758602516386
190 8 21.582812673610743 81.45525596039556
190 9 18.436744702914133 85.33218807726597
191 6 25.593591248419557 81.46425895229909
191 7 24.007871486916805 81.45911252250886
191 8 22.536525784397483 81.45603322571321
191 9 14.862971058197354 84.68365770066026
192 6 26.54954069456041 81.46800727507613
192 7 24.961333060662614 81.46165951828247
192 8 23.489068881803 81.45801800487124
192 9 11.248908983600765 84.02780390749217
193 6 27.505216889444714 81.47465525601116
193 7 25.912925925472155 81.46474703459839
193 8 24.439688790861442 81.46013149921637
193 9 7.560610571989315 83.53190179991957
194 6 28.440161686482664 81.48692455562099
194 7 26.852885356781954 81.46920398646245
194 8 25.383213957869398 81.46274330640843
194 9 4.700957421168462 82.89259204193712
195 6 29.31277712744938 81.70264499529814
195 7 27.731160436097767 81.47231306069617
195 8 26.282999444410198 81.46619387151642
195 9 6.068676030599067 81.46659759530839
196 6 30.115009630694136 82.17037957037135
196 7 28.57799108390458 81.48497367199575
196 8 27.123836037369678 81.47692349910935
196 9 9.486921072830594 81.44749578195413
197 6 30.8271806471201 82.78809416824949
197 7 29.526545193524548 81.80749266056334
197 8 28.016168655342906 81.48863682666146
197 9 13.011553879175096 81.44897196422036
198 6 31.42152703498309 83.52795467427197
198 7 30.331070558798935 82.36061062532404
198 8 28.927878655567266 81.5238176573119
198 9 16.60963737121218 81.45100367380687
199 6 31.970711973274394 84.30498186783518
199 7 31.036860461196866 83.02757478126448
199 8 29.850808217012958 81.95425398866244
199 9 20.258965154455158 81.45403752779634
200 6 32.52065863283837 85.08312376105727
200 7 31.62163921669068 83.79609406352641
200 8 30.659734170598647 82.60089603884617
200 9 23.94404254303859 81.45947176588115
201 6 33.0711627381314 85.86202496996016
201 7 32.17538081057815 84.5694408099499
201 8 31.330520049599436 83.38897996691455
201 9 27.604564219405756 81.48445577233605
201 10 2.0393598454915973 93.41860688592098
202 6 33.62206145347748 86.64145191127676
202 7 32.73171158453835 85.34053504148005
202 8 31.863464662623308 84.18368957105284
202 9 30.74761748423644 82.70351820151112
202 10 3.526568880401764 93.41422026258823
203 6 34.173249902573204 87.42123544772234
203 7 33.293514013438816 86.11051578814939
203 8 32.35081581688926 84.99993940277211
203 9 31.7211732514473 83.78064200504627
203 10 5.649936496303253 93.40942488503936
204 6 34.72465410171306 88.20125815191386
204 7 33.86245111837469 86.87788601075253
204 8 32.76458066502899 85.92366670457865
204 9 32.82107177193607 84.42479728536738
204 10 8.217139118747465 93.40558276678044
205 6 35.276245914148646 88.98142149345806
205 7 34.47290287908972 87.65601069848864
205 8 33.200587764045835 87.39982418097806
205 9 34.61234781259575 85.86777296491637
205 10 11.093994229475161 93.4032242920102
206 6 35.83897692046739 89.75340644537133
206 7 35.69549744562159 88.16909560021332
206 8 34.351121128647556 89.73698958487205
206 9 35.18035732644068 87.0060412753354
206 10 14.186886496823007 93.40236311679499
207 6 36.515404726927834 90.39208934935661
207 7 36.109187457620926 89.00490704234842
207 8 36.872973021408846 92.73717365882428
207 9 35.50153102092813 87.71630916542324
207 10 17.43050220976899 93.40305194412996
208 6 37.02777402999656 91.1938622004382
208 7 36.45559094500866 89.7686088340993
208 8 40.62962492543019 94.79789512639304
208 9 35.826064430778935 88.4174202564406
208 10 20.77926456710526 93.40952579647765
209 6 37.49808971662062 92.02108266946348
209 7 36.83179138284346 90.58973595407736
209 8 42.74583773427424 90.57879132878809
209 9 36.17409672356872 89.1694496773105
209 10 22.806532007613264 93.54202075618775
210 6 37.90411948018382 92.88411410792752
210 7 37.22843487449396 91.44339902816513
210 8 44.00391025578816 85.36650086958868
210 9 36.55239712252802 89.98678249178914
210 10 22.702552285707952 90.43190545186538
211 6 38.310610249894026 93.73027136418396
211 7 37.62804589436475 92.29952212637225
211 8 45.08523195830035 79.82390396966778
211 9 36.94735264396543 90.83864211839496
211 10 22.29179636465023 87.21825515120436
212 6 38.73729069558398 94.44025415503532
212 7 37.992251978419645 93.07470145514353
212 8 45.03448073692352 74.03440698522967
212 9 37.32912755827699 91.65956531036821
212 10 19.96580760720719 85.43377567600322
213 6 39.55671257843251 94.83228310259388
213 7 38.318938681704665 93.77173553941299
213 8 43.1923491619769 69.7885830096549
213 9 37.66972719996184 92.38790537756141
213 10 16.573371795818325 84.85805025424234
214 6 40.46094700460629 94.86009420681499
214 7 38.81618116434603 94.49158386767517
214 8 37.006440577484064 69.78311526865868
214 9 37.996482711405704 93.08439543086108
214 10 13.136072451871861 84.27474171498068
215 6 41.29168718498286 94.4727210780234
215 7 39.75133020325398 94.84515293769846
215 8 30.993584251889025 70.25664264827083
215 9 38.33830125741829 93.85043278588311
215 10 9.667497601160694 83.6859973500077
216 6 41.86369007716422 93.75632152953499
216 7 40.654183750394495 94.8017905765743
216 8 25.28419262299126 71.45308584956541
216 9 38.837648660904875 94.49602064396744
216 10 6.203025358166786 83.47653745000285
217 6 42.21405135483067 92.88472719266363
217 7 41.450012365539855 94.36362529786084
217 8 20.221613215876964 74.01407229846902
217 9 39.705425836592696 94.8537733852619
217 10 4.493439062337703 82.48639100497093
218 6 42.42874308959787 91.96217900767287
218 7 42.00172540594655 93.49417393278542
218 8 15.56648034688403 71.6208171297767
218 9 40.717250815903974 94.77334844500591
218 10 7.008265744951055 81.44692042275729
219 6 42.641026936640145 91.03634752064059
219 7 42.289200503260965 92.57148179741995
219 8 16.321968847362548 65.91768244647581
219 9 41.573453494325584 94.25907110960208
219 10 10.302406812768616 81.44779596356972
220 6 42.85355328689051 90.1086733239474
220 7 42.502359727288386 91.6419995082834
220 8 20.375706948041877 61.82700636270541
220 9 42.11705701960741 93.25477006200215
220 10 13.686428851274844 81.44930546147107
221 6 43.06626373359054 89.17971689915694
221 7 42.71445339622616 90.71633556184423
221 8 20.48852421031184 61.21753039801632
221 9 42.3595074265753 92.26463302213864
221 10 17.133140516095402 81.45236256870632
222 6 43.27902636610086 88.2498484919864
222 7 42.92691406894284 89.78906498763976
222 9 42.57242577962128 91.33613350129987
222 10 20.625558625784738 81.34578501242012
223 6 43.49176293869786 87.31932956528195
223 7 43.1396401120733 88.86000793023526
223 9 42.78339320405549 90.41539345627592
223 10 24.130205208097514 81.46171840032801
224 6 43.70437420209637 86.38833234894028
224 7 43.352423718723436 87.92986856779623
224 9 42.995065108647694 89.49119042892364
224 10 27.622295170896116 81.48494587214256
224 11 2.025303891809055 92.39572297848915
225 6 43.91671824995476 85.45696044901831
225 7 43.56510626628152 86.99922296511349
225 9 43.207415603099385 88.56350329151917
225 10 30.612810728687162 82.51111707032894
225 11 3.4190324605603246 92.4734399183713
226 6 44.128635201518975 84.52527255100813
226 7 43.77756603229413 86.06844596408138
226 9 43.42017816022205 87.634091776343
226 10 32.73771379595644 85.36629281618048
226 11 5.408930864013106 92.58437553809019
227 6 44.33990131494164 83.59328080272395
227 7 43.989763714082535 85.13788922379133
227 9 43.6325087107917 86.70417762185684
227 10 34.79537248118231 88.285308455157
227 11 7.814762224232008 92.7184976923079
228 6 44.54654971065629 82.66016781973946
228 7 44.201027190250464 84.20791406798878
228 9 43.844524349192874 85.7748256954852
228 10 36.85657975498614 91.20925073226168
228 11 10.510777558529345 92.8688430877352
229 6 44.75795854764403 81.72831508425747
229 7 44.41153681787994 83.27951601293162
229 9 44.05568215083592 84.84714068441009
229 10 38.498589615572 94.163284856462
229 11 13.40924271645462 93.0305908403823
230 6 44.970714059165694 80.79723204515696
230 7 44.61325009633219 82.36246720160342
230 9 44.264791746671214 83.92651268725513
230 10 41.22031880101874 94.43363690188224
230 11 16.448889997268914 93.20140433065558
231 6 45.044634457256315 79.84872656022831
231 7 44.80300424273395 81.44502702786252
231 9 44.469440777496004 83.01805525204718
231 10 42.55014074665509 91.40300455541349
231 11 19.586892498675244 93.38013331622629
232 6 45.04368296108655 78.89300116317658
232 7 45.03766746991576 80.51890910386592
232 9 44.668479560729594 82.12028829864033
232 10 43.34983334844407 87.94028625936683
232 11 22.00845916020934 94.05768575035448
233 6 45.042427168615724 77.93720007709207
233 7 45.044607169530096 79.52190041345547
233 9 44.888728726059014 81.17611435097314
233 10 44.14242616147118 84.46425942203847
233 11 23.06521409951996 92.16995993458895
234 6 45.0409393389842 76.98134629016899
234 7 45.0434844187081 78.56045947260034
234 9 45.045075777169544 80.19549672948311
234 10 44.791898084306304 81.73303688121273
234 11 22.545799236032444 89.14181132723695
235 6 45.03912560280991 76.02545607002997
235 7 45.04217105685043 77.60670374750988
235 9 45.04422969156314 79.21249821464016
235 10 44.990412193014635 80.68311423905547
235 11 21.803543757667413 86.33521139997094
236 6 45.0368337549279 75.06954100434366
236 7 45.04059132222026 76.65373998541665
236 9 45.043048527033484 78.25669209329838
236 10 45.0544727462172 79.74464649997641
236 11 19.004973043005787 85.26881672130094
237 6 45.03378791786371 74.11361007601872
237 7 45.03858841272554 75.7007422670148
237 9 45.04164306630516 77.30643566147128
237 10 45.044687874997216 78.83167207908217
237 11 15.798515940429567 84.72515774608355
238 6 45.02942230287725 73.15768487240861
238 7 45.03337854303707 74.74848169031387
238 9 45.04006640759638 76.35692886372541
238 10 45.04271055738491 77.9263463201066
238 11 12.55668373903685 84.17548095199002
239 6 45.02228959698875 72.2031252805419
239 7 45.03033061953957 73.8123748826704
239 9 45.03176541645805 75.41994958102438
239 10 45.04019781306903 77.01364208009458
239 11 9.290214891506709 83.62134792229122
240 6 45.00831115893774 71.29292779753592
240 7 45.01044467694531 72.87876943691741
240 9 45.02833492082793 74.48183800611274
240 10 45.03965790807364 76.09119887009662
240 11 6.0290669804022015 83.51404107992191
241 6 44.863429760889105 70.50629640085721
241 7 45.02415700250323 72.05234804395656
241 9 45.0320876199809 73.60417758464342
241 10 45.037430859851526 75.18702506375276
241 11 4.5022491521724906 82.51015240682204
242 6 44.160690037281874 69.97144711825091
242 7 45.01992658273328 71.33338484952803
242 9 45.02763192950792 72.85183158811077
242 10 45.03512248777759 74.37826217834765
242 11 6.638006886096273 81.44087055106
243 6 43.24631446641123 69.85209769217094
243 7 44.85876144160162 70.48289501126749
243 9 45.017008890959055 72.11818430705006
243 10 45.03195409051685 73.6641082819259
243 11 9.69040649552705 81.44756054676873
244 6 42.31018442649133 69.85260953504607
244 7 43.8829123340404 69.90424056750865
244 9 45.0478114460569 71.20984001249724
244 10 45.010899125622004 72.87275781920833
244 11 12.83911639357292 81.44888961075482
245 6 41.368054319660075 69.85344893859627
245 7 42.91464821207137 69.85190292220136
245 9 44.655239161453885 70.23757085811184
245 10 45.00311265304616 71.9385398419171
245 11 16.055002748936353 81.45064396959043
246 6 40.42173808940819 69.85440382581116
246 7 41.985830621107894 69.8526878274229
246 9 43.547794740510135 69.85188319174617
246 10 45.016222536838775 70.9825151983978
246 11 19.317756203259698 81.45311746667197
246 12 1.6974911644254718 93.45225813303273
247 6 39.47250137527763 69.85549925447026
247 7 41.04731989513021 69.85356455290868
247 9 42.61138830015722 69.85218332200488
247 10 44.47607638457158 70.09074903566086
247 11 22.61320662735506 81.45704946181482
247 12 2.31916005410031 93.43748073289804
248 6 38.52122721941659 69.85676908544798
248 7 40.101213754445446 69.85455933246045
248 9 41.6863189697666 69.85298496648029
248 10 43.325512820807866 69.8522314417587
248 11 25.95561430116227 81.45743449081117
248 12 3.2070283315579773 93.43020060662968
249 6 37.56853172932694 69.85824202821715
249 7 39.150878585478665 69.85570303222404
249 9 40.74957824841132 69.85389662367685
249 10 42.33184267942816 69.85242389860777
249 11 29.10473868749167 81.64806867126676
249 12 4.280501955278443 93.4243462325284
250 6 36.61484475631144 69.85992811959879
250 7 38.19855284621895 69.85702927642073
250 9 39.80351897350817 69.85493501847533
250 10 41.39701298691455 69.85325649448248
250 11 31.566507994200208 83.68408017441772
250 12 5.483462277111321 93.41908738166798
251 6 35.66047274725181 69.861850498697
251 7 37.24536950975376 69.86645335294105
251 9 38.852872207098116 69.85776145984885
251 10 40.4612621848632 69.85450090184354
251 11 33.4949153544731 86.42525994286461
251 12 6.7767624922294365 93.41444812391603
252 6 34.70561087248261 69.86345059533247
252 7 36.304662985533035 69.86041158466804
252 9 37.909189408860705 69.86629498869976
252 10 39.524425813036125 69.85769119802418
252 11 35.426869104689494 89.17110515799361
252 12 8.13309121002099 93.41059926101772
253 6 33.751227484751944 69.88200635910687
253 7 35.340503390633216 69.86443033725057
253 9 36.96906223387629 69.86012138105421
253 10 38.58377759584133 69.8661023326909
253 11 37.35955811844631 91.92142617462929
253 12 9.53339377084984 93.4076077394093
254 6 32.80614142211553 70.02204069918984
254 7 34.388202278696276 69.85841923935962
254 9 36.00150651506637 69.86108654149415
254 10 37.62910181678901 69.85797205243476
254 11 39.00495387117704 94.6283233761547
254 12 10.964375782274738 93.40541788056515
255 6 31.86178816788086 70.16821295435501
255 7 33.42674378175925 69.92163459231048
255 9 35.04309537102126 69.8611178004944
255 10 36.67048962851234 69.85970248820344
255 11 41.58911907324948 94.24205500301035
255 12 12.416761983133966 93.40393912770195
256 6 30.91732073908068 70.3143953213293
256 7 32.47715429296964 70.06590875353413
256 9 34.08259971906765 69.85770880576263
256 10 35.7119552248236 69.8617113826862
256 11 42.62627005541397 91.10612620042423
256 12 13.884081235170026 93.40307449681019
257 6 29.972147115112115 70.45578033618989
257 7 31.531850456831894 70.20970731995969
257 9 33.12071201882892 69.97270324382389
257 10 34.71634734034223 69.76612339115763
257 11 43.37294289568096 87.85314059004241
257 12 15.361818792787322 93.40274578564365
258 6 29.0169320725125 70.46897537354172
258 7 30.594626143251617 70.40187430236149
258 9 32.173457874643056 70.11595270695264
258 10 33.77629225166413 69.87300132672421
258 11 44.115455402391646 84.61074490577678
258 12 16.846824827604788 93.40292166547009
259 6 28.06175242487976 70.4764162908369
259 7 29.657730016178416 70.46508508301628
259 9 31.23928032871271 70.2472147184748
259 10 32.83529701217983 70.02109735320283
259 11 44.83551700479401 81.23430224854584
259 12 18.33690167563431 93.4037245439679
260 6 27.137571882874006 70.48779840601138
260 7 28.729641065184467 70.47151796831885
260 9 30.316502549573382 70.45554066997465
260 10 31.902867509295596 70.1609077304674
260 11 45.05681846013751 77.91720998645947
260 12 19.830515062380595 93.4058408023136
261 6 26.27975543964152 70.78912935667833
261 7 27.866405135622312 70.49191177993897
261 9 29.441574651572683 70.47911817006403
261 10 31.006170175725114 70.30522165622537
261 11 45.0198261954808 74.55950231112789
261 12 21.201772091415414 93.52501320979742
262 6 25.490840543918047 71.3130398669371
262 7 26.98359979821629 70.48249683378452
262 9 28.594493331688206 70.47838156540703
262 10 30.173244570780113 70.46332271499237
262 11 45.00335566270087 71.32003956006754
262 12 21.969642231699492 93.90449667584278
263 6 24.700173725494356 71.83919995821446
263 7 26.017515664007814 70.95484436908815
263 9 27.645473470092163 70.47440107010672
263 10 29.28700506734709 70.46733662801336
263 11 42.97849049051083 69.86065751239182
263 12 22.719393595872628 93.68187593852684
264 6 23.970401358202697 72.41436717648409
264 7 25.204463607480513 71.48685173200614
264 9 26.644324062812593 70.57594360748072
264 10 28.345769007495143 70.47866709462718
264 11 39.656762292965496 69.85949399153624
264 12 23.121397304652742 92.78041447486383
265 6 23.39581988403438 73.10358590125651
265 7 24.350894574139218 71.88486647359186
265 9 25.78630280120426 71.16332701871177
265 10 27.366475924883265 70.48228544698746
265 11 36.32712270652653 69.86491244607171
265 12 22.91326557923298 91.51629751878718
266 6 22.65389098692905 73.64147736936827
266 7 23.918877552319927 72.54358091496292
266 9 25.099668819139183 71.65382425545671
266 10 26.377706789876722 70.70796753056109
266 11 33.00682935748291 69.9893738920854
266 12 22.614493411109585 90.19760074001525
267 6 21.775700874968845 73.95260334887494
267 7 23.299253780286485 73.20506240218057
267 9 24.307841076009904 71.97872066684069
267 10 25.654739867201563 71.19239156500198
267 11 29.687202485870127 70.46548129488633
267 12 22.522440214878753 88.80970729816849
268 6 20.84777994903056 74.03315922044436
268 7 22.5221196368657 73.71306800638827
268 9 23.856895773181865 72.59325687074386
268 10 25.0051512429972 71.621901244435
268 11 26.551803573916533 70.61735252617471
268 12 22.357560501913806 87.44340015952308
268 13 1.410158401074554 92.8228632055287
269 6 19.90178314439164 74.02853496382606
269 7 21.58527432845977 74.02040424673567
269 9 23.126089999376273 73.28379333862128
269 10 24.199506052198856 72.00717686473249
269 11 25.49576352467612 71.44227650374593
269 12 21.75870365254359 86.32221119616847
269 13 2.8365674106616665 92.87042141187628
270 6 18.955239196569917 74.02085033946034
270 7 20.545156396670627 74.03230042310223
270 9 22.216941353737663 73.81337804446821
270 10 23.70457455763623 72.78782213440546
270 11 24.814722276205984 71.8928078102546
270 12 20.721504586471273 85.58327298882159
270 13 4.873123209379211 92.93834438692922
271 6 18.036748324071873 73.9546591721184
271 7 19.617716492187398 74.02835695140769
271 9 21.23951844826277 74.02031418518636
271 10 22.834474675552023 73.47981669200756
271 11 24.02899407014752 72.31984183339985
271 12 19.299738643785105 85.31922199376021
271 13 7.335364509224227 93.02045947007095
272 6 17.162022795348907 73.6408519287605
272 7 18.744009996998507 74.02518273960169
272 9 20.310981104448487 74.01331710052285
272 10 21.92512489385639 73.89263143329943
272 11 23.42637957042195 73.05989510891504
272 12 17.857290121456142 85.07460268324398
272 13 10.094588138333663 93.1127265581368
273 6 16.43973250128342 73.07006370192882
273 7 17.879621577933893 73.9284497715628
273 9 19.467136059956317 74.00886656190039
273 10 21.030466092822884 74.01802537176354
273 11 22.717810954883635 73.6383101937825
273 12 16.40329588978498 84.82802381266282
273 13 13.06098040847391 93.21293416408295
274 6 15.889827748736812 72.31793911095374
274 7 16.982454095061605 73.56690768190794
274 9 18.59631435694869 74.00361144803847
274 10 20.175445258681936 74.01909931094013
274 11 21.834460565414577 73.92128629973848
274 12 14.941246140515911 84.58007986462307
274 13 16.171747331909984 93.32329760337761
275 6 15.543122610463627 71.46233775475508
275 7 16.277966651378872 72.88226715470181
275 9 17.61728075515862 73.8298731657014
275 10 19.272974509686186 74.00846940276718
275 11 20.902082937239012 74.02373388298045
275 12 13.473581506216085 84.3311525353486
275 13 19.384334181715992 93.39954487428948
276 6 15.463919885199186 70.52212435276529
276 7 15.771688796120918 72.09352363322954
276 9 16.744266510527513 73.38929176275667
276 10 18.343981576578724 74.01568380178027
276 11 19.97581084336391 74.02937979666972
276 12 12.001996535198227 84.08155660112865
276 13 22.020829103915204 93.89685128535467
277 6 15.467887472014255 69.57285271243752
277 7 15.50628993991053 71.16453388484699
277 9 16.113835615067263 72.67782665207322
277 10 17.394607366951075 73.75151884406586
277 11 19.05454617532877 74.0262847795495
277 12 10.527685220204626 83.8314424455247
277 13 23.038054096755193 92.06981752819516
278 6 15.474423045142577 68.62179973825904
278 7 15.464703152556632 70.19146413197844
278 9 15.657401707652184 71.8360839193445
278 10 16.592576747325847 73.21143822853321
278 11 18.15528518471831 73.98522227918725
278 12 9.05147456117321 83.58095048624233
278 13 22.57680051470457 88.98855139337351
279 6 15.486713381636196 67.68864645252464
279 7 15.469095796374878 69.25901532455266
279 9 15.46660293541068 70.85430535963448
279 10 15.959762454417767 72.43268167612638
279 11 17.24155533047633 73.68296664975323
279 12 7.5559807212962635 83.52822987647505
279 13 21.700299410499724 86.18447050289141
280 6 15.668005934373923 66.79608825686215
280 7 15.47298157695229 68.38097663172861
280 9 15.465805785119942 69.93791347912119
280 10 15.569159989453752 71.56499839212877
280 11 16.462946738848625 73.07545494244333
280 12 6.080984879791266 83.51233791078297
280 13 18.667449963563563 85.21214463994097
281 6 16.2105749682429 66.02288749114669
281 7 15.478986795583932 67.54436416164971
281 9 15.470306761182133 69.10184768599113
281 10 15.463455515347222 70.65722144586424
281 11 15.887713168690636 72.30021473772533
281 12 4.941493907502889 83.16347148242647
281 13 15.381347785722115 84.6548180924648
282 6 16.862285358174574 65.33398646212368
282 7 15.79935591789076 66.57828315747123
282 9 15.473517514947783 68.22680217007743
282 10 15.466418017860253 69.81185112804401
282 11 15.556304101630191 71.46136953183816
282 12 4.555223553858496 82.71947595047152
282 13 12.061421769830456 84.09173679407111
283 6 17.519577969862276 64.64707572489895
283 7 16.418496767650268 65.78781265771825
283 9 15.514354918223061 67.28544321426054
283 10 15.471137378900968 68.93221793678754
283 11 15.469963282996282 70.53573396044592
283 12 4.7202073766586805 82.07237135831173
283 13 8.716290815927724 83.5378846677253
284 6 18.17809354343433 63.95913804771222
284 7 17.083526674105045 65.09053329780015
284 9 15.987518478967287 66.31627866746729
284 10 15.485919806038227 67.96746215923312
284 11 15.4673114269543 69.6120992754619
284 12 5.54318750755807 81.53212668131104
284 13 5.51598643217217 83.40161941892343
285 6 18.83788339014227 63.270887350669646
285 7 17.74140043040687 64.4021352820482
285 9 16.640882214472466 65.56102796727468
285 10 15.595236369255112 66.96259737627435
285 11 15.472145872748825 68.66046379324287
285 12 6.778302980946991 81.44673310933946
285 13 4.624086714303287 82.1379113345659
286 6 19.531714923599324 62.87990285909505
286 7 18.324387510802286 63.71326424759265
286 9 17.30204669858309 64.88941464383736
286 10 16.175258104529526 66.05650941799782
286 11 15.482598558718612 67.67546327389026
286 12 8.0986222639994 81.44699202725748
286 13 6.440200928346976 81.44336379404572
287 6 20.16477793492689 62.43001661815609
287 7 18.780188813948126 63.025840616117904
287 9 17.98185622615918 64.33298928443676
287 10 16.7834712456137 65.3521872624808
287 11 15.731075421437898 66.70539286636898
287 12 9.473801226224083 81.4474794624685
287 13 7.834421707881577 81.44679761597575
288 6 20.429151240973546 61.57210975374704
288 7 19.393280297634604 62.90488078283907
288 9 18.428734594776945 63.89678793287347
288 10 17.240149646834325 64.68424931662182
288 11 16.314407772243392 65.92338840962574
288 12 10.887254497705303 81.44803065824242
288 13 9.187684577791579 81.44730537255084
289 6 20.475723518626186 61.24221494455317
289 7 20.02832089010478 62.604772008678516
289 9 18.700141967776144 63.286605474279106
289 10 17.602585202314852 64.19070862153859
289 11 16.970421655983486 65.48239130202927
289 12 12.327410836616995 81.44865232935163
289 13 10.58695552161141 81.44785998186495
290 7 20.476690811039344 61.2381316594884
290 9 19.60168638073206 62.866959342395646
290 10 18.145809844468822 63.66293410911313
290 11 17.658794364181233 65.11096928875226
290 12 13.786197256436125 81.44935627103308
290 13 12.025606995118947 81.4484748707375
290 14 1.2900788463030346 93.45151486206233
291 9 20.454647721689724 61.30036943470405
291 10 19.23927561194971 63.01567519494159
291 11 18.369089142862432 64.42188078846719
291 12 15.257981417357094 81.45016092667956
291 13 13.488846263003847 81.44916639385188
291 14 2.15308372419832 93.43495391694097
292 10 20.392171815088556 61.75123600771464
292 11 19.06829985819809 63.26011664833165
292 12 16.738833757362976 81.4510908123472
292 13 14.966306541891218 81.44995315998067
292 14 3.38551066124702 93.42689528217251
293 10 20.482947217070024 61.22661068904826
293 11 19.956133712073758 62.69303591809967
293 12 18.22601269224562 81.45218287767
293 13 16.45210523121976 81.45085839667155
293 14 4.875559076482088 93.42007800114845
294 11 20.48090983840733 61.252545170840314
294 12 19.717605443573117 81.45349331956419
294 13 17.94301480136353 81.45191642311674
294 14 6.5453410542401995 93.41413025475538
295 12 21.212236938076035 81.45611750723505
295 13 19.43718822906822 81.45466849213186
295 14 8.340520086024833 93.40941654032335
296 12 22.709267113903678 81.45740559585496
296 13 20.923499625117014 81.45409645989668
296 14 10.223185199169748 93.40605861447133
297 12 24.207586769548097 81.4600439010904
297 13 22.421990744413815 81.45139521804171
297 14 12.166887201536763 93.40394110866816
298 12 25.70694860465013 81.46433241844174
298 13 23.917292686708983 81.45874862779665
298 14 14.153172786902074 93.40288777801754
299 12 27.206977113607895 81.47229766848416
299 13 25.40982058160554 81.46053573221798
299 14 16.169167590864262 93.40274732699814
300 12 28.661435855424646 81.48645825635423
300 13 26.89173203286831 81.46908946125018
300 14 18.205889424083853 93.40361748742006
301 12 29.977035417394283 82.04037811911012
301 13 28.26353415337726 81.49561663703395
301 14 20.257068973603985 93.40705174844453
302 12 31.06077599166901 83.06442091190448
302 13 29.648187421200273 81.85190694915917
302 14 21.774013874243938 93.82673743690928
303 12 31.945554770183808 84.2693851544173
303 13 30.858039889288623 82.83138895385066
303 14 22.839532894282435 93.48353122515068
304 12 32.80985217843086 85.49230446686965
304 13 31.796051346502303 84.04988374191812
304 14 22.990530641574576 91.85802338458033
305 12 33.67496527017137 86.71622723606278
305 13 32.66107983546837 85.27104947847278
305 14 22.569246647210793 89.99860846579831
306 12 34.54063065599586 87.94086195693004
306 13 33.52564804750706 86.49119326417141
306 14 22.508412925356048 88.10821846431854
307 12 35.40674943499685 89.16594526688228
307 13 34.391845100248794 87.71339156748012
307 14 21.85201125622018 86.44345244077508
308 12 36.27320557674495 90.39132666136126
308 13 35.25894470110949 88.93710501781673
308 14 20.340545402006033 85.51102192094308
309 12 37.13895567174548 91.61758094381007
309 13 36.12605749259261 90.16192403340088
309 14 18.346015005171882 85.1591925521753
310 12 37.81105532512344 92.91582246992634
310 13 37.00021307418948 91.37624113260257
310 14 16.331417184554333 84.81729137257457
311 12 38.489366307597244 94.14274703529304
311 13 37.764628393854146 92.57506421027031
311 14 14.304560478657761 84.4732706091965
312 12 39.59753078054098 94.83616657180956
312 13 38.29569118116002 93.67252132902438
312 14 12.269148542530997 84.12778579869143
313 12 40.953288413311334 94.68585908615687
313 13 39.032655154678125 94.62221093808151
313 14 10.227774933454743 83.7812376924846
313 15 1.5402315628829515 91.67141565510602
314 12 41.89186521387253 93.6760347654096
314 13 40.43343694939863 94.84125183542899
314 14 8.163119324732175 83.5315113563708
314 15 3.2408635176152787 91.82422313555305
315 12 42.3543272669052 92.28582349738929
315 13 41.713137294304424 94.0575477146925
315 14 6.113362834251236 83.50446506069804
315 15 5.6689400372197865 92.04241657501662
316 12 42.685807970904854 90.8407955142259
316 13 42.2925385406195 92.55582846979487
316 14 4.7238236202435315 82.93432910564873
316 15 8.604542046905129 92.30617661934234
317 12 43.018113942173635 89.38999556096273
317 13 42.62686494923357 91.09836775678268
317 14 4.614561811782482 82.16597964249252
317 15 11.89422663856459 92.60179345005523
318 12 43.35101607165383 87.93517344300832
318 13 42.95776565227735 89.65385380859207
318 14 5.950225334976488 81.48668025897118
318 15 15.430941691892192 92.91968683890475
319 12 43.683640218092684 86.47737461977272
319 13 43.28347392084628 88.20145238454144
319 14 7.760907310987967 81.4548871511324
319 15 19.139686534542303 93.25661063372264
320 12 44.01670041371074 85.0176634471264
320 13 43.62264879601886 86.74672085756106
320 14 9.657212643506705 81.44756953930963
320 15 22.32977438545933 93.72695611513315
321 12 44.34830987092922 83.55621041606047
321 13 43.9552862188145 85.28808284309918
321 14 11.610473196583113 81.4483348489945
321 15 22.91897779065465 91.18637786338097
322 12 44.674596767111275 82.09273486457869
322 13 44.286552999089736 83.82935155864469
322 14 13.603426918894478 81.44926341019458
322 15 22.382260981495307 87.47211858459642
323 12 45.00900324507062 80.63137371886846
323 13 44.6051193151718 82.3798039476885
323 14 15.624073580263076 81.45037768939378
323 15 19.686326240219458 85.38934006706813
324 12 45.04396676170078 79.13351955681081
324 13 44.94621729039312 80.94895184643609
324 14 17.664040859361407 81.4517484226054
324 15 15.774098500370515 84.72465613005483
325 12 45.04198222088626 77.632689243207
325 13 45.039391471647974 79.41809762513647
325 14 19.717487504536784 81.45349271575026
325 15 11.815676488116917 84.05197216878486
326 12 45.039346147815145 76.13157336704998
326 13 45.04279672834156 77.91518157398303
326 14 21.780338009128922 81.45583930236602
326 15 7.78721280486175 83.5356098998571
327 12 45.03555579179672 74.63026007013185
327 13 45.03997302381761 76.40705107746659
327 14 23.849748183760823 81.4592712755317
327 15 4.689289595860066 82.89718993604986
328 12 45.02926156971167 73.12883147028995
328 13 45.036495467076094 74.90976457243248
328 14 25.923730280267485 81.46514923171448
328 15 6.26169046831773 81.45644242210706
329 12 45.01434822089516 71.6820384812538
329 13 45.02135110189989 73.43834871574097
329 14 27.94560878082851 81.49600666561916
329 15 10.014049307217325 81.45105866096677
330 12 44.837761625131506 70.45202026026938
330 13 45.0218558391258 72.14818828652201
330 14 29.826029971264155 81.94569917941615
330 15 13.87930777751959 81.44940398270289
331 12 43.59558492219557 69.8554222752287
331 13 45.01822234991841 71.01715924825311
331 14 31.290253915974695 83.34904627124511
331 15 17.822601253853442 81.45186839235573
332 12 42.130334806025886 69.85276498547553
332 13 44.11994511862568 69.95655713586878
332 14 32.49093664520473 85.0450134107705
332 15 21.820332095038207 81.45589632782426
333 12 40.65401145007089 69.85415815461123
333 13 42.425246864967 69.8519333462457
333 14 33.691788885438406 86.74331052866953
333 15 25.85060328430913 81.45800925427545
334 12 39.16999262972572 69.85588311357176
334 13 40.92679925397185 69.85382133888272
334 14 34.89357011701292 88.44264968253852
334 15 29.67883823879981 81.90765813013547
335 12 37.68060519947963 69.85805794932942
335 13 39.446379980030784 69.8554741587139
335 14 36.096090653482 90.14265134315441
335 15 32.36551984752618 84.83146244146675
335 16 2.3772354666923388 92.9382608396404
336 12 36.18746039242317 69.86749584061336
336 13 37.960725496894646 69.88036612939152
336 14 37.2975652557111 91.84421806557674
336 15 34.72158175276239 88.17626125308612
336 16 3.9974166989626827 92.98538756470136
337 12 34.69177353100974 69.86351089321998
337 13 36.485163581115835 69.8625086393934
337 14 38.21763785261023 93.6924845516645
337 15 37.08286782952582 91.52923726997629
337 16 6.31062549244902 93.05286520310047
338 12 33.200671575530166 69.9610488253316
338 13 34.97774000065032 69.86113198860136
338 14 39.68179507022261 94.84802157501927
338 15 38.36072856395415 93.84622335284806
338 16 9.107341143859427 93.1346222663635
339 12 31.719454402591897 70.19024008760442
339 13 33.476573849312615 69.91644853484215
339 14 41.49724202281224 94.31336746137586
339 15 39.759484278735535 94.87783785643315
339 16 12.241358196682242 93.22735530199365
340 12 30.237390681012577 70.41976423055276
340 13 31.98879227951158 70.14528184541538
340 14 42.31580009667828 92.45210154119164
340 15 41.651507247283824 94.17406741616558
340 16 15.610552562675544 93.33261056167068
341 12 28.739989252445344 70.47316856223063
341 13 30.511795951178925 70.40959072518663
341 14 42.77982897183321 90.433726960874
341 15 42.381073746693296 92.17320027171067
341 16 19.144901238670016 93.40004869159534
342 12 27.260436719282115 70.48650260333307
342 13 29.036564582805756 70.4686524667432
342 14 43.24223724039646 88.41077477879892
342 15 42.841110557741395 90.16318686816831
342 16 22.091306821255195 93.84775817491877
343 12 25.936634977629843 71.01666360922405
343 13 27.654857935618942 70.48340615359302
343 14 43.70513149205284 86.38501016731927
343 15 43.30155382457278 88.1517498354311
343 16 22.900691879424908 91.43925102333603
344 12 24.69447353825072 71.84288691275445
344 13 26.18561850934775 70.84886992885406
344 14 44.16680310970271 84.35692755566198
344 15 43.76297211730068 86.13175307759766
344 16 22.527172946094634 87.96882906027014
345 12 23.663359917416667 72.83625888151165
345 13 24.920159449125663 71.64857092369017
345 14 44.621261755276535 82.32588332179593
345 15 44.223382952860426 84.10825991632835
345 16 20.472052130357017 85.48397830236038
346 12 22.5795129119434 73.68018579855969
346 13 23.9300234678943 72.47333132503421
346 14 45.03596760921078 80.31253659951813
346 15 44.67117003706078 82.11410144021471
346 16 16.75920578636856 84.86249756573176
347 12 21.162633346532584 74.03378734672715
347 13 22.937195304726853 73.48114018042449
347 14 45.0428339272088 78.2297546661444
347 15 45.04539309852035 80.0681218848207
347 16 13.001730369143564 84.23351484154249
348 12 19.676459732893147 74.02708388835099
348 13 21.50293946284931 74.01461021272065
348 14 45.03937702987495 76.14634750368717
348 15 45.04251434033412 77.96856643272118
348 16 9.213150118592113 83.59910822875038
349 12 18.216108855361693 73.99245651430402
349 13 19.97341511139792 74.01135588563187
349 14 45.03360434887299 74.06259961020987
349 15 45.03889188522098 75.88945236998626
349 16 5.572659997128185 83.44624358992588
350 12 16.86379638804127 73.49180420605342
350 13 18.58810308138792 74.02176012694981
350 14 45.019857823230744 71.98203388584908
350 15 45.03274350116718 73.81593648551849
350 16 4.9352930267567485 81.8524539742274
351 12 15.933525436240295 72.38173597878173
351 13 17.236111713489993 73.68710598782
351 14 44.674092907714524 70.2655678880099
351 15 45.00303217786169 71.98182377128535
351 16 8.254021813881122 81.44705238018167
352 12 15.471676799762584 71.01402280910426
352 13 16.13984769733035 72.76319111712226
352 14 42.760246715735214 69.85231974497124
352 15 44.78431534371117 70.39673933618282
352 16 11.888894084185955 81.44845570005785
353 12 15.468117464465966 69.52882864253957
353 13 15.542240005549807 71.36752709899534
353 14 40.711650093314724 69.85409796441611
353 15 42.553019537540166 69.85249411803721
353 16 15.608211026784293 81.45036905363989
354 12 15.481085034446265 68.04272115807888
354 13 15.483287583657486 69.81012729753202
354 14 38.652183496148446 69.85658277188351
354 15 40.4628055035689 69.85432203647085
354 16 19.386442611970903 81.45318014963424
355 12 15.750769237809875 66.66658364296975
355 13 15.487794240326833 68.39945281448531
355 14 36.58513397888476 69.85998331982454
355 15 38.40366284663651 69.85689944979991
355 16 23.20577582902785 81.45804101990376
356 12 16.686822926892624 65.5173657825668
356 13 15.603140170639564 67.0375858190917
356 14 34.51279376155115 69.86375327630985
356 15 36.33824293241882 69.86041933551726
356 16 27.05374733661563 81.47105079483659
357 12 17.717495726743763 64.44024396270758
357 13 16.4958225138255 65.71845671681132
357 14 32.45214629061341 70.07705702124717
357 15 34.27163493174982 69.86052167059643
357 16 30.52316393611509 82.41979420597107
357 17 1.6387605914927736 93.44378386218501
358 12 18.750817606217645 63.361061738083706
358 13 17.535613394230673 64.63198160732253
358 14 30.397977765083258 70.3948852997155
358 15 32.19949095042461 70.11456007035468
358 16 32.85683127592361 85.56089709247766
358 17 2.8611933397523344 93.43061334656906
359 12 19.816321244871403 62.74362389790961
359 13 18.42804477334957 63.59034296836112
359 14 28.361356486055623 70.49748839952537
359 15 30.2122271826867 70.45884866432134
359 16 35.11866512140565 88.75986325810463
359 17 4.606616781720777 93.42166649689119
360 12 20.431631400672167 61.55845031799874
360 13 19.296940154055623 62.96484750449573
360 14 26.460124123725596 70.67147867207387
360 15 28.260754972338848 70.49117503359146
360 16 37.37850327047407 91.95889645693676
360 17 6.716886123954635 93.41391057050996
361 12 20.480226197403496 61.23197313083104
361 13 19.946469871946196 62.68944619545071
361 14 24.726884682405426 71.82106094853063
361 15 26.263528837317654 70.79951009658147
361 16 39.3779752535406 94.85434918474382
361 17 9.081700709517335 93.40808021886242
362 13 20.473453014957343 61.24918727292855
362 14 23.293143902409014 73.16941302599078
362 15 24.520603534434958 71.87009081821627
362 16 42.20779808179523 93.06998597047476
362 17 11.624105248013574 93.40448483608856
363 14 21.586695029086272 73.98207688210424
363 15 23.307377528628898 73.23847738773945
363 16 43.04718258260671 89.26312056358093
363 17 14.290408915420732 93.40287671580425
364 14 19.55945039991967 74.01597968970056
364 15 21.42182728532984 74.03651284595503
364 16 43.91651281006708 85.4578877914545
364 17 17.04315310448545 93.4029763956687
365 14 17.629294308376593 73.88880925322302
365 15 19.437177126924457 74.02494281162521
365 16 44.777261619344934 81.64253751573949
365 17 19.856202551861774 93.40591674040952
366 14 16.09741080933748 72.66632327780793
366 15 17.564845535020556 73.80631094676174
366 16 45.042210869406155 77.78718932751858
366 17 22.09720586956079 93.8974176978373
367 14 15.463757149082905 70.77245451263184
367 15 16.049826605703338 72.56780424332004
367 16 45.03286909197739 73.87680820222462
367 17 23.107544100365214 92.40958648972969
368 14 15.473730442668312 68.69999873934707
368 15 15.473706216402565 70.54138006795077
368 16 44.77131984909835 70.47661083474839
368 17 22.532935924378055 89.76966861588386
369 14 15.715956850182154 66.71695742495368
369 15 15.491966693590767 68.50353809930765
369 16 41.28973378992379 69.85352305068307
369 17 22.249776682540624 87.14419710777621
370 14 17.04572015593504 65.14225466542254
370 15 15.815193361718848 66.58909121420096
370 16 37.43262209394921 69.85847912186986
370 17 20.45867546870473 85.53073750729195
371 14 18.478473598391417 63.64562358617576
371 15 17.22564871927993 64.95068750391991
371 16 33.59921976734345 69.76628422743268
371 17 17.675930248415757 85.04423057536752
372 14 20.01142110074292 62.58216719645913
372 15 18.528950878876124 63.485448855566744
372 16 29.76994636698393 70.43024530944535
372 17 14.852700327944948 84.56532103326056
373 14 20.475677843597524 61.24221435344688
373 15 19.770976291505164 62.7408155215197
373 16 26.153332383838116 70.83169446148491
373 17 12.003044976591688 84.08191874264503
374 15 20.47870105191328 61.23466385466188
374 16 23.19318245091846 73.28941283567747
374 17 9.13497563850959 83.5952499652119
375 16 19.69630161614573 74.02297206607055
375 17 6.2541438554643145 83.50971878617155
376 16 16.347147305052808 72.96360274986776
376 17 4.57424557311109 82.75391361611416
377 16 15.468679655432297 69.42647485446786
377 17 5.70189352243813 81.51540697628297
378 16 16.317204022112023 65.91267745229503
378 17 8.308227111643493 81.44706675475247
379 16 18.999254626810618 63.10537171631936
379 17 11.023047611876002 81.44852383772101
379 18 1.9534783520422927 92.26550141632917
380 16 20.480255761518738 61.243670058197495
380 17 13.80964189042544 81.44936888679487
380 18 2.6749137204685356 92.3102474179818
381 17 16.64626627802795 81.45170512236142
381 18 3.7049424097759616 92.37416054156746
382 17 19.516035052235956 81.46761409871627
382 18 4.950268171137602 92.45145274489502
383 17 22.407373235345762 81.4738663154502
383 18 6.3458037582631235 92.53805048852466
384 17 25.308910009589933 81.46707502971216
384 18 7.846136931979899 92.63114468750118
385 17 28.14150986604902 81.53089962686343
385 18 9.419584176446765 92.72878297434487
386 17 30.687194244249927 82.5451120204481
386 18 11.044041121540902 92.8295956760079
387 17 32.40756171849357 84.9214301629685
387 18 12.704083699982602 92.93266539160284
388 17 34.10407026242437 87.32229079694086
388 18 14.388951532870058 93.03734241863688
389 17 35.80313280172614 89.72595500050872
389 18 16.091115797654393 93.14351808499329
390 17 37.501259797923545 92.13349168674824
390 18 17.80524562090094 93.2523466288278
391 17 38.906911592768324 94.53806617876461
391 18 19.52752317855158 93.36591699607567
392 17 41.39965499995088 94.40230376895867
392 18 21.178033674212312 93.49854679723515
393 17 42.46709935200217 91.79506445485652
393 18 22.16133051891198 93.88013712431805
394 17 43.113249839832136 88.97436180163817
394 18 22.93668877129276 93.34307430835707
395 17 43.76185580935571 86.13608892512039
395 18 23.077265965146385 92.0243374360229
396 17 44.38041701335164 83.29694020432969
396 18 22.716933207081713 90.49927931775463
397 17 45.070092372665876 80.47603642969075
397 18 22.522768359979697 88.89181643097439
398 17 45.041850175538805 77.51921112534187
398 18 22.302624835476454 87.34487156405113
399 17 45.03533503241772 74.57671068161417
399 18 21.576999000851266 86.08511991241723
400 17 45.01984628132142 71.67787684010466
400 18 20.17744187871268 85.47275055542293
401 17 43.78610321857778 69.85662590780404
401 18 18.510882811612973 85.18555812797676
402 17 40.85370827270462 69.74029800641843
402 18 16.827313428588305 84.9000479701701
402 19 2.165456495992854 91.57737626916287
403 17 37.89143578704827 69.8569502889658
403 18 15.132437706552833 84.6126449021773
403 19 3.209710825078981 91.67912580703496
404 17 34.994631576052754 69.83770488538482
404 18 13.429691672425928 84.3238160070763
404 19 4.700645347834238 91.82439523580197
405 17 32.066056325462554 70.0260286532399
405 18 11.721447588506512 84.03403429873225
405 19 6.503218576995684 92.00002655813161
406 17 29.21513392160083 70.2829224592263
406 18 10.009390690438233 83.74345204177507
406 19 8.52321443625063 92.19684448829386
407 17 26.56820445448391 70.63085928681426
407 18 8.274067898126514 83.51853390858234
407 19 10.694899799516977 92.40845392960806
408 17 24.10709698945596 72.2376379468648
408 18 6.593103316912212 83.50642307575637
408 19 12.972411953018709 92.63041848614367
409 17 21.909553308188414 73.91431026322209
409 18 5.129743969544037 83.32710277202882
409 19 15.323758455350127 92.85959211153917
410 17 19.016986249822654 74.02080151569682
410 18 4.554320332852741 82.71739258580614
410 19 17.726586089624906 93.09411649386686
411 17 16.51112538584411 73.1305439702091
411 18 4.868962151445794 81.91370283086454
411 19 20.164345960643647 93.34208166419766
412 17 15.458013719756385 70.6528412386726
412 18 6.026488276241498 81.46017697683497
412 19 21.907075541838548 93.86216859175178
413 17 15.506943216417826 67.78046038573643
413 18 7.519776571496665 81.44684363663724
413 19 23.106161279789017 93.10584512555043
414 17 16.816320643519987 65.38525048050239
414 18 9.089487724267551 81.44733864300657
414 19 22.77436878806711 90.90148115417368
415 17 18.844753389074896 63.2642552980772
415 18 10.712351686485627 81.44795960220561
415 19 22.51555864323498 88.61586114468749
416 17 20.425417389188173 61.515314324897325
416 18 12.372299097926588 81.4486726855824
416 19 21.96966182793922 86.5199401657516
417 17 20.4850896461552 61.22350689928383
417 18 14.058118729836893 81.44949698572304
417 19 20.062231566350505 85.44898560375245
418 18 15.761988758734905 81.45046699815693
418 19 17.655964319346676 85.04014495036712
419 18 17.478437974785532 81.45255392731636
419 19 15.221838219567786 84.62751451665163
420 18 19.201782570333748 81.45972712556541
420 19 12.76843853285171 84.21130370120197
421 18 20.9309801277073 81.45305298851585
421 19 10.301555139194702 83.79281298377519
422 18 22.702773616478012 81.45908427963165
422 19 7.824146950589545 83.51090360213824
423 18 24.441407247590856 81.46059201263901
423 19 5.514389037515769 83.39827537907453
424 18 26.182119529344867 81.46623236074653
424 19 4.508106242726878 82.60031846894732
424 20 1.4261940400897968 92.45795099242397
425 18 27.922067445926725 81.47919025897238
425 19 5.687286952719811 81.5302074566708
425 20 3.0155165648417532 92.5391667071016
426 18 29.51950052982193 81.70508871733551
426 19 7.906412978289128 81.45242883867235
426 20 5.2846725257610245 92.65513143277859
427 18 30.817412657297126 82.77876940892362
427 19 10.228500361063338 81.44776807158235
427 20 8.02813471136708 92.7952901288472
428 18 31.865141223256707 84.1621688359468
428 19 12.614578026683846 81.44878620637643
428 20 11.102499909285902 92.95250875523604
429 18 32.86957391228464 85.58243972421941
429 19 15.045260945240507 81.45055183632327
429 20 14.407722546650389 93.12174954086036
430 18 33.875076206804636 87.00416471296145
430 19 17.50400441285371 81.44248926765736
430 20 17.873713910171375 93.30497451307821
431 18 34.88141797814735 88.42683824681828
431 19 20.057763585587725 81.41128424401055
431 20 21.270187190922893 93.5633001317426
432 18 35.88844201139621 89.850105218507
432 19 22.555320434829856 81.45695716148346
432 20 23.07307513860371 93.0839882354568
433 18 36.89547404992804 91.27411716967832
433 19 25.062431102303947 81.47194867403297
433 20 22.53151132463436 89.6863833605402
434 18 37.83547215609945 92.73905550454165
434 19 27.576523596017264 81.47533607736771
434 20 21.876595357950222 86.39142831672636
435 18 38.53961754560169 94.18176848464432
435 19 29.88987231170734 81.93330887392702
435 20 18.611483923365075 85.20386573399264
436 18 39.72986571301499 94.90295387501303
436 19 31.590016608943944 83.76873401113863
436 20 14.96017655072217 84.58425846850788
437 18 41.25109850860554 94.51328110996224
437 19 33.04480756745526 85.82665464158632
437 20 11.2673010797835 83.9574914092402
438 18 42.17824939458337 93.30580232331035
438 19 34.50207393097039 87.88781537626106
438 20 7.534099487339946 83.55806430022709
439 18 42.5097237478515 91.6419292992727
439 19 35.961248115988994 89.95110880218016
439 20 4.671115592911616 82.87157320634496
440 18 42.884796964089034 89.97219147127652
440 19 37.4195797692569 92.01742399462309
440 20 6.109310910485218 81.46486516960951
441 18 43.2689573606896 88.29389942832178
441 19 38.5258220913293 94.10373551031824
441 20 9.591448994221624 81.44851563403179
442 18 43.65416068558236 86.60845621302751
442 19 40.291905435781764 94.80384723787915
442 20 13.183578338689607 81.44905597045559
443 18 44.039416262804004 84.91786982123124
443 19 42.00811169394871 93.52637159822024
443 20 16.851559651280244 81.45116837689308
444 18 44.411965983158574 83.2223881914166
444 19 42.61867638221849 91.12020022556918
444 20 20.566332193198935 81.455778640694
445 18 44.876448171993594 81.61531246256924
445 19 43.17989124523509 88.68321591254258
445 20 24.382267124733033 81.28844829048997
446 18 45.045711604896 79.90143167289284
446 19 43.739254719144924 86.23561797858945
446 20 28.087711101142702 81.41592093725257
446 21 1.482432794955581 91.57577769205865
447 18 45.04273787553118 78.1587463193574
447 19 44.29740192648394 83.7805971592504
447 20 31.15331170059476 83.20931952929287
447 21 3.2748418208993315 91.74475409396557
448 18 45.03991217080158 76.41520210496222
448 19 44.85291891912175 81.3650393848512
448 20 33.37704237236758 86.29799355731171
448 21 5.833957855348105 91.98598147754788
449 18 45.03459915698723 74.67111171997259
449 19 45.05393488445206 78.93752927008269
449 20 35.58266748242362 89.41650483587382
449 21 8.927984571840815 92.27764478017038
450 18 45.045352494472866 72.90437668526
450 19 45.043637862485454 76.44362495104569
450 20 37.71895281146221 92.59666814077723
450 21 12.395206062589626 92.60449316288225
451 18 45.00623915449483 71.22601407072862
451 19 45.033019770771226 73.91379626799711
451 20 39.89825265166143 94.81959336566374
451 21 16.122779143828154 92.95607560752354
452 18 44.44018167547963 70.14392435963018
452 19 45.00110355812199 71.80432244672143
452 20 42.29820730703344 92.63551583583249
452 21 20.031056999862123 93.33448740212631
453 18 42.85338820880033 69.8520520396161
453 19 44.894236248799174 70.5600531429591
453 20 43.12194967677142 88.9363881390043
453 21 22.793411701178435 93.51469275346882
454 18 41.16559547598494 69.85364259056696
454 19 43.27720835117067 69.7666475538058
454 20 43.94860925378351 85.22190911907309
454 21 22.55201988989902 89.9145468754679
455 18 39.46034923184617 69.85551429064863
455 19 41.36413235820267 69.85334558424215
455 20 44.79076225107548 81.55399851283251
455 21 21.745130418670364 86.27420327707836
456 18 37.74292660303313 69.85795807010584
456 19 39.64894735224089 69.85526842233935
456 20 45.003478868145 77.7357802993281
456 21 18.072546177156166 85.11771945887502
457 18 36.01700935755763 69.86106904544971
457 19 37.939900322748834 69.85763085039895
457 20 45.05034411876349 73.73422434425508
457 21 13.96582058744016 84.41916785193956
458 18 34.28516476125869 69.8641034363437
458 19 36.21939570915645 69.86067336313145
458 20 44.725452802138484 70.3199380812993
458 21 9.804899614354923 83.71123981238209
459 18 32.56323439930129 70.05971657050952
459 19 34.49452895293454 69.86168760859903
459 20 41.14828803098687 69.85887868996949
459 21 5.73305027904166 83.43288447923798
460 18 30.844829871478982 70.32569862444649
460 19 32.758353272613846 70.02785540647751
460 20 37.35921183287597 69.85859412842439
460 21 4.984477261566969 81.80171924022208
461 18 29.13479799990614 70.46608550602313
461 19 31.05205137804829 70.30338332413795
461 20 33.51996587141988 69.91489214929153
461 21 8.727950535965217 81.44719001327275
462 18 27.46472339335009 70.51779041641616
462 19 29.381556573816756 70.48480102129201
462 20 30.971005478052707 70.31800332883225
462 21 12.758066172278527 81.4488513340976
463 18 25.924146002385925 71.02728577583814
463 19 27.770853569249304 70.49758983220308
463 20 29.41196638687886 70.48404322862488
463 21 16.884176159643545 81.45119026262755
464 18 24.47482973167394 71.99079943885677
464 19 26.10102354057056 70.90477449956356
464 20 27.8167935446596 70.49491836479842
464 21 21.07725831843804 81.45495091599676
465 18 23.30115773133525 73.12599261636596
465 19 24.652570446807612 71.81846531910666
465 20 26.118344407288074 70.89608784479907
465 21 25.31650087374069 81.48243282879461
466 18 21.870347645494437 73.92154003198549
466 19 23.61360299272813 72.90706807527495
466 20 24.790511640466608 71.72206849039272
466 21 29.443080897210027 81.79641100734632
467 18 20.163861681178876 74.03002370289806
467 19 22.166062699840918 73.8168065323429
467 20 23.739971168080885 72.79291088963018
467 21 32.347121693772166 84.83678816835354
468 18 18.44797960736273 74.01340833985726
468 19 20.38698530221156 74.01704543352724
468 20 22.244255706079347 73.80400407312182
468 21 34.83249668987783 88.35327604667997
468 22 1.6526719556039984 92.9750631527641
469 18 16.890387139449725 73.53876616066245
469 19 18.7104708323811 74.00781600627346
469 20 20.485048655531873 74.02082054510326
469 21 37.32411511518267 91.88071566833418
469 22 3.5085889006242374 93.02384040767903
470 18 15.831853671215026 72.21242431334214
470 19 17.167306552502495 73.64344808499231
470 20 18.901393902910364 74.01011280662043
470 21 39.7364313092677 94.86550462825218
470 22 6.15837358282227 93.09356264376314
471 18 15.463794526650998 70.57412527804323
471 19 15.98570855345317 72.47070401669635
471 20 17.32466120670345 73.71486000942615
471 21 42.23837711142456 92.7956192041677
471 22 9.362007127805308 93.17842255125753
472 18 15.472529954012161 68.84539487803968
472 19 15.468117806981647 70.807987197602
472 20 16.061461248897533 72.58854548063428
472 21 43.209224132193846 88.55496550415418
472 22 12.95199349704087 93.2758600924395
473 18 15.55232497294396 67.16696653453081
473 19 15.470283438548666 69.07660033264737
473 20 15.461150407089052 70.87577736452319
473 21 44.17649424118345 84.31433774229903
473 22 16.81161475964554 93.37797739851594
474 18 16.468351728407335 65.74648468698906
474 19 15.48737729637251 67.50291491069184
474 20 15.47680678448698 69.22327901332423
474 21 45.04280170674426 80.1772622422097
474 22 20.860611934260902 93.40989668533354
475 18 17.664197819288628 64.49651054935802
475 19 16.30738263719054 65.9110323452233
475 20 15.482480518213292 67.61477311364614
475 21 45.038688055395646 75.82873786497164
475 22 23.146693877597727 92.56325641734327
476 18 18.86406737769924 63.2438403615752
476 19 17.528520793306804 64.63536221489665
476 20 16.277156672557943 65.94106963891899
476 21 45.01315665953129 71.52685897089036
476 22 22.5156604454997 88.59854096716758
477 18 20.04727827440648 62.58060121455643
477 19 18.527763964376593 63.4897198101207
477 20 17.437358641371947 64.75031446538357
477 21 42.41569426296167 69.8561392273335
477 22 20.47798494807519 85.5373738690376
478 18 20.467781394973507 61.262753756593305
478 19 19.533318752687762 62.89715741627933
478 20 18.30396422994931 63.81548240573001
478 21 38.15714583023434 69.86184030594421
478 22 16.263411059607673 84.80548157243874
479 19 20.453490028680218 61.37885521313508
479 20 19.337124349506944 62.94514292229612
479 21 33.89226741547033 69.87544481662155
479 22 11.984577290938937 84.07929651932973
480 20 20.459528932950374 61.29973687166052
480 21 29.644921255948468 70.38945354885061
480 22 7.700471819375049 83.52385210644172
481 21 25.6364993965148 71.21598701631841
481 22 4.578415945192139 82.76019949411675
482 21 22.409437678974484 73.70897155550043
482 22 7.144715000428266 81.4470585848587
483 21 18.332241323836094 74.03955969898452
483 22 11.263919345987295 81.44818708884648
484 21 15.533509318924066 71.40727910715354
484 22 15.493215732450908 81.45029956438519
485 21 15.550354749762505 67.227394096319
485 22 19.799320167822255 81.45357295793775
486 21 18.20639564725659 63.93034963851228
486 22 24.16011758807764 81.46107163210853
487 21 20.464050364085303 61.269592258458694
487 22 28.440784450319384 81.52527425493722
488 22 31.71074887697692 83.91623064583088
489 22 34.26964812649621 87.5443128904058
490 22 36.83659389558778 91.18287115046543
490 23 2.7087719993994264 92.06182050550753
491 22 39.07239349718182 94.55926058789761
491 23 5.113466857663065 92.24229430378429
492 22 42.14282246544522 93.12624908203544
492 23 8.54677422899034 92.49993428378382
493 22 43.14029643082492 88.82019048869044
493 23 12.697715624858679 92.81147224245284
494 22 44.14384392305013 84.49279878325703
494 23 17.349260992765874 93.16157345211242
495 22 45.038345808343735 80.23346088549339
495 23 21.828341642175815 93.82227010602257
496 22 45.035808634515895 75.77203901515217
496 23 22.67727678722617 90.48547090863111
497 22 45.0371130278538 71.425967665186
497 23 21.4263470981124 85.87805318846323
498 22 41.90138133134428 69.82415639055135
498 23 16.201024414701656 84.79408560626536
499 22 37.31300631265745 69.85503367517447
499 23 10.777828612464292 83.87410019934184
500 22 32.8033797995397 70.02316265029705
500 23 5.425556820089306 83.41184001167731
501 22 28.376426248490876 70.47356729891801
501 23 6.606832650885702 81.45062791665208
502 22 24.438128441981775 72.00827606208757
502 23 11.956313521886798 81.44947798480257
503 22 20.949837948676535 74.03548252655786
503 23 17.44903617409016 81.45159191108574
504 22 16.760466426984568 73.43529630484831
504 23 23.0417186071594 81.45775173104606
505 22 15.474135759973427 69.49718436847235
505 23 28.646618441797898 81.48339167862805
506 22 16.64995526827734 65.56003609069916
506 23 32.64030285952973 85.25240361268682
507 22 19.759317836602893 62.7805572033196
507 23 35.951310707694894 89.93636432539768
508 22 20.484789646303565 61.223737575825126
508 23 38.873761875962046 94.51170945073625
509 23 42.41534927260346 92.0470017730828
510 23 43.68833920780197 86.47647219468284
511 23 44.92718088494717 80.8594864113913
512 23 45.02925672908673 75.05276189393906
513 23 44.29904638966039 70.07275033229145
513 24 2.2683001209023947 93.10340622027714
514 23 38.62559851448501 69.86851729809275
514 24 3.6731450617536714 93.13256146441206
515 23 32.95975763377401 69.83500767248951
515 24 5.678912167046519 93.17425061085954
516 23 27.274986505576976 70.52630334532762
516 24 8.10391717264962 93.22522228145748
517 23 22.72248658795089 73.58650385673648
517 24 10.821390066421865 93.2838121564159
518 23 17.258980163676636 73.67299105190409
518 24 13.742867806343542 93.34962559925877
519 23 15.492658242821953 68.83126053887854
519 24 16.807170333341872 93.39240412473386
520 23 18.050394924671693 64.08961577133702
520 24 19.97111801005117 93.40576164253966
521 23 20.48185179938058 61.22882447774398
521 24 22.319357434109822 93.84565507618771
522 24 22.984220127014105 91.77917369656035
523 24 22.524686324691917 88.72984918484464
524 24 21.55669129311439 86.06100523553887
525 24 18.630046919754907 85.20946967025768
526 24 15.417758812448751 84.66389930340345
527 24 12.16522608686741 84.11159187180431
528 24 8.88382066978075 83.55993708003547
529 24 5.665792646235621 83.4764841262238
530 24 4.550860988192184 82.27135141459861
531 24 7.038829712920026 81.45224949514876
532 24 10.11147640945878 81.44768313332041
533 24 13.277524998843873 81.4458491111316
534 24 16.512985256698748 81.44989420871227
535 24 19.810443553979816 81.45209682509969
535 25 2.4734554114477643 93.43813249878376
536 24 23.145691450805533 81.21772820838616
536 25 4.74512668385203 93.42304620277606
537 24 26.555890043253093 81.47853312221416
537 25 7.988563008378973 93.41136655127407
538 24 29.613118262720338 81.83600211867301
538 25 11.909969024375851 93.40450108980485
539 24 31.904980878300186 84.19988638269344
539 25 16.304373839407617 93.4028092532232
540 24 33.84909168613292 86.95382903891482
540 25 21.028719359427985 93.41237483569614
541 24 35.79739807443159 89.71303980145548
541 25 23.020172576144066 91.94808926471262
542 24 37.719111091928184 92.49446050667464
542 25 22.298849482356992 87.27514872031787
543 24 39.53114504794969 94.86990163531975
543 25 18.414483614540504 85.16886118858619
544 24 41.94969687707445 93.50075615403306
544 25 13.322773324009885 84.30541009008964
545 24 42.80435300495651 90.31850864336725
545 25 8.155798063474592 83.55990203105738
546 24 43.55181798074668 87.056618715341
546 25 4.507006792127646 82.56550567793838
547 24 44.28709535392396 83.77385757373385
547 25 8.551092966181404 81.45475393289601
548 24 45.06014204561629 80.51307303794098
548 25 13.641900920730755 81.44993983953754
549 24 45.04059993862319 77.13170495419718
549 25 18.848332404107296 81.45147865869829
550 24 45.0164110422183 73.76964384066476
550 25 24.213301932762132 81.45749201762258
551 24 44.91095352913726 70.63636855822706
551 25 29.337795551426147 81.71354349320178
552 24 42.13578897020263 69.70028568827335
552 25 32.85861882945859 85.54352727186398
553 24 38.81747519148128 69.85263251629809
553 25 35.97893562441611 89.96690010419037
554 24 35.430597968452425 69.86219032567435
554 25 38.793910889462424 94.49653350234657
555 24 32.09054102129242 70.13286674051767
555 25 42.37049643698497 92.48504501903568
556 24 28.745164298405093 70.49617874586289
556 25 43.51653681471451 87.19541479938108
557 24 25.669627883574574 71.19488126906306
557 25 44.732628550945535 81.85204193379094
558 24 23.170708405363857 73.23511683140248
558 25 45.02693921119437 76.4750370690828
559 24 20.1957596672028 74.03019059812725
559 25 45.03584946924563 71.13981893160496
560 24 17.032474489679043 73.62409727865919
560 25 40.67862727070314 69.854133199027
561 24 15.480441849473921 70.95915440647717
561 25 35.272869023389426 69.86248293850717
562 24 15.498282853384833 67.6902421655912
562 25 29.873234800554908 70.46236405728357
563 24 17.200894093254014 64.98437096136782
563 25 24.90097644008413 71.71416900637419
564 24 19.624667798395507 62.85463179084675
564 25 20.49033251056732 74.09116778865278
565 24 20.481029768302115 61.23046188390573
565 25 16.000016098074553 72.50883998483656
566 25 15.520026137536657 67.32556601678658
567 25 18.92454793292241 63.18296198881163
568 25 20.484717116461876 61.22439975737466
