timeStep pedestrianId velocity-PID3
1 1 0.0
2 1 0.5566730362170751
3 1 1.4388320578604286
4 1 2.0542932286827447
5 1 2.4836858901490055
6 1 2.783262994468555
7 1 2.9922708945025036
8 1 3.138090726431868
9 1 3.2398256708731457
10 1 3.3107926406237445
11 1 2.0851413545970052
12 1 2.7084669303761215
13 1 3.192203846842852
14 1 2.930736248554579
15 1 3.1872911480577666
16 1 3.3535247409773823
17 1 3.390129158227133
18 1 3.4156667597304162
19 1 3.3973471003253626
20 1 2.371808872499249
21 1 1.8377647582276624
22 1 3.071725131767581
23 1 3.196863141774251
24 1 3.2780509293391638
24 2 0.0
25 1 3.339247822198415
25 2 0.7322399491526015
26 1 3.426910078705282
26 2 1.0454561336252226
27 1 3.40047943840869
27 2 1.2639796501126344
28 1 3.4288073363058107
28 2 1.4164383341878826
29 1 3.2074927149590344
29 2 1.5228051487072976
30 1 3.3858559263528956
30 2 1.59701475663948
31 1 3.455279033207981
31 2 1.6487890820956612
32 1 3.46112058420969
32 2 1.684910834184888
33 1 3.465195807720354
33 2 1.7101119530915312
34 1 3.31241671786774
34 2 1.7276942719972952
35 1 2.711860571003411
35 2 1.7399610463192003
36 1 3.078193514501429
36 2 1.7485191728243052
37 1 3.4017305473002124
37 2 1.7544855747414443
38 1 3.4216015296009914
38 2 1.758336244783472
39 1 3.429335381960528
39 2 1.1772537456531054
40 1 3.283015593163497
40 2 0.9654655560228768
41 1 3.4575503898333753
41 2 1.1369364710848167
42 1 3.450384082943547
42 2 1.5313930683752823
43 1 3.365777449863964
43 2 1.6059538657504628
44 1 2.7679916818330437
44 2 1.64752854576143
45 1 3.4204482128921163
45 2 1.5720659040381577
46 1 3.437050166034645
46 2 1.485465202588141
46 3 0.0
47 1 3.445900406009064
47 2 1.5551858675810117
47 3 1.4819366499040934
48 1 3.456153631555209
48 2 1.7202194507533153
48 3 2.11583636518998
49 1 3.3289317292985046
49 2 1.7348250594376835
49 3 2.5580926926320218
50 1 3.3047018702341204
50 2 1.7449360291021638
50 3 2.8666447395698222
51 1 3.2823123127550025
51 2 1.7519902123866649
51 3 3.081914155383657
52 1 3.275402494692426
52 2 1.7569117481558574
52 3 3.2321020761821004
53 1 3.1599696972446547
53 2 1.7603453851764224
53 3 3.3368281769909465
54 1 3.1530490709138386
54 2 1.7627409476923528
54 3 3.3834708214302083
55 1 3.4406389026224917
55 2 1.7596997390915259
55 3 1.9735884566626418
56 1 3.223616997930117
56 2 1.7513329948469443
56 3 3.0427764726883257
57 1 3.451434781218637
57 2 1.4360812943796541
57 3 3.1723219415239097
58 1 2.705594531432429
58 2 0.7406882521842794
58 3 2.957506463515506
59 1 0.2612075787779223
59 2 0.8509664102271924
59 3 3.427656655579745
60 2 1.194225618854158
60 3 3.4737813760531076
61 2 1.4845135110648988
61 3 3.505499153884777
62 2 1.572322749579267
62 3 3.5269065509266952
63 2 1.631746654177631
63 3 3.349514665628313
64 2 1.673188876212434
64 3 1.7486953344841083
65 2 1.7019339305517511
65 3 2.6722128491536474
66 2 1.7219886694513882
66 3 3.2337487877615967
67 2 1.7359803861987566
67 3 3.338470977657311
68 2 1.7457420736707
68 3 3.405352243593273
68 4 0.0
69 2 1.752552572898961
69 3 2.0912230881073515
69 4 1.2713018632250779
70 2 1.7573039424673533
70 3 1.7001961642830163
70 4 1.815102205215585
71 2 1.7606191571047065
71 3 1.713362179767294
71 4 2.1944987822604447
72 2 1.762939451787876
72 3 1.7357948866330268
72 4 2.4591948165448754
73 2 1.7645453952137213
73 3 1.7415493472217374
73 4 2.6438669648510595
74 2 1.7583012712573
74 3 1.7552124799672029
74 4 2.7727083449566274
75 2 1.6335230606382478
75 3 1.6699426549971061
75 4 2.8625976910631663
76 2 1.6636145184625453
76 3 1.6064815950428473
76 4 2.9253051666876497
77 2 1.752191420473507
77 3 1.6943630016711366
77 4 2.9689453524508376
78 2 1.7635407843228783
78 3 1.8266930838589257
78 4 1.838853659150841
79 2 1.7652600675098034
79 3 1.7819594752732113
79 4 2.285006691992763
80 2 1.7661698148748335
80 3 1.7589797484591212
80 4 2.838007917564625
81 2 1.7668045224302042
81 3 1.761511640493085
81 4 2.642295186838703
82 2 1.7672473417450945
82 3 1.7647608644322976
82 4 2.6923241197318935
83 2 1.7675562678289918
83 3 1.766525109433942
83 4 2.9630570238152347
84 2 1.7677189393811603
84 3 1.7673768372094354
84 4 2.995399638263629
85 2 1.702865485754935
85 3 1.7168974628038651
85 4 3.017964285605565
86 2 1.4988966897480966
86 3 1.5365038194999443
86 4 3.033707189665715
87 2 1.5911939521793856
87 3 1.386038385405469
87 4 3.0051093898932004
88 2 1.589420314324733
88 3 1.590248031782527
88 4 2.4136775330784377
89 2 1.715572114227522
89 3 1.668658835027115
89 4 1.2701867770560358
90 2 1.7379688239965356
90 3 1.9657753038702357
90 4 2.47561797433121
90 5 0.0
91 2 1.7471299370928572
91 3 1.7573924503424312
91 4 2.7723351450700178
91 5 2.225846612253233
92 2 1.753520541739137
92 3 1.7756729709502803
92 4 2.8611485799114376
92 5 3.1779539431320467
93 2 1.7579796680442952
93 3 1.7544737948951694
93 4 2.9236470208859178
93 5 3.84221677541229
94 2 1.761091177668189
94 3 1.75509596083017
94 4 2.9631659022712453
94 5 4.30565724816413
95 2 1.7632625339218873
95 3 1.7577253894630678
95 4 2.9994667683018097
95 5 4.6289881892658284
96 2 1.7645043840055619
96 3 1.7636958399112015
96 4 3.0208225249121665
96 5 3.910165279310525
97 2 1.7600268061812452
97 3 1.7414030800763955
97 4 3.0357986676386326
97 5 3.691908960937162
98 2 1.7662330756403095
98 3 1.7534376855604614
98 4 3.0273846296775653
98 5 4.754724886382574
99 2 1.7668786902683007
99 3 1.8081323806569585
99 4 2.804643756477745
99 5 4.708027840881056
100 2 1.7673179977426743
100 3 1.768928826802269
100 4 3.0346426065221093
100 5 5.123769492400173
101 2 1.7675989246296633
101 3 1.7543948418598436
101 4 3.0516576128544575
101 5 5.198601489556053
102 2 1.7666773899528687
102 3 1.767653746061392
102 4 3.057214234720745
102 5 4.428404259491988
103 2 1.5926601146135868
103 3 1.6705563478353436
103 4 3.061090628915549
103 5 2.945025896791826
104 2 1.4746310092476462
104 3 1.3559962400756982
104 4 2.9530646849816935
104 5 4.940009135004084
105 2 1.712985611948101
105 3 1.3438230165307934
105 4 2.3279278540699817
105 5 5.071564921161471
106 2 1.734395182134277
106 3 2.0725287333251763
106 4 2.7573512930545627
106 5 5.163344348392575
107 2 1.744636118414628
107 3 1.803616882845532
107 4 2.987877982282342
107 5 5.2649392587656525
108 2 1.751780965639264
108 3 1.7435938586467858
108 4 3.02191950775258
108 5 4.8220877117748975
109 2 1.7567657327238373
109 3 1.7474043786718045
109 4 3.035831465526954
109 5 5.136162826203355
110 2 1.7602434158089528
110 3 1.7539176233046234
110 4 2.988011858271608
110 5 5.324768895694053
111 2 1.7585652207835092
111 3 1.7545895572286583
111 4 3.0733563618261837
111 5 5.343729616873977
112 2 1.764362696782221
112 3 1.7682466206719836
112 4 3.0586250772998187
112 5 3.738557699383952
113 2 1.7649429250157824
113 3 1.7701543814019398
113 4 3.0444570252200904
113 5 5.206476518752924
113 6 0.0
114 2 1.766129466092486
114 3 1.7647731102087907
114 4 3.0551709633188566
114 5 5.3422645870580245
114 6 0.4398555860230356
115 2 1.7078792738088828
115 3 1.7151890333316333
115 4 2.3212216016822684
115 5 5.4205812876191075
115 6 0.628004140081551
116 2 1.751465992440525
116 3 1.6733411064679193
116 4 2.932861156587553
116 5 5.4908142678514
116 6 0.7592709321696629
117 2 1.7584155597881126
117 3 1.8224831571769606
117 4 3.0007678333262287
117 5 5.192683402357638
117 6 0.8508526649606292
118 2 1.615548695368534
118 3 1.6859042032088731
118 4 3.021709403427789
118 5 4.809760386873458
118 6 0.914747072236948
119 2 1.6387998145517473
119 3 1.5329908773354235
119 4 3.0318077794780995
119 5 5.298016630771479
119 6 0.9593246876491118
120 2 1.7353191954713916
120 3 1.723729463545281
120 4 3.0465132318392016
120 5 4.09253363028895
120 6 0.9904254338869661
121 2 1.7447668487893333
121 3 1.8200828815110273
121 4 2.9693994432001762
121 5 2.9024895994368234
121 6 1.0121236886935998
122 2 1.6557996182035752
122 3 1.6665499428549277
122 4 2.7965779437799188
122 5 2.7758726834056624
122 6 1.0272620478923897
123 2 1.6503434941454425
123 3 1.6171712133056684
123 4 2.9285094407566405
123 5 3.0254902984335477
123 6 1.037823722265938
124 2 1.691418678213774
124 3 1.6254018335137335
124 4 2.82231340918358
124 5 2.737114276930843
124 6 1.0451923513289492
125 2 1.7537057957985762
125 3 1.736749960009405
125 4 2.958082084719207
125 5 2.9517240371192823
125 6 1.0503332706425454
126 2 1.7562834477689226
126 3 1.8696316043482295
126 4 2.7750447809108567
126 5 2.827854185202303
126 6 1.05391996723222
127 2 1.6702520564257144
127 3 1.6759396680786924
127 4 2.8757036887101073
127 5 2.795563213786738
127 6 1.0564223199749796
128 2 1.7476129983323778
128 3 1.643493121606645
128 4 1.975090612181931
128 5 2.35107602932895
128 6 1.0581681556383264
129 2 1.7566746772754196
129 3 1.8568644041203957
129 4 1.700002921515228
129 5 1.65457631175866
129 6 1.0593861632490214
130 2 1.7601793694081873
130 3 1.7693045787467705
130 4 1.855074342896549
130 5 1.686581376065417
130 6 1.060235951506935
131 2 1.3973840615937352
131 3 1.5279745280053
131 4 1.6303194552835072
131 5 1.8144049340425192
131 6 1.0608287073065055
132 2 1.4613073857559236
132 3 1.2082555837145692
132 4 1.2932825950364726
132 5 1.419845401240497
132 6 1.061242386955747
133 3 2.0344887839026438
133 4 1.5205122081064695
133 5 1.3600179021913914
133 6 1.0615220155876854
134 4 1.9098379910071583
134 5 1.6328723774694973
134 6 1.0617230463990168
135 4 0.45411675589181794
135 5 1.141886052205317
135 6 1.061870588996235
135 7 0.0
136 5 1.5361928396946822
136 6 0.96496647365359
136 7 1.889023364301251
137 6 0.5977622366448854
137 7 2.6970688113940686
138 6 0.6353689396420612
138 7 3.2608160936484776
139 6 0.5589287525710016
139 7 3.654129322568841
140 6 0.5549250873598321
140 7 3.9285346757072723
141 6 0.7412311648757347
141 7 4.1199804163120355
142 6 0.8897041538156284
142 7 3.2449308140290984
143 6 0.9451858548569929
143 7 1.6691612828934075
144 6 0.9805610991151483
144 7 1.0971523547218958
145 6 1.017978634424093
145 7 0.9440533074040792
146 6 1.023560730407989
146 7 0.9448490618193635
147 6 0.9881999677776485
147 7 0.9414974311189004
148 6 0.9823361482121014
148 7 0.9267884287051873
149 6 1.0178259520330386
149 7 0.9727227681016991
150 6 0.9849807914807834
150 7 0.8747391532085493
151 6 1.0413492206382557
151 7 1.0316190986100677
152 6 1.0477146374401065
152 7 1.21306487842565
153 6 1.0520930134431872
153 7 1.1111852308966434
154 6 1.0551477017876125
154 7 1.0539829742961193
155 6 1.0572788811030243
155 7 1.0491649338947588
156 6 1.058765756946407
156 7 1.0543186105783602
157 6 1.0598031077912073
157 7 1.0602558280926904
157 8 0.0
158 6 1.0605268491075521
158 7 1.0672942218379822
158 8 2.8448528573165963
159 6 1.0610317853365283
159 7 1.0794725759764712
159 8 4.061740431398343
160 6 1.0613840680922975
160 7 1.1047365416000097
160 8 4.910733186125776
161 6 1.061629836361005
161 7 1.1316676705876707
161 8 5.503056059078733
162 6 1.0618013145150036
162 7 1.0401025978198808
162 8 5.264977662499443
163 6 1.0599174735915027
163 7 1.0199204293870554
163 8 4.961726983979498
164 6 1.0619604693259368
164 7 1.0460149744285336
164 8 5.15425120634418
165 6 1.044800681674909
165 7 1.0348747049157723
165 8 6.4226567139527635
166 6 1.0045829394831072
166 7 1.0102910281462323
166 8 5.9455499891525
167 6 0.9468103120240325
167 7 0.9345865576242404
167 8 1.218480085423274
168 6 0.7725191781135402
168 7 0.8090360541795828
168 8 0.7572126429409052
169 6 0.8854225791103254
169 7 0.8759294301180232
169 8 0.7390264156647659
170 6 0.9712632512274446
170 7 0.9412688495868563
170 8 0.6813535186060319
171 6 1.0172165270735447
171 7 1.0513175939183137
171 8 0.8487436215796872
172 6 1.0320086637206507
172 7 1.1862567451496477
172 8 0.8243347139559776
173 6 1.0411354766482246
173 7 0.9983470191013987
173 8 1.2479224815396512
174 6 1.0475028854104378
174 7 1.0267746953728438
174 8 1.4423945609790167
175 6 1.051945276101358
175 7 1.0451579545582361
175 8 1.0930973072435801
176 6 1.0550446263273803
176 7 1.0533063135281697
176 8 1.0446309087655012
177 6 1.0572069696793638
177 7 1.0569387880991759
177 8 1.0433721381818961
178 6 1.05871558512715
178 7 1.058738042988139
178 8 1.0511444038116298
179 6 1.0597681110955894
179 7 1.059780856284592
179 8 1.0564763787402272
179 9 0.0
180 6 1.0605024350076462
180 7 1.0604627853496775
180 8 1.059161905339378
180 9 1.7335083928815183
181 6 1.0610147520126096
181 7 1.0609322084902502
181 8 1.0604325467995688
181 9 2.475017500336689
182 6 1.0613721849680515
182 7 1.0612566194413287
182 8 1.061330889389765
182 9 2.9923510792689236
183 6 1.0616215581724064
183 7 1.0614746123483223
183 8 1.0612665089468734
183 9 3.353282473975535
184 6 1.06179553860279
184 7 1.0616128308611892
184 8 1.0612704609679389
184 9 3.6050954165996947
185 6 1.0619169218458726
185 7 1.061684973590495
185 8 1.0619648186669701
185 9 3.78071107644198
186 6 1.0620016090867084
186 7 1.0617053026954721
186 8 1.0614122515319815
186 9 3.5587238762228233
187 6 1.0620606888012154
187 7 1.061672248655183
187 8 1.0613303756247865
187 9 2.2348066226997703
188 6 1.0621019267651741
188 7 1.0615786572052226
188 8 1.0612188571025263
188 9 3.7858700570976556
189 6 1.062130663924445
189 7 1.0614021213883849
189 8 1.0609825616173083
189 9 3.479479620482262
190 6 1.0621507755599051
190 7 1.0610906075251612
190 8 1.0605610562286836
190 9 3.769275332355521
191 6 1.0621303140930631
191 7 1.0604093890592834
191 8 1.0596815861309667
191 9 4.035712446939908
192 6 1.062174216430696
192 7 1.0594055285035187
192 8 1.0583835168989761
192 9 4.081210918864585
193 6 1.0618881303515622
193 7 1.0573309707095053
193 8 1.0562469538894592
193 9 4.134985343904987
194 6 1.0389169985628126
194 7 1.0444111087636054
194 8 1.0483653132460624
194 9 3.2558272752839392
195 6 0.998760352568005
195 7 0.9758673136948477
195 8 0.9997690030665163
195 9 2.1954257598832463
196 6 1.0318104800027574
196 7 0.9410280936382883
196 8 0.9343389430256541
196 9 3.7981093490284588
197 6 1.0474889911139154
197 7 1.1132054688515365
197 8 0.9915661032989511
197 9 3.916259017189849
198 6 1.054467976050278
198 7 1.084799888419373
198 8 1.0137650246131118
198 9 3.9978711840600365
199 6 1.057235713105222
199 7 1.0789687415443894
199 8 1.1315205604351433
199 9 4.0548100492598875
200 6 1.0587356391101566
200 7 1.0730066676154728
200 8 1.1506880064597311
200 9 4.094534883788191
201 6 1.0597821015119144
201 7 1.0568383684570575
201 8 1.1498953109334877
201 9 4.067341040582923
201 10 0.0
202 6 1.0605121936424502
202 7 1.0564851134801783
202 8 1.0631848935405495
202 9 3.7457625493726354
202 10 1.6524616713519382
203 6 1.0610215611591418
203 7 1.0590540382812823
203 8 1.056300868653732
203 9 1.6132195093041255
203 10 2.3593033675493222
204 6 1.0613769358036453
204 7 1.0614144347798484
204 8 1.1246253025713862
204 9 1.4162691296427066
204 10 2.8524505528130186
205 6 1.0616248709927323
205 7 1.0988935972399336
205 8 1.7102245486538972
205 9 2.555760539028135
205 10 3.1965067527535456
206 6 1.061461228715143
206 7 1.4732150071854269
206 8 2.894453859703311
206 9 1.4134667801790743
206 10 3.43654709693254
207 6 1.0336740353481992
207 7 1.0362087787342193
207 8 4.354767707461642
207 9 0.8661202107144632
207 10 3.6040175400967085
208 6 1.057227919327574
208 7 0.9317683988702209
208 8 4.760823470487318
208 9 0.85842138782921
208 10 3.7208540166446733
209 6 1.0573029685163082
209 7 1.0035594162597647
209 8 5.244537841362323
209 9 0.920731544016063
209 10 2.2573250283401536
210 6 1.059748067357171
210 7 1.0459012910071737
210 8 5.957744032028556
210 9 1.0007059986078866
210 10 3.457614425723669
211 6 1.0430350112934732
211 7 1.0497711252528892
211 8 6.2745455808444035
211 9 1.0432940989871164
211 10 3.5997717145764656
212 6 0.9203674561659834
212 7 0.9516386539412686
212 8 6.433021583243762
212 9 1.0059495681816553
212 10 3.257392484637012
213 6 1.0093017497228924
213 7 0.8553251614290159
213 8 5.142472620785798
213 9 0.8933826474744426
213 10 3.8232686706494223
214 6 1.0051800127437478
214 7 0.9720994857416916
214 8 6.873234445519673
214 9 0.8548103237765382
214 10 3.8738240958729264
215 6 1.0184636142654127
215 7 1.1108415296563956
215 8 6.70163692657748
215 9 0.9320448432009115
215 10 3.909095348958754
216 6 1.018602056886844
216 7 1.0043269486013966
216 8 6.4815625598575775
216 9 0.906854223434701
216 10 3.8564426408548926
217 6 1.0437525562646435
217 7 1.009419828571768
217 8 6.303865348095565
217 9 1.0429210228662198
217 10 2.1951335867266035
218 6 1.0524443591680024
218 7 1.144138554150762
218 8 5.815892692903734
218 9 1.1277958180130383
218 10 3.023539813862925
219 6 1.0553966980435907
219 7 1.0738201726829053
219 8 6.3921738501969125
219 9 1.1097570662010676
219 10 3.6601568713014956
220 6 1.0574526021897532
220 7 1.0595679183460756
220 8 6.398921920312764
220 9 1.2688701044090782
220 10 3.7600248613046627
221 6 1.0588870078651718
221 7 1.055168037721088
221 8 0.6886995135759351
221 9 1.1326542396526673
221 10 3.829681133990494
222 6 1.0598877138562615
222 7 1.0569991621033983
222 9 1.0584437593377456
222 10 3.8822710402689404
223 6 1.0605858631811214
223 7 1.0589998690466411
223 9 1.0495557465141427
223 10 3.8961817677178034
224 6 1.0610729290162606
224 7 1.06018638986556
224 9 1.0534811376379756
224 10 3.8801857890680673
224 11 0.0
225 6 1.061412761443205
225 7 1.060709699425321
225 9 1.0574230015452706
225 10 3.512976056993438
225 11 1.5509930097103832
226 6 1.061649737442144
226 7 1.0607969155684678
226 9 1.0593928323123816
226 10 3.9545631690505654
226 11 2.214431445517485
227 6 1.0618188387661263
227 7 1.060493539340157
227 9 1.059830290059232
227 10 3.9681776713562575
227 11 2.6772967032282513
228 6 1.0619126690195684
228 7 1.0596330874251152
228 9 1.0591433960070442
228 10 3.9749235360953405
228 11 3.0002268269583534
229 6 1.0617032768742949
229 7 1.057738825122306
229 9 1.057125789359324
229 10 3.755245547560154
229 11 3.225527539816535
230 6 1.0612015862437612
230 7 1.0433012473248744
230 9 1.048975239039731
230 10 3.039025994748933
230 11 3.3827143823954997
231 6 1.0570906265933835
231 7 1.040953449742752
231 9 1.0346921396981983
231 10 3.6772840935115836
231 11 3.492320278100767
232 6 1.0619176341049354
232 7 1.0615393198460379
232 9 1.021740188195346
232 10 3.9487341705343844
232 11 2.793966691487863
233 6 1.0620021233936592
233 7 1.1078142689769808
233 9 1.0772473713652182
233 10 3.9613824032216853
233 11 2.4037624205401857
234 6 1.0620610498438003
234 7 1.068268440463864
234 9 1.1033368691717442
234 10 3.11931267082232
234 11 3.413747766474618
235 6 1.062102156508326
235 7 1.0597295881859548
235 9 1.0922209766265538
235 10 1.187249859747318
235 11 3.225658387554458
236 6 1.0621309034275226
236 7 1.0588500794009421
236 9 1.0620076124114262
236 10 1.0451684557759555
236 11 3.3276239355382407
237 6 1.0621508674613476
237 7 1.0588886923898368
237 9 1.055841634653337
237 10 1.0144742827009865
237 11 3.613577317168579
238 6 1.0621501913578466
238 7 1.0580831425947397
238 9 1.0550090075200789
238 10 1.0059199092198903
238 11 3.6534476529747355
239 6 1.0606513779644124
239 7 1.0401241884269008
239 9 1.0411289472353393
239 10 1.0141196654374875
239 11 3.6812642330711336
240 6 1.0114497935830478
240 7 1.0375746762073437
240 9 1.0423531635841594
240 10 1.024937075556495
240 11 3.625458754542578
241 6 0.8887358019155347
241 7 0.9183723838007352
241 9 0.9751871603615879
241 10 1.0046406100372183
241 11 2.0303150484039727
242 6 0.9812481810882144
242 7 0.7988618225938028
242 9 0.8359546562192749
242 10 0.8986290885307417
242 11 2.653863892859537
243 6 1.0245908367990733
243 7 0.9618058938309372
243 9 0.8152490961873525
243 10 0.7935121386700663
243 11 3.3915632674557457
244 6 1.0401446442763231
244 7 1.2605713215849024
244 9 1.009851568879995
244 10 0.8795894569781985
244 11 3.498566865048254
245 6 1.0468116453001615
245 7 1.0774195504375847
245 9 1.1650360600617031
245 10 1.0380560287509837
245 11 3.5732075932111877
246 6 1.0514630133551932
246 7 1.032019914009816
246 9 1.3029823916388923
246 10 1.0623494740544484
246 11 3.6252826576707298
246 12 0.0
247 6 1.054708162442392
247 7 1.0427901505349733
247 9 1.0404516538341115
247 10 1.1584391131085714
247 11 3.661614188712768
247 12 0.6909383313357209
248 6 1.0569722259919232
248 7 1.0512296262923555
248 9 1.0278551974824133
248 10 1.3055849438117906
248 11 3.7137863288710204
248 12 0.986553470955562
249 6 1.0585518097023514
249 7 1.0559287301896016
249 9 1.0408235166420516
249 10 1.1040779555749887
249 11 3.5054324315994276
249 12 1.1927662083585528
250 6 1.0596538483278648
250 7 1.0581407363863597
250 9 1.0511776053045698
250 10 1.0387000703163967
250 11 3.5495871713387004
250 12 1.3366353517236114
251 6 1.060415494632492
251 7 1.0591443589067133
251 9 1.05627885350712
251 10 1.039724032764419
251 11 3.7239335154216144
251 12 1.4370094843785362
252 6 1.0609591282646695
252 7 1.0452510287865617
252 9 1.048579312132319
252 10 1.040935337686369
252 11 3.730440552280794
252 12 1.5070379763914397
253 6 1.0606263972297783
253 7 1.0712977446955356
253 9 1.04460827236138
253 10 1.0452064688807945
253 11 3.7349785591868225
253 12 1.5558952847533503
254 6 1.0615602785185922
254 7 1.0581334259108566
254 9 1.0750624446614951
254 10 1.0607893314118848
254 11 3.5197186410298036
254 12 1.5899818744612415
255 6 1.0617766365300547
255 7 1.0705938251714242
255 9 1.0649012717276278
255 10 1.0651263890230274
255 11 2.9031938665514936
255 12 1.613763281842353
256 6 1.0619037228676944
256 7 1.0672077509670113
256 9 1.0672241128254727
256 10 1.0650405653388257
256 11 3.669986983980326
256 12 1.6303550075352682
257 6 1.0618775021031488
257 7 1.0624205825498858
257 9 1.076374612754402
257 10 1.1113178273074047
257 11 3.7084214657431276
257 12 1.641930660196556
258 6 1.0614513047566023
258 7 1.0630247799693657
258 9 1.0644715969419951
258 10 1.0512347019544563
258 11 3.6959194375482483
258 12 1.6500067169253405
259 6 1.0613429220334967
259 7 1.0433622973826868
259 9 1.048171484290899
259 10 1.0584197828739057
259 11 3.835965880076961
259 12 1.6556411825908028
260 6 1.0269451442716238
260 7 1.031234716591786
260 9 1.0511125979209706
260 10 1.047614408991048
260 11 3.693851315684365
260 12 1.6595720955318534
261 6 1.0102251259367472
261 7 0.9594186624853699
261 9 0.9724950253516972
261 10 1.009151102244155
261 11 3.73101271470826
261 12 1.5293619674992458
262 6 1.0522573826426183
262 7 0.9809506002862876
262 9 0.9412018223917915
262 10 0.9419974890246163
262 11 3.599449579656671
262 12 0.9516926138654341
263 6 1.0552622162048968
263 7 1.1948607793672217
263 9 1.054475788110778
263 10 0.9847206591073282
263 11 2.7733019332771685
263 12 0.8690047526916598
264 6 1.0324279408893335
264 7 1.0796006811060819
264 9 1.1180952843694052
264 10 1.0458936162878696
264 11 3.690809334802088
264 12 1.0967064905199833
265 6 0.9970117828311379
265 7 1.0464495110886531
265 9 1.1553524165258184
265 10 1.088110852493965
265 11 3.6996044391877687
265 12 1.4234848968513152
266 6 1.018220257907894
266 7 0.875273094886722
266 9 0.9375919803970658
266 10 1.1268862404862219
266 11 3.69180583723076
266 12 1.5023545318083886
267 6 1.0351938137066923
267 7 1.007068460899775
267 9 0.9509896423728663
267 10 0.9669525863402435
267 11 3.7262168988735827
267 12 1.5454920495210402
268 6 1.0349011363520628
268 7 1.0316037920030285
268 9 0.8469308512085679
268 10 0.865272343783441
268 11 3.487860996489181
268 12 1.5291329411401695
268 13 0.0
269 6 1.0511201186695955
269 7 1.0955210139433342
269 9 1.117160030589141
269 10 0.9922548688495755
269 11 1.4889387033008257
269 12 1.4123328995820055
269 13 1.585779570573172
270 6 1.051750157283155
270 7 1.1557621775963656
270 9 1.1690511191462665
270 10 1.0270202742254357
270 11 0.9073061744255986
270 12 1.4150040688063845
270 13 2.2640979594886237
271 6 1.0231920239606356
271 7 1.0304980980669376
271 9 1.1100984843876989
271 10 1.235248899072204
271 11 0.9936383267291063
271 12 1.606753234096009
271 13 2.737344641409633
272 6 1.0325682571426924
272 7 0.9707914013235528
272 9 1.031737452278391
272 10 1.109628475304734
272 11 1.0604116868137474
272 12 1.625603913097999
272 13 3.0675176458135747
273 6 1.0228877475980622
273 7 0.9664269218146714
273 9 0.9376186452713652
273 10 1.0037817443100723
273 11 1.016307461332751
273 12 1.638615934011874
273 13 3.297871491749679
274 6 1.035235189609525
274 7 1.0747507175311923
274 9 0.9675972880876454
274 10 0.9500238984391218
274 11 1.0306317055526149
274 12 1.6476941129232847
274 13 3.4585822651465334
275 6 1.0257536426211828
275 7 1.0915133959690473
275 9 1.1048109073353818
275 10 1.0028148332585332
275 11 1.0422101094027236
275 12 1.6540277417300224
275 13 3.5705461618167096
276 6 1.0483816528760261
276 7 1.0413865456771363
276 9 1.0865427354628574
276 10 1.032245495083123
276 11 1.0292103338963037
276 12 1.6584465650174505
276 13 2.9810966457736354
277 6 1.054755479752892
277 7 1.0735072929408014
277 9 1.0562136648264828
277 10 1.0949347546886743
277 11 1.0236331854703236
277 12 1.661529469558655
277 13 2.323470965650436
278 6 1.0567504776960885
278 7 1.0821755664310386
278 9 1.0639216646763283
278 10 1.0743589452886075
278 11 1.0002200117046451
278 12 1.6636803362169337
278 13 3.461776440520051
279 6 1.0369269097234783
279 7 1.036065726613671
279 9 1.1112740501613
279 10 1.1149465453749792
279 11 1.0693604365605678
279 12 1.6626920339492057
279 13 3.2643082616702634
280 6 1.011981995107991
280 7 0.9756081012088101
280 9 1.0182135858060766
280 10 1.057276122269867
280 11 1.097304111416777
280 12 1.638979389979776
280 13 3.538778709525586
281 6 1.049526983764575
281 7 0.9295933584248377
281 9 0.9289754539858806
281 10 1.0154561220562863
281 11 1.072605593666803
281 12 1.3241104448176526
281 13 3.7033652370089394
282 6 1.0536890281608169
282 7 1.1309063780891095
282 9 0.9722793404557359
282 10 0.9393061207533423
282 11 1.0021540067753991
282 12 0.6538932016288654
282 13 3.741487342002374
283 6 1.056362228777352
283 7 1.115645748246748
283 9 1.04693814431814
283 10 0.9773842791081419
283 11 1.032948523324498
283 12 0.7420059689787266
283 13 3.7674127869047127
284 6 1.058126114639212
284 7 1.070631106281279
284 9 1.1983340668503957
284 10 1.0720766916071172
284 11 1.0262649909559027
284 12 1.0938439451761133
284 13 3.5591156424650503
285 6 1.0593567019533217
285 7 1.0580028398068462
285 9 1.1096033052761975
285 10 1.123103802808042
285 11 1.0573864022016557
285 12 1.3756265888762078
285 13 1.7186138648057767
286 6 0.8849015216682998
286 7 1.0027229828179858
286 9 1.0471613193418032
286 10 1.1953720437042608
286 11 1.0945066433362851
286 12 1.4670214538218076
286 13 2.160437519844815
287 6 0.8629309845351434
287 7 0.9164518785797491
287 9 0.9761034745589747
287 10 1.0339860087763575
287 11 1.1126530117304305
287 12 1.52797672067884
287 13 1.5491388978919856
288 6 0.9974643364089287
288 7 0.6943443915797185
288 9 0.6938636642013564
288 10 0.8990367009768979
288 11 1.0840069711079419
288 12 1.5705037543938702
288 13 1.5036255168527581
289 6 0.3701844087979194
289 7 0.7804255173712977
289 9 0.7420230894668932
289 10 0.6803611509907408
289 11 0.8782928619309311
289 12 1.6001738589887238
289 13 1.554745615256892
290 7 1.5981244524358518
290 9 1.1049189705706677
290 10 0.8415439571782893
290 11 0.8690929693114074
290 12 1.6208739885152477
290 13 1.5985017832347697
290 14 0.0
291 9 1.9819391265363884
291 10 1.4118595944195482
291 11 1.0995855750454715
291 12 1.635315978757946
291 13 1.625821590323278
291 14 0.9590708493341237
292 10 1.9012588790572855
292 11 1.5066074807062226
292 12 1.645391813290953
292 13 1.641622764854232
292 14 1.369392537559272
293 10 0.5915786565640402
293 11 1.1705382884811046
293 12 1.6524214842726284
293 13 1.6508877389894425
293 14 1.6556266782132294
294 11 1.7034473310079257
294 12 1.657325918859043
294 13 1.6565666061765227
294 14 1.8553250784784243
295 12 1.6607042202219675
295 13 1.660195513528211
295 14 1.9946502448024006
296 12 1.6633674777579668
296 13 1.651457229029998
296 14 2.091853453049712
297 12 1.6648021982921335
297 13 1.6649928377553487
297 14 2.159670173102445
298 12 1.6659644090657304
298 13 1.661466692252731
298 14 2.2069842940631843
299 12 1.6667218408994848
299 13 1.658365516451783
299 14 2.2399942320608157
300 12 1.61614185979537
300 13 1.6465957083467433
300 14 2.2630244656682925
301 12 1.5860617512499822
301 13 1.5245095341173949
301 14 2.2790915827617737
302 12 1.6566950865002155
302 13 1.5886198135050789
302 14 1.7488119101651762
303 12 1.6610172075444998
303 13 1.7295999651864324
303 14 1.2438099999069716
304 12 1.6639020235696156
304 13 1.708582201352928
304 14 1.8138956302216462
305 12 1.6653356190308066
305 13 1.6627806707693213
305 14 2.118380479731908
306 12 1.666335804110252
306 13 1.661558487153172
306 14 2.1015206426815705
307 12 1.6670336098509229
307 13 1.6644674478417998
307 14 1.988332965256938
308 12 1.6675204507633659
308 13 1.6664208434815273
308 14 1.9732644203337517
309 12 1.6678598662963098
309 13 1.6674317555362514
309 14 2.2503594798217517
310 12 1.624332343070584
310 13 1.662481411109553
310 14 2.2704491303795886
311 12 1.5577166250657095
311 13 1.57977477394835
311 14 2.2842721486780753
312 12 1.452481551578526
312 13 1.3546626437882856
312 14 2.293916136114713
313 12 1.515626871513023
313 13 1.3356582747588548
313 14 2.3006445156399473
313 15 0.0
314 12 1.5318316194272534
314 13 1.575337922256016
314 14 2.3107815004213665
314 15 1.8972036509705719
315 12 1.6279042500075112
315 13 1.667342500608421
315 14 2.2777054656214197
315 15 2.7087339218457758
316 12 1.6472893294366573
316 13 1.7884631980487309
316 14 1.6688408909007126
316 15 3.2749193789439195
317 12 1.6537453798557822
317 13 1.6614607129214263
317 14 0.8623103050087356
317 15 3.6699335653829803
318 12 1.6582495689628023
318 13 1.6465886253032382
318 14 1.6649786635801962
318 15 3.945525606931136
319 12 1.661405114012213
319 13 1.6538603449179414
319 14 2.0121789736928637
319 15 4.137797164204343
320 12 1.663584483916608
320 13 1.6597201205153098
320 14 2.107021612615097
320 15 3.5828613588314693
321 12 1.6651140153483288
321 13 1.6623174780629333
321 14 2.17028967000552
321 15 2.897785128222244
322 12 1.6660086954573987
322 13 1.662080594070432
322 14 2.214393265144443
322 15 4.169819092394635
323 12 1.6657049413004068
323 13 1.6490449065792034
323 14 2.245163298446103
323 15 3.785291626043172
324 12 1.664735747498195
324 13 1.6343857396960417
324 14 2.2666308218030675
324 15 4.409211825170072
325 12 1.6675906951974862
325 13 1.704096761193592
325 14 2.2816082066857586
325 15 4.461302547275463
326 12 1.6679091008079603
326 13 1.6699110098962493
326 14 2.2920575991849503
326 15 4.512691244889491
327 12 1.66813120183807
327 13 1.6757034888388005
327 14 2.299347800527402
327 15 3.514468904095066
328 12 1.6682686588474203
328 13 1.663656159408729
328 14 2.3044338066290604
328 15 2.369611600887265
329 12 1.6076331659978578
329 13 1.6349931004195806
329 14 2.246793284776419
329 15 4.169291890132751
330 12 1.3806992546528551
330 13 1.4335116977230717
330 14 2.148271544784131
330 15 4.294732027197672
331 12 1.5311305099043164
331 13 1.2567054162663969
331 14 2.253484221446213
331 15 4.381438051572672
332 12 1.628058361909358
332 13 1.5443160718244273
332 14 2.308851340359154
332 15 4.44192541152056
333 12 1.6403600147824267
333 13 1.8865830070147478
333 14 2.3110735049126863
333 15 4.478079714596352
334 12 1.6489109142816905
334 13 1.6649431115530287
334 14 2.3126148122148438
334 15 4.282834958518725
335 12 1.6548766867960008
335 13 1.6449113295437412
335 14 2.3136901439862037
335 15 4.411949223154065
335 16 0.0
336 12 1.6590829270426883
336 13 1.6509588884020154
336 14 2.314439518492878
336 15 4.545884964776748
336 16 1.800962758170262
337 12 1.661880188818797
337 13 1.6396332988277185
337 14 2.294013300132623
337 15 4.556655708101147
337 16 2.5713252945328753
338 12 1.6603207669543583
338 13 1.6749157878631735
338 14 2.0724596736847825
338 15 2.9400076771579258
338 16 3.1087893424293216
339 12 1.6653820783237478
339 13 1.6690944296456993
339 14 2.102820756614338
339 15 1.9311437261153386
339 16 3.483765222788197
340 12 1.6663681980963696
340 13 1.6725299397448128
340 14 2.259232948036726
340 15 2.242970843562773
340 16 3.7453756417997295
341 12 1.6648371665889374
341 13 1.667176713746032
341 14 2.301142696132333
341 15 2.366363206110708
341 16 3.9277688927877263
342 12 1.6440140183843917
342 13 1.640459089442131
342 14 2.3056979709155696
342 15 2.291095955855538
342 16 3.311362712019358
343 12 1.58446226551028
343 13 1.5353171265914154
343 14 2.3088646532093633
343 15 2.2927386553044897
343 16 2.823186814951492
344 12 1.6576087152314856
344 13 1.6822340608485018
344 14 2.311073654143654
344 15 2.3022516467772554
344 16 3.878294297864464
345 12 1.590862475678272
345 13 1.6632959671599532
345 14 2.3125191598692587
345 15 2.3057905398871332
345 16 3.5828819451033027
346 12 1.5262869382964672
346 13 1.4318247793319379
346 14 2.284014758928962
346 15 2.2709059759044288
346 16 4.182778667680373
347 12 1.6225957552239292
347 13 1.5718929575050107
347 14 2.3142147238401063
347 15 2.311024368248923
347 16 4.2330622220535705
348 12 1.6513208130001347
348 13 1.7002832354168438
348 14 2.3149000337634242
348 15 2.3328415840787597
348 16 4.26814385094678
349 12 1.6230681738495878
349 13 1.6994753483542624
349 14 2.3152843217709913
349 15 2.31013024271904
349 16 4.048553456388422
350 12 1.6022367633132029
350 13 1.5392789993811087
350 14 2.3117901514062176
350 15 2.303916666704669
350 16 1.907231849031901
351 12 1.609253915375606
351 13 1.547548460202686
351 14 1.945494604838823
351 15 2.038170388461302
351 16 3.7148868375738586
352 12 1.603985575165898
352 13 1.5929681440410643
352 14 2.1755037090289036
352 15 1.777892260183758
352 16 4.038747267995201
353 12 1.6502204795699822
353 13 1.6869188088395815
353 14 2.276219326871049
353 15 2.551901695180548
353 16 4.132574927497962
354 12 1.6512934000021304
354 13 1.7316835202705603
354 14 2.2882978846252207
354 15 2.322460925822203
354 16 4.1980362566093135
355 12 1.5581264588508856
355 13 1.5674240907736758
355 14 2.296724793799318
355 15 2.2879380777735827
355 16 4.243707011415217
356 12 1.6468819020806698
356 13 1.5186033206239733
356 14 2.3026040516027346
356 15 2.294914348341897
356 16 4.275548333536855
357 12 1.6564419085817896
357 13 1.7697678421783996
357 14 2.301842119814336
357 15 2.2962311146697614
357 16 3.996443727920766
357 17 0.0
358 12 1.6601310302829289
358 13 1.6709549419169645
358 14 2.309567632529092
358 15 2.3196200699694884
358 16 4.347914300112546
358 17 1.3583374398934007
359 12 1.3683041186322
359 13 1.5240641008413949
359 14 2.265782406570553
359 15 2.240963174343782
359 16 4.353128132166052
359 17 1.939384857893735
360 12 1.4837569109537283
360 13 1.1895759997457318
360 14 2.121307863091938
360 15 2.16859993006534
360 16 4.3519091691251885
360 17 2.3447595499579443
361 12 0.36674882582945645
361 13 0.7838924210068818
361 14 2.310913018030572
361 15 2.24542958178755
361 16 3.9097116672498555
361 17 2.6275797475512728
362 13 1.7040463814916962
362 14 2.1868478778279283
362 15 2.27274014552756
362 16 3.7171357152537654
362 17 2.8248967563661966
363 14 2.100085330511459
363 15 2.0319664940903484
363 16 4.331451238911956
363 17 2.9625601692863657
364 14 2.2528089974129273
364 15 2.274973968803642
364 16 4.336968773381532
364 17 3.058604656521719
365 14 2.149267706939387
365 15 2.205204314868007
365 16 4.345820503737687
365 17 3.1256122045290615
366 14 2.177647109094358
366 15 2.09450353066531
366 16 4.293823838659524
366 17 2.5491874912497208
367 14 2.2189575633015477
367 15 2.1742548633246757
367 16 4.344880315426946
367 17 1.9982785938952317
368 14 2.302755300468384
368 15 2.340810675625568
368 16 3.7891577200561533
368 17 3.0019213881191744
369 14 2.2197559890056224
369 15 2.2643597558557347
369 16 3.9298917577043366
369 17 2.9341075990190677
370 14 2.290064215553907
370 15 2.1572680353632627
370 16 4.285683200050239
370 17 2.6785142925799352
371 14 2.302088963924927
371 15 2.4020955443872523
371 16 4.260567587555997
371 17 3.138836765713159
372 14 2.0730092451822584
372 15 2.1788888367148562
372 16 4.318232819438468
372 17 3.1817344313764346
373 14 1.5756667978212877
373 15 1.609043089522105
373 16 4.043140529243278
373 17 3.211517351478995
374 15 1.849046193920306
374 16 4.27494382783234
374 17 3.232296173283233
375 16 3.9699931145719396
375 17 3.2023346700883293
376 16 3.9030057976291834
376 17 2.046767911037555
377 16 4.049535739256334
377 17 1.861065868281777
378 16 4.0164424071968075
378 17 2.89692155979056
379 16 4.313968260185148
379 17 3.0164676569457534
379 18 0.0
380 16 2.64325309879181
380 17 3.096216007424719
380 18 0.8031352110694349
381 17 3.151805944067575
381 18 1.1466774268244626
382 17 3.1886809674663223
382 18 1.3863578433738772
383 17 3.2126054922052267
383 18 1.5535776092045577
384 17 3.2239385800167755
384 18 1.6702428898691135
385 17 3.148132020310011
385 18 1.7516374935648247
386 17 3.0447558098517935
386 18 1.8084245811698625
387 17 3.2596584235403268
387 18 1.84804358631738
388 17 3.2664159056037607
388 18 1.8756848606979484
389 17 3.2705976189606782
389 18 1.894969447108717
390 17 3.2735128921868673
390 18 1.908423401690299
391 17 3.0947656837061293
391 18 1.9177978027485538
392 17 2.773819652421357
392 18 1.8398119739014325
393 17 3.130324458733677
393 18 1.1719372283992742
394 17 3.2152940673062473
394 18 1.0479944914466004
395 17 3.2349332859490945
395 18 1.4735649582826227
396 17 3.2286111798171833
396 18 1.741165340086705
397 17 3.2266540799834553
397 18 1.7990521922397493
398 17 3.285511310365457
398 18 1.7361450104000777
399 17 3.2694529516415347
399 18 1.6153228762864318
400 17 3.2209724668509727
400 18 1.6974041064623533
401 17 2.444211328094986
401 18 1.8790260855733774
402 17 3.260779331830566
402 18 1.8973411928434174
402 19 0.0
403 17 3.293964933119056
403 18 1.910078608891413
403 19 1.1657774771637035
404 17 3.2187423781332827
404 18 1.9189651877581175
404 19 1.6644388659147915
405 17 3.260693488290342
405 18 1.9251651488358446
405 19 2.012343578116409
406 17 3.1805258087682775
406 18 1.9294907120157734
406 19 2.2550685213209607
407 17 2.966332823472463
407 18 1.944264550457937
407 19 2.4244118219311552
408 17 3.2657571705956587
408 18 1.867786897845688
408 19 2.5425587077496545
409 17 3.0712582951381076
409 18 1.6381170878947922
409 19 2.624986989880375
410 17 3.2161407311349404
410 18 0.931518654410386
410 19 2.6824952281989036
411 17 2.95478209739872
411 18 0.9589839634890801
411 19 2.722598594037561
412 17 2.9913568924762766
412 18 1.3813360994260708
412 19 2.0207555137012077
413 17 3.1919972964727217
413 18 1.6592753552610173
413 19 1.57520596046372
414 17 3.03304836608856
414 18 1.7441235898008116
414 19 2.4768824430870833
415 17 3.260909508648391
415 18 1.8031823122416117
415 19 2.555807117771086
416 17 2.6193235411998375
416 18 1.8443861828942822
416 19 2.4064953470606327
417 17 0.3309402092406541
417 18 1.8731331482618538
417 19 2.430575270190889
418 18 1.8931892277909457
418 19 2.7119472171254277
419 18 1.9071672052634612
419 19 2.7431696869541025
420 18 1.9148439158189325
420 19 2.7649484771115787
421 18 1.9213449303541876
421 19 2.780143028222572
422 18 1.968670837976721
422 19 2.7704401380551564
423 18 1.9318158720682526
423 19 2.5694469630348458
424 18 1.9341349108970762
424 19 1.4269627131000187
424 20 0.0
425 18 1.933329073923831
425 19 1.769286919698476
425 20 1.768218074923801
426 18 1.7925850604037203
426 19 2.467209607607941
426 20 2.524574672055967
427 18 1.871609236326268
427 19 2.580102289098057
427 20 3.052266760168194
428 18 1.9281953190521774
428 19 2.651197647598497
428 20 3.42042504518106
429 18 1.932839791047154
429 19 2.7007595109187235
429 20 3.6772807865048143
430 18 1.934845133018094
430 19 2.7319518741455537
430 20 3.856478839570873
431 18 1.9362442149961803
431 19 2.8377220184690417
431 20 3.7847587251439117
432 18 1.9372203187196881
432 19 2.775527139474474
432 20 2.0727940366300004
433 18 1.9379012332323773
433 19 2.7857283207539982
433 20 3.82277293362393
434 18 1.9339848086774725
434 19 2.7934386397208684
434 20 3.7326791199564493
435 18 1.7837543540791843
435 19 2.6202726657602473
435 20 3.8604128174582106
436 18 1.546321428308009
436 19 2.779838361437928
436 20 4.115006966821071
437 18 1.7448315501852436
437 19 2.800232365620329
437 20 4.161873715973249
438 18 1.6915234515491162
438 19 2.804759805388563
438 20 4.171676417212141
439 18 1.88507742480899
439 19 2.8079184908824377
439 20 3.271264112087558
440 18 1.9014952958718143
440 19 2.8101205293433393
440 20 2.2353040702669036
441 18 1.9129975804782406
441 19 2.623838441575566
441 20 3.8690849624068804
442 18 1.9210016784878625
442 19 2.1108791716509367
442 20 3.991254872341558
443 18 1.9265859934113976
443 19 2.3771826696856544
443 20 4.075535467625245
444 18 1.9288105626619207
444 19 2.758253587999712
444 20 4.127528225255291
445 18 1.8587252043213653
445 19 2.7786342378343294
445 20 4.24400213632006
446 18 1.9135764044012675
446 19 2.7896685811910515
446 20 4.119595500037707
446 21 0.0
447 18 1.9363198785877531
447 19 2.797409632571877
447 20 3.946272744557393
447 21 2.0003959918735954
448 18 1.9372738935078424
448 19 2.754013567341106
448 20 4.228779316607865
448 21 2.856066864807399
449 18 1.9378871971940042
449 19 2.7064652305132304
449 20 4.2440800775292775
449 21 3.4530481800737847
450 18 1.9630752886916323
450 19 2.7710284183449705
450 20 4.256752609840413
450 21 3.8695478938380705
451 18 1.8653536781847222
451 19 2.8109455176188183
451 20 3.458884489580237
451 21 4.160129878574803
452 18 1.356893334606321
452 19 2.344128058503551
452 20 3.605547338486791
452 21 4.362838481157374
453 18 1.7926816098872493
453 19 1.387611288868927
453 20 4.210817522621881
453 21 3.0758071237305495
454 18 1.8753260914123753
454 19 2.0013179764162485
454 20 4.2281713126487315
454 21 4.009143923496528
455 18 1.8947191903771867
455 19 2.1278216715380465
455 20 4.181498031263159
455 21 4.142995298197202
456 18 1.9082492972010348
456 19 1.9057623153078815
456 20 4.249043274321362
456 21 4.278186103569132
457 18 1.9176889436092945
457 19 1.8989429581022308
457 20 4.446478203193777
457 21 4.628570615929234
458 18 1.9242747273309386
458 19 1.9116747819507263
458 20 3.810787976749382
458 21 4.68968206211992
459 18 1.9255618611453746
459 19 1.9165189493523342
459 20 4.007505853188006
459 21 4.534836175322589
460 18 1.9320751251455055
460 19 1.9378993750039462
460 20 4.210084676440391
460 21 1.9941462480467471
461 18 1.9064275550384089
461 19 1.9204493393983664
461 20 4.266287457065001
461 21 4.178026459634071
462 18 1.8565275528780476
462 19 1.867018905855389
462 20 2.86737667995032
462 21 4.477906643037452
463 18 1.8029345827449081
463 19 1.7897264162977966
463 20 1.7420621157057223
463 21 4.584567389208998
464 18 1.933740771682428
464 19 1.9097319565039594
464 20 1.772455458403869
464 21 4.6589820502272765
465 18 1.8142677040690205
465 19 1.9028397487228643
465 20 1.9390930882353872
465 21 4.710368481591588
466 18 1.819005695103318
466 19 1.6720318575195054
466 20 1.7375248052373302
466 21 4.598341755150988
467 18 1.899923017693484
467 19 1.8996416035599806
467 20 1.6667921168065227
467 21 4.671604032200255
468 18 1.9066250194663914
468 19 1.989233987535051
468 20 2.0060015413549386
468 21 4.784591506962726
468 22 0.0
469 18 1.8092285697890862
469 19 1.8628220824762312
469 20 1.9694640585823422
469 21 4.798532782668068
469 22 2.062842018753232
470 18 1.8855119484665406
470 19 1.7617751908659551
470 20 1.7596566132342577
470 21 4.264153564784777
470 22 2.9452242263496426
471 18 1.8657045347696728
471 19 1.8497589035694442
471 20 1.7823760703681792
471 21 3.607974443835238
471 22 3.5608413998124933
472 18 1.9208360781173413
472 19 1.9349059381011644
472 20 1.880457834706605
472 21 4.833740435112789
472 22 3.9903426947930325
473 18 1.8670267342344535
473 19 1.9237646881646424
473 20 2.016581793855208
473 21 4.832826956662108
473 22 4.289968809773393
474 18 1.878032098464999
474 19 1.7486425095586398
474 20 1.83619168519414
474 21 4.696450237939334
474 22 4.499025540708164
475 18 1.9220883761437775
475 19 1.989633275103405
475 20 1.7872398957968954
475 21 4.831695914410977
475 22 2.7086898101657577
476 18 1.927343709235964
476 19 1.9621456754072915
476 20 2.058644379436397
476 21 4.77994961897073
476 22 4.460688618887962
477 18 1.5071329138569383
477 19 1.6891021190505082
477 20 1.8472423530202677
477 21 3.431537711516652
477 22 4.085938765982199
478 18 1.537010404579584
478 19 1.2968483272208664
478 20 1.4163577989700746
478 21 4.731724720944086
478 22 4.752945726648009
479 19 1.9726390036093782
479 20 1.5009917088248645
479 21 4.738777903537099
479 22 4.82224310687487
480 20 2.213079280489613
480 21 4.753706075408428
480 22 4.799958614442612
481 21 4.547500110429803
481 22 3.5712152017311514
482 21 4.530949705780858
482 22 3.2030521494645203
483 21 4.545085344506526
483 22 4.576893889047259
484 21 4.269010055173499
484 22 4.69921879337774
485 21 4.644354394706541
485 22 4.784561866163868
486 21 4.704221299215756
486 22 4.845337630532412
487 21 3.8772261078341317
487 22 4.7568314438839385
488 22 4.500938148403656
489 22 4.933001257916567
490 22 4.947666464963685
490 23 0.0
491 22 4.499493180196265
491 23 2.6793974247088084
492 22 3.7648563373448476
492 23 3.825511805556293
493 22 4.911198455851185
493 23 4.625128676438338
494 22 4.9358135083682635
494 23 5.183002271993304
495 22 4.835834978410681
495 23 5.0306079857882136
496 22 4.957136213084648
496 23 3.825663787189164
497 22 4.82896838412346
497 23 5.3046826664405815
498 22 3.9124070820097647
498 23 5.929522586597352
499 22 5.098309901368326
499 23 6.111861151786292
500 22 5.014177263494225
500 23 5.969107489642504
501 22 4.944229969211541
501 23 2.5438780228583635
502 22 4.696402694853592
502 23 5.943867771774117
503 22 4.48285301230909
503 23 6.103025621095279
504 22 4.702384113928971
504 23 6.214095361447747
505 22 4.6031889386961495
505 23 6.227731644515844
506 22 4.565529471448878
506 23 6.101504184864358
507 22 4.633964580859335
507 23 6.373388048815162
508 22 1.9083949364867054
508 23 6.032269585666471
509 23 4.794238469160446
510 23 6.349035423866762
511 23 6.391087350320235
512 23 6.4529129320077905
513 23 5.592512884464518
513 24 0.0
514 23 6.307914088969255
514 24 1.5612749364795195
515 23 6.295488859173874
515 24 2.2291114505052336
516 23 6.362943694031752
516 24 2.695045153748931
517 23 6.094936440184917
517 24 3.020116035264681
518 23 6.071323251846684
518 24 3.246909944896542
519 23 5.726508371982868
519 24 3.4051123473082248
520 23 5.986116863646116
520 24 3.5155287476567088
521 23 4.171642859473594
521 24 2.654540630244264
522 24 2.41200385233062
523 24 3.426395596215103
524 24 3.154409495893674
525 24 3.3866768932216473
526 24 3.620320207775528
527 24 3.6656585533301107
528 24 3.697170175870041
529 24 3.5767888135958525
530 24 1.8241918402529091
531 24 2.9103723256084395
532 24 3.4140556551639882
533 24 3.517832356210501
534 24 3.5949586516919
535 24 3.6638433699181125
535 25 0.0
536 24 3.7149692489598696
536 25 2.524134851466545
537 24 3.8001744019447288
537 25 3.6038415041539285
538 24 3.420062173526377
538 25 4.357124473220143
539 24 3.6583378574807845
539 25 4.882672378565135
540 24 3.745576318688671
540 25 5.249283559922835
541 24 3.753046797628939
541 25 2.746494544175316
542 24 3.7563579124883653
542 25 5.253650152258042
543 24 3.3196362312674257
543 25 4.909646005869159
544 24 3.087999931853066
544 25 5.7382258928842695
545 24 3.6611298795785325
545 25 5.800533778020735
546 24 3.7182615399866656
546 25 4.202072071022532
547 24 3.7378863652401333
547 25 4.659836592044132
548 24 3.7235183442218576
548 25 5.656455811954293
549 24 3.757138392891949
549 25 5.7849241230936554
550 24 3.7357201420938
550 25 5.9610809985655395
551 24 3.4833883182973304
551 25 5.700985100696652
552 24 3.2542070526422715
552 25 5.780445142834895
553 24 3.690899032314877
553 25 6.0146533119159535
554 24 3.7632118990335273
554 25 5.9256363376075765
555 24 3.7233408156403534
555 25 4.559354797494105
556 24 3.7389410647283783
556 25 6.013728779810809
557 24 3.504337604035317
557 25 6.088900313417494
558 24 3.5844588599999248
558 25 5.983392662434894
559 24 3.421511883208772
559 25 5.928028419898686
560 24 3.5436057695444765
560 25 5.047719579289693
561 24 3.42660718860622
561 25 6.006405217575434
562 24 3.632178807400918
562 25 6.036504905809836
563 24 3.552190075268068
563 25 5.697126071439649
564 24 3.5850285237750863
564 25 5.567088372132612
565 24 2.0401173138972504
565 25 5.289951196189371
566 25 5.78383436724781
567 25 5.957870278598546
568 25 2.7822395046671824
