timeStep pedestrianId x-PID4 y-PID4
1 1 1.261085327237002 25.764118929520333
2 1 1.8981971499325132 25.727580853138974
3 1 3.5449348519543724 25.633066155872157
4 1 5.896067218353915 25.498150944592826
5 1 8.755589691787879 25.399058646197588
6 1 11.971641312708297 25.352631610981707
7 1 15.385045830119088 25.063236466914596
8 1 18.5769917667368 23.54050756317729
9 1 20.985160870704277 21.02938325979921
10 1 21.37412173154955 17.284673939622603
11 1 21.379942425359403 13.442679544912753
12 1 21.381660630012394 9.557985750135948
13 1 21.3825119110236 5.643507445057592
13 2 2.2871933788302847 26.049711907164145
14 1 21.383060077597246 2.053455104276876
14 2 4.39881073278604 25.870300167470905
15 2 7.413674296424501 25.614156944305787
16 2 11.075675752034016 25.36991118683654
17 2 15.153368529761575 25.09425648634033
18 2 19.01717392401202 23.257833516535594
19 2 21.163190683139415 19.58647946039317
20 2 21.37932224010119 14.844301267452519
21 2 21.38165878613051 9.97351808099986
22 2 21.382674861820444 5.028095766363887
23 2 21.38327021807894 2.0249782640354295
24 3 2.1667215337677526 28.707120920553102
25 3 3.6712542682715923 28.28069927005559
26 3 5.8193971442808206 27.672037708307354
27 3 8.416584517842491 26.93627570755191
28 3 11.326957030890743 26.111476778616385
29 3 14.456708534592172 25.227654319647666
30 3 17.586686260184596 24.13004269795096
31 3 20.274820450999123 22.01282078756804
32 3 21.253820649938287 18.83249285912453
33 3 21.39743396660747 15.201295609802289
34 3 21.397433966608986 11.516350808918348
35 3 21.397433966603 7.803765950680873
35 4 1.6483741006189205 25.815118052051705
36 3 21.397433966603103 4.071897154242561
36 4 2.8130123602434947 25.741751994565437
37 3 21.39743396660305 2.0267741799666847
37 4 4.475827591788756 25.637046131300824
38 4 6.486207236369198 25.510434392159134
39 4 8.738760373203256 25.40228459576322
40 4 11.173550107228179 25.36427368271052
41 4 13.694609159633368 25.275958689030848
42 4 16.232541085368588 24.911118156112273
43 4 18.522045506581403 23.56037549972172
44 4 20.48199143544133 21.80028943596624
45 4 21.184168525211508 19.34231576659996
46 4 21.376096813577995 16.597135236005418
46 5 2.3440326639886204 28.964857738026055
47 4 21.379962545128627 13.81553907708686
47 5 4.215732383113053 28.393715270116996
48 4 21.381335639992106 11.022925419404546
48 5 6.887944909702757 27.57791370155154
49 4 21.382100705578377 8.222627062097043
49 5 10.118825032650218 26.591971336926555
50 4 21.382618331325546 5.416967385623679
50 5 13.739588130850517 25.487689220968594
51 4 21.383003982243668 2.607567262982598
51 5 17.474943903075758 24.19821202534994
52 4 21.383280757339357 2.0240524296043025
52 5 20.664730713394793 21.64737104690178
53 5 21.371420564271304 17.433768455435327
54 5 21.38023748269657 12.936381817627144
55 5 21.381952249570382 8.369963127229857
56 5 21.38278986092282 3.755397367648058
57 5 21.383297354744357 2.0221763268120725
57 6 1.8966566834109118 28.654283293397253
58 6 3.536137296969372 28.204231585268257
59 6 5.87695069849692 27.561829640088686
60 6 8.707042986959927 26.785140756849096
61 6 11.87875960483754 25.915731653238517
62 6 15.307444722860806 25.05687361965862
63 6 18.54739523708795 23.54560264758665
64 6 20.992560001721035 20.934411306439294
65 6 21.377085523295545 16.997822843422544
66 6 21.380324597080556 13.033230147481673
67 6 21.38185385989738 9.026004879672222
68 6 21.382646841021753 4.989037030724241
68 7 2.0686837022567226 25.45134179490299
69 6 21.383162631983378 2.0313848049719345
69 7 4.628439914474893 25.434097418511424
70 7 8.282186935886555 25.404201132861285
71 7 12.672307475058822 25.359322381571516
72 7 17.37732740633787 24.263313659868263
73 7 21.00058641670366 20.83510668046579
74 7 21.378485697771033 15.253874190912706
75 7 21.381412197953058 9.494728105335906
76 7 21.382695202396217 3.6074493904375107
77 7 21.383339226624262 2.020488855823773
79 8 2.1141140805881196 27.56858284866507
80 8 3.6437957765463223 27.261718108189225
81 8 5.827792567346236 26.82355741142522
82 8 8.46828685708369 26.293780357649727
83 8 11.427190783263953 25.69969568944086
84 8 14.648647028267007 25.148322409172675
85 8 17.73299686004782 24.041804414755266
86 8 20.380833221924163 21.90249383879722
87 8 21.27006074851974 18.67741223896761
88 8 21.379109244692167 15.053388886768703
89 8 21.381261775571087 11.378132562391144
90 8 21.38224546331138 7.674962010409354
90 9 2.0204591943207504 28.454569747683053
91 8 21.382851540201496 3.9523165497686676
91 9 3.458799952096624 28.076433488565453
92 8 21.383267412548093 2.025728675622155
92 9 5.512410877491751 27.536623699210562
93 9 7.995251484531319 26.883902731148865
94 9 10.777697377798942 26.15294747013087
95 9 13.769437851590858 25.36842733819375
96 9 16.824859011317088 24.59031034301202
97 9 19.538183440078537 22.75541440170845
98 9 21.108734506629627 20.024486054245312
99 9 21.377633742296748 16.561770471583607
100 9 21.380525950955715 13.060884408601755
101 9 21.381825514769304 9.532620302290649
101 10 2.0203323363220225 26.88500438330202
102 9 21.382551631052998 5.98525584977475
102 10 3.401208857174762 26.680797682914303
103 9 21.383043844381998 2.424565625974313
103 10 5.372760179457799 26.38926980986344
104 9 21.38336976501375 2.0219724109122477
104 10 7.756385494077536 26.03664762021201
105 10 10.427478981690546 25.641219337649378
106 10 13.298351319617318 25.32203136376633
107 10 16.239179339769066 24.910217700959524
108 10 18.904286993917836 23.334502855676806
109 10 20.969234340796387 21.126397540773958
110 10 21.363531806290435 17.881534254881306
111 10 21.379391864389373 14.593760591482024
112 10 21.381261389459084 11.280733101215457
113 10 21.382169092730518 7.950205771466924
113 11 1.6975259611208484 28.663332693814404
114 10 21.382746931243997 4.607469369770275
114 11 2.297713855563388 28.500490022931064
115 10 21.383161199447425 2.036636557784245
115 11 3.1546279580423704 28.26797581411982
116 11 4.190632787709336 27.98677341631613
117 11 5.351611414703785 27.67170236094189
118 11 6.599775856955296 27.33298112159978
119 11 7.908812275789657 26.97792326514505
120 11 9.260242928775575 26.611192682464708
121 11 10.641287493823468 26.236452267355368
122 11 12.043148782940051 25.856698711168725
123 11 13.459578507255896 25.473612752703747
124 11 14.89965455020182 25.1131257450899
124 12 1.4008138908508898 27.546688905412818
125 11 16.292844274189783 24.89144930959728
125 12 2.803204357400392 27.281725926181377
126 11 17.574483373192223 24.137524821414022
126 12 4.805462234718668 26.903392231784984
127 11 18.821955441330527 23.382533703931298
127 12 7.226220247816508 26.445892876050387
128 11 19.90471188677984 22.39042599976407
128 12 9.938955271455086 25.933158244301122
129 11 20.934353404640873 21.336303507134428
129 12 12.85526577266816 25.38120086017391
130 11 21.127400004008386 19.860693805645944
130 12 15.866706740643718 24.962826474627192
131 11 21.314202947062043 18.377042478533475
131 12 18.610685816099483 23.50632159874014
132 11 21.376495437611315 16.882854455067935
132 12 20.911830300424516 21.349657705205956
133 11 21.379153067379757 15.384198173847158
133 12 21.356750741133304 18.081194781741523
134 11 21.38033479460101 13.884596320352497
134 12 21.42453046333819 15.521191831327346
135 11 21.381066259480175 12.38433594264686
135 12 21.48822855603662 14.01665544622762
135 13 1.3020745493283985 28.711522814544715
136 11 21.3815852497178 10.88361624570641
136 12 21.601333569359078 12.564875330446549
136 13 2.1359855522548097 28.488518963232977
137 11 21.381982461902897 9.382576118119937
137 12 21.780798210149978 11.071573332101957
137 13 3.326594620516423 28.170095848851016
138 11 21.382301530142247 7.881312441397422
138 12 22.064633417436273 9.498695785451872
138 13 4.766055989201678 27.785074248004296
139 11 21.375137829474127 6.379941459142793
139 12 22.51890122908578 7.734670905313095
139 13 6.379143912235563 27.35361809005062
140 11 21.372102039716733 4.867682131813399
140 12 23.136642492010065 5.447994070300866
140 13 8.113415021814038 26.889945421735614
141 11 21.366036677609557 3.34637970380619
141 12 23.43428858729705 2.6669615022243653
141 13 9.932224795759582 26.403766086425826
142 11 21.36578529601423 2.06425840581002
142 12 23.496508455597404 2.0214289567683577
142 13 11.810060590450888 25.902054342673214
143 13 13.729361908629079 25.3905728137696
144 13 15.747660272790467 25.00305553916704
145 13 17.52394198756507 24.172358099349985
146 13 19.19324793180559 23.104832214220348
146 14 1.5413093979866943 25.765944239031136
147 13 20.572322422798045 21.689914584910607
147 14 3.2458548949636663 25.665825274220772
148 13 21.130567722023432 19.887122679268728
148 14 5.6795194335686805 25.52285380007912
149 13 21.367188136102378 17.834153205468755
149 14 8.621101085649295 25.399978977565617
150 13 21.378657017121807 15.761830914030684
150 14 11.949738199750682 25.397479877347344
151 13 21.38042625409388 13.685762021760894
151 14 15.397721774442221 25.045481742268635
152 13 21.38133993117982 11.607127364122508
152 14 18.619310609165474 23.50116334378756
153 13 21.381938195070692 9.526702929681871
153 14 21.003914710588823 20.835302660125475
154 13 21.382375723277985 7.445029852073509
154 14 21.378935016061604 16.922244490543292
155 13 21.382717051088704 5.362485634240305
155 14 21.381299881285766 12.943901153431677
156 13 21.38299488595207 3.279333648169031
156 14 21.382328098056853 8.921714963477307
157 13 21.383222874775374 2.035350934661667
157 14 21.382949429033598 4.86894102271088
157 15 2.363653832430106 27.6930458817803
158 14 21.383380860658658 2.0301865674247903
158 15 3.9487204181516327 27.35426720566988
159 15 6.21179592860709 26.870552462701756
160 15 8.947909124394615 26.285755983573583
161 15 12.014080031662985 25.63057579551938
162 15 15.321546755263931 25.04802044805766
163 15 18.417619560122485 23.623555635991195
164 15 20.968455736546147 21.209429361344643
165 15 21.37055229930345 17.502495481582905
166 15 21.379823352501457 13.72351427064353
167 15 21.381593631541303 9.903636192489216
168 15 21.382461339546357 6.0552446681613095
168 16 1.9161969066227669 25.45388693665279
169 15 21.383018064646564 2.1905658456512036
169 16 3.6713075216000592 25.451843805977354
170 16 6.17836212000788 25.421263603869406
171 16 9.20961431454203 25.39439055086581
172 16 12.641073062600013 25.347576805614892
173 16 16.18598788273831 24.91907673368273
174 16 19.361196198075294 22.9370888926859
175 16 21.136967109400942 19.781668370388164
176 16 21.42281932804042 15.775015783114458
177 16 21.4228193280507 11.678782090392012
178 16 21.42281932803902 7.538711458593774
179 16 21.42281932803933 3.368056816164434
179 17 2.1816152754633893 26.475158138614493
180 16 21.422819328039317 2.022407821351278
180 17 3.319443639462724 26.341106696081038
181 17 4.943983035486752 26.14974561965784
182 17 6.90808505112054 25.91837218422701
183 17 9.109065394707027 25.658855714885984
184 17 11.47537847730772 25.380780076918807
185 17 13.951871356083503 25.233533875882483
186 17 16.416568014102594 24.829780593968263
187 17 18.650504860649896 23.483062593700325
188 17 20.546288619385948 21.730140008197623
189 17 21.197610314941308 19.294963865430145
190 17 21.37650422104397 16.6020961237353
190 18 1.654555317044168 25.883538853625954
191 17 21.38002936574096 13.870332946326924
191 18 3.103702265520826 25.78469080560621
192 17 21.381350563620952 11.128000188596967
192 18 5.172719435954626 25.643513687694334
193 17 21.38209912332125 8.3782948223328
193 18 7.67420575756287 25.472811541093023
194 17 21.3826092080521 5.623445872713176
194 18 10.527628485210192 25.38331822660524
195 17 21.382990764014682 2.8650083763597913
195 18 13.551944065835116 25.297741914018367
196 17 21.38327170228751 2.0252800885082447
196 18 16.554539060265242 24.75374878141937
197 18 19.267620934065175 23.03593526186487
198 18 21.042247144543428 20.51699448053761
199 18 21.378338263503565 17.142395137570922
200 18 21.380863465500003 13.720168195638362
201 18 21.381975242000024 10.272117797512635
201 19 1.2821753209598905 25.714407071241165
202 18 21.382635167470667 6.806051388870253
202 19 2.749988887327346 25.63544306103831
203 18 21.383094872895946 3.3274156920531817
203 19 4.845659508170453 25.522682954059132
204 18 21.383423585200376 2.024289704050565
204 19 7.380217613778519 25.41035966617685
205 19 10.22590990453254 25.376916033062674
206 19 13.261160919673168 25.327508893504806
207 19 16.351491057353332 24.864779920366626
208 19 19.13276670581427 23.171821286222734
209 19 21.019512643493645 20.66700357256082
210 19 21.374020910479377 17.282959525146726
211 19 21.37965801757429 13.820933193244434
212 19 21.381426949320275 10.332390884195178
213 19 21.382301265450653 6.825354891488586
213 20 1.7379196153017276 26.909347995272565
214 19 21.382862490846016 3.3054164047366577
214 20 3.1568842127019865 26.701338018245096
215 19 21.383245686154474 2.0241606487531594
215 20 5.182814392344607 26.404372697758237
216 20 7.632206159997168 26.045314938496574
217 20 10.377033756330832 25.642912064135803
218 20 13.353070909196484 25.31739717147708
219 20 16.36490416102469 24.857830378601935
220 20 19.082397318555664 23.213072697067947
221 20 21.002860979176553 20.815243274498176
222 20 21.372303099921186 17.518161019444477
223 20 21.379656649384227 14.13966085369364
224 20 21.381408878793692 10.735528614729889
224 21 1.6381393256977246 27.737317798247727
225 20 21.382274086533084 7.3135245860864675
225 21 3.456572323814306 27.363005308385212
226 20 21.382832199617944 3.879052036042615
226 21 6.052830127168875 26.828529224617526
227 20 21.383225499993497 2.027016681884007
227 21 9.19174560283933 26.182249443513303
228 21 12.709337226799306 25.458339070261
229 21 16.436416734766834 24.821502708375302
230 21 19.709907061187483 22.57931433438777
231 21 21.219828490506526 19.058566427454693
232 21 21.379016762568998 14.811657976922918
233 21 21.38140333411662 10.48145259014928
234 21 21.38244758685206 6.104945122910825
235 21 21.383071673355012 2.054595702720751
235 22 2.7060703004918314 26.28461419443259
236 22 5.103780284281682 26.027477311038997
237 22 8.527119670179482 25.660421225124907
238 22 12.671415740518388 25.358791304219615
239 22 17.101932338631144 24.425525582815304
240 22 20.8545835573039 21.42493169746938
241 22 21.379822179186814 16.219613051320657
242 22 21.381970868273 10.799928052955327
243 22 21.382923961382335 5.258198409893811
244 22 21.38349080698924 2.023207485726166
246 23 2.2543215241407437 27.968307414985635
247 23 3.62303805050733 27.650414826112947
248 23 5.577225527825258 27.19655318481585
249 23 7.939897684198129 26.64789375404193
250 23 10.587532048997295 26.032975936749924
251 23 13.434214624838916 25.372849048321594
252 23 16.394684569481175 24.84341651748265
253 23 19.057719547381215 23.229979149135154
254 23 20.99361073526946 20.908170012863383
255 23 21.368627618527356 17.648442103381885
256 23 21.379455818621825 14.338508320529167
257 23 21.381307234294997 11.00335109621095
257 24 2.453389912729487 28.504318649694635
258 23 21.38220041552475 7.65062839537833
258 24 4.643981878314838 27.902617896000894
259 23 21.382771655594173 4.285650903370069
259 24 7.771636728392675 27.043668855772655
260 23 21.383178695191866 2.0315315514018324
260 24 11.553198105169454 26.00575314962573
261 24 15.806615586293074 24.99071904434976
262 24 19.71639562998824 22.572695523372786
263 24 21.317910189433565 18.271629872295737
264 24 21.38034615872244 13.170792673695992
265 24 21.382136809049456 7.949123027004041
266 24 21.382986169788502 2.6475589752249205
267 24 21.3834659914895 2.019068455246511
268 25 1.3314215843723343 26.1281316231095
269 25 2.476197140932796 26.031111846035564
270 25 4.110652981335176 25.892613887117196
271 25 6.086737890733282 25.725069548330318
272 25 8.301166744871841 25.537232190062248
273 25 10.681917884126907 25.3807390243223
274 25 13.19526772766366 25.34256678976146
275 25 15.732553174969665 24.984460592207764
276 25 18.035867801520215 23.857898072172272
277 25 20.063003647618483 22.218161631698475
278 25 21.10432000296353 20.00332062520224
279 25 21.37474081041511 17.308844582947014
279 26 1.7802091894321688 28.650074294580563
280 25 21.37931242435826 14.569819695013265
280 26 2.784037552065279 28.377078047068647
281 25 21.38102658905059 11.820095629351162
281 26 4.21725468317344 27.987310433766464
282 25 21.38189995827278 9.062910774310176
282 26 5.950046924394963 27.516077659163997
283 25 21.382469096960705 6.300520909435846
283 26 7.891785263093367 26.987784962622865
284 25 21.382884465149193 3.5344996692536625
284 26 9.979391403855075 26.42001911845153
285 25 21.38319876852812 2.030089580515984
285 26 12.16888386892695 25.82514678960205
286 26 14.429562948584342 25.21174075042303
287 26 16.719511256330158 24.653668639446604
288 26 18.770464818192075 23.413756664983293
289 26 20.495576519616876 21.774516099674056
290 26 21.154983112354227 19.59996846811181
290 27 2.131386723324314 27.062458356415036
291 26 21.376050984186353 17.149038160006324
291 27 3.1695917092652834 26.89349518700647
292 26 21.37962016149746 14.661989853163487
292 27 4.651897231278944 26.652301299868935
293 26 21.381060930068934 12.167346061523626
293 27 6.443996970284395 26.360447712731588
294 26 21.381856604710492 9.667404874938203
294 27 8.452296716714159 26.03363863644419
295 26 21.38239262211684 7.163767977289016
295 27 10.611388140353878 25.68216200253002
296 26 21.382790936057276 4.657552688471115
296 27 12.887688625287023 25.358213506204326
297 26 21.383105874858483 2.160268884523435
297 27 15.212491669428793 25.06053071899729
298 27 17.38645997593482 24.253537713972023
299 27 19.376815402856447 22.92120146219077
300 27 20.958411136209886 21.214102514877634
301 27 21.286667784592442 18.757775252419577
301 28 1.8614207494380726 25.65690828708922
302 27 21.377731591794305 16.25500993083962
302 28 4.319315860883033 25.529708666672047
303 27 21.38034663894003 13.738799043830662
303 28 7.827246565729612 25.407474357164414
304 27 21.381442770658182 11.215358363352916
304 28 12.05276697798278 25.3679008313085
305 27 21.38211119045458 8.686874366028537
305 28 16.600857157785967 24.727572099864304
306 27 21.382582574534215 6.154871829272025
306 28 20.522853301200204 21.744103510648277
307 27 21.38294227876619 3.6204145039166153
307 28 21.37913344421685 16.673902393478542
308 27 21.383225366931494 2.033702771038699
308 28 21.381864275410937 11.138085881602644
309 28 21.382882713206232 5.479029456570337
310 28 21.383475129798683 2.023489018742128
313 29 1.5462663688873377 25.456589548154376
314 29 2.991951401427878 25.448268882125173
315 29 5.056709246419167 25.431195372124648
316 29 7.551724258347129 25.40912462077465
317 29 10.355763926144418 25.377377738388066
318 29 13.33381725547866 25.34894120362385
319 29 16.44871545029241 24.823203808711124
320 29 19.17555183555569 23.12993932354166
321 29 21.018178688595164 20.66224995997861
322 29 21.395103378115518 17.33319048847199
323 29 21.395103378135264 13.926275978437229
324 29 21.395103378132045 10.493377916989424
324 30 2.3191573536572427 28.7094912515353
325 29 21.39510337812674 7.042351644991345
325 30 4.705776277265882 28.025591298247196
326 29 21.395103378126873 3.5786777461695287
326 30 8.113143455338307 27.048699954296836
327 29 21.39510337812686 2.0256014486548803
327 30 12.233020963198783 25.868646941126094
328 30 16.778913046883417 24.61649191385393
329 30 20.721846485128125 21.564348190992593
330 30 21.397937513984786 16.251830647730845
331 30 21.397937513993497 10.668580149603354
332 30 21.397937513988634 4.960742081480209
333 30 21.397937513988577 2.0220158532551986
335 31 2.201386140002017 26.628194665414863
336 31 4.401500176647299 26.342132156470193
337 31 7.542704439596345 25.93363485809293
338 31 11.340462336236133 25.439534305354957
339 31 15.589583372790814 25.005903259777504
340 31 19.465325292894764 22.827949050766314
341 31 21.26250933127198 18.762315814873126
342 31 21.380672745425624 13.77887098757877
343 31 21.382241643633215 8.678866485758137
344 31 21.383032309303324 3.500947085775813
345 31 21.38350911285281 2.0204225128351605
346 32 1.8594073603780052 28.90471324458356
347 32 4.107825908507358 28.250603513948924
348 32 7.3179220476098195 27.316405446886858
349 32 11.199167984917194 26.187518275762823
350 32 15.580715006819938 25.01215408205404
351 32 19.6371303574478 22.65227906770867
352 32 21.322641360273888 18.247321888299716
353 32 21.380436091765826 12.987188445865755
354 32 21.382203738885586 7.604042281799733
355 32 21.383045280059875 2.152200713845361
357 33 1.472100699127534 25.644158802543412
358 33 2.3520115960462653 25.600872262936264
359 33 3.6082975058975615 25.538920340601
360 33 5.127174337393781 25.46400833432954
361 33 6.853331505876757 25.41602521501395
362 33 8.683738575282375 25.39906862553447
363 33 10.604040948947866 25.381330469868885
364 33 12.58937983537058 25.344239316921463
365 33 14.591248283325507 25.152493723884945
366 33 16.528051215017154 24.76917411533917
367 33 18.294519582944666 23.698971016270235
368 33 19.873241041789736 22.41076724697034
368 34 1.3650130106129164 27.412282427752682
369 33 20.992565355846615 20.88696348850241
369 34 2.871832361730113 27.14267847603409
370 33 21.255104818889052 18.813668585857773
370 34 5.023199912721728 26.757779764476602
371 33 21.37628271669524 16.714672243596322
371 34 7.624235596266899 26.292342697900736
372 33 21.379663580383667 14.598938363776277
372 34 10.53898118658586 25.770643011787044
373 33 21.380925559466622 12.479662044934653
373 34 13.67846180644987 25.279467991165898
374 33 21.381668175864103 10.35791592801326
374 34 16.811566955486757 24.60033324905749
375 33 21.382182747502608 8.234446801775436
375 34 19.584392349969086 22.707083568198566
376 33 21.382571266049908 6.109775593751906
376 34 21.135095494354463 19.82488868136289
377 33 21.382880643336776 3.9842657275420397
377 34 21.405055830691282 16.266552421799354
378 33 21.383136866470142 2.064561554725849
378 34 21.40505583070188 12.65841894298315
379 34 21.40505583069355 9.023549339365541
379 35 1.0936831639464784 28.603502887738454
380 34 21.405055830691346 5.37002656863844
380 35 1.8525898079104777 28.40876224370656
381 34 21.40505583069136 2.0529293563303437
381 35 2.9361213063746234 28.13072979737885
382 35 4.246148326187317 27.794635319802094
383 35 5.714175085843706 27.417951019204608
384 35 7.292412903058633 27.012862526124366
385 35 8.9475760316788 26.588090325432667
386 35 10.656457187422077 26.149775859796843
387 35 12.402755381308035 25.70177255487941
388 35 14.175437929003927 25.248103798686866
389 35 15.96533964987288 24.961739074285564
390 35 17.596047057464926 24.125833654634874
390 36 2.483101160363613 25.528937861265863
391 35 19.138799317728765 23.161740184536413
391 36 4.7169344899381755 25.435210881372598
392 35 20.41881926968501 21.863607393672922
392 36 7.909002156260884 25.405618202098584
393 35 21.085459729948408 20.203253757222104
393 36 11.756897771687703 25.368241724595123
394 35 21.318977478662028 18.338846253401172
394 36 15.944668456584237 24.945517714124904
395 35 21.377406740168222 16.45880002728367
395 36 19.72485853232481 22.562634112073884
396 35 21.37981540989041 14.57312342893507
396 36 21.366590770403217 18.3056828988713
397 35 21.380906971981084 12.68552173483717
397 36 21.37964838335891 14.240168672022744
398 35 21.381587994391374 10.796577697499332
398 36 21.380841388239986 12.338007813877038
399 35 21.382073449149004 8.906697216166503
399 36 21.38147603700287 10.518154011497492
400 35 21.38244617120088 7.016163417259922
400 36 21.38188997187811 8.673725586575635
401 35 21.382746265415612 5.125173820622018
401 36 21.382152623805226 6.807335328152712
402 35 21.382996004984662 3.2338662265127796
402 36 21.382273839691 4.927890809265622
402 37 2.326108461179369 27.249442185839282
403 35 21.383205703710317 2.0392433634229388
403 36 21.381989367927613 3.30677521162442
403 37 4.634865099950267 26.834748964409744
404 36 21.382589862839943 2.0249017971266063
404 37 7.931178831595019 26.24258543867355
405 37 11.916445254085275 25.52635740008835
406 37 16.342022989733117 24.872754853150525
407 37 20.210467035913503 22.076893257713657
408 37 21.373615672652562 17.415769886606956
409 37 21.380769613532372 12.142110628780989
410 37 21.382337348408296 6.750257320623421
411 37 21.383121963922743 2.036276890536591
413 38 2.103230279776571 28.801052881318203
414 38 3.5378299183304343 28.386899961792658
415 38 5.586095997686679 27.79564787966581
416 38 8.06248970615981 27.080793100939015
417 38 10.837667588084297 26.280013831900927
418 38 13.82175283654983 25.420847344904686
419 38 16.904100436746447 24.549220708803784
420 38 19.618643756332677 22.672569300058306
421 38 21.11204417024124 19.92226589399482
422 38 21.37758799146531 16.47197890120135
423 38 21.380503414009983 12.953953450100537
424 38 21.381818967648144 9.409374341924291
424 39 1.8473130632684769 27.530428717303295
425 38 21.382550073223832 5.8462700690205835
425 39 3.3750804372833425 27.234045597606794
426 38 21.38304489228872 2.270265793369602
426 39 5.5563839446678465 26.811053821314477
427 38 21.383367665132905 2.021712995330911
427 39 8.193604904579217 26.299529684672148
428 39 11.14884661416872 25.725916362704
429 39 14.356164308943868 25.1863190327241
430 39 17.466709542168825 24.20657483292923
431 39 20.164327229877276 22.122592192443815
432 39 21.226482187592076 19.001266951855616
433 39 21.378428719087538 15.389329046926937
434 39 21.380964147975245 11.721975673960259
435 39 21.382084113684673 8.027171103655641
435 40 1.2284968673484822 27.185950707228432
436 39 21.382743464603383 4.313214850570041
436 40 1.5628403396617188 27.1320849475526
437 39 21.383191758363996 2.028567419348765
437 40 2.040200542568047 27.055186169102928
438 40 2.6173424528973723 26.962229763007656
439 40 3.264094910247609 26.85804234067706
440 40 3.959412390031142 26.746015765897546
441 40 4.688619947047352 26.628565844650936
442 40 5.441466254411228 26.507297645848844
443 40 6.210798596685603 26.383327195393967
444 40 6.991637014465529 26.257497263097687
445 40 7.780505990492329 26.130388800136327
446 40 8.574975399888313 26.002374204632527
446 41 1.4992024337070902 25.883829172996805
447 40 9.373346521991335 25.873692722248965
447 41 3.0061425409970477 25.782204544142633
448 40 10.174439906498714 25.744546700395784
448 41 5.157674790612209 25.63707424137532
449 40 10.977432920452927 25.61507896935414
449 41 7.758917771250419 25.461508239741857
450 40 11.781716062458178 25.485168671624987
450 41 10.202026419597885 25.370715600056805
451 40 12.587851034950475 25.3626346101349
451 41 11.153349450215261 25.380308663585193
452 40 13.401716090154034 25.313775912750494
452 41 11.938526449867908 25.37781236523084
453 40 14.211427011765007 25.2067328042263
453 41 12.695825323581113 25.377102430399784
454 40 15.021257210059606 25.098158167281213
454 41 13.481126902408782 25.307711450597328
455 40 15.830571940332973 24.98687874553787
455 41 14.286078886597203 25.197129095559315
456 40 16.591151342235452 24.734365680041858
456 41 15.07453866783906 25.09572212089945
457 40 17.29247952561064 24.31579765174243
457 41 15.84434768155383 24.993032347080284
457 42 1.3676070525878443 26.600046890204954
458 40 17.992964152189273 23.895184486230146
458 41 16.61491695067183 24.721068502869393
458 42 2.41588875728464 26.47430927396211
459 40 18.68689850881275 23.477655165883426
459 41 17.33979830188019 24.287512299700854
459 42 3.912576355384598 26.294809057340263
460 40 19.32538328885834 22.97878476790504
460 41 18.032601764402624 23.864546482806677
460 42 5.722098389400575 26.077735524615345
461 40 19.902267808993862 22.39970501683791
461 41 18.705062165833695 23.457822795059556
461 42 7.749877158023292 25.834444267796506
462 40 20.471735570232248 21.81712534324932
462 41 19.352505410373116 22.949319313491923
462 42 9.929914242163225 25.57274299071975
463 40 20.95262100137726 21.255137825419535
463 41 19.900955618260568 22.381884906595396
463 42 12.229333955426865 25.39652517590654
464 40 21.054707214395272 20.45720852610541
464 41 20.406176595185638 21.882804395222657
464 42 14.58766043644938 25.147726740859326
465 40 21.154481260610176 19.65481612772714
465 41 20.905010702189262 21.36775577832776
465 42 16.843079800751134 24.58356533248313
466 40 21.25511865981239 18.849716804249066
466 41 21.051704051517113 20.436152207206995
466 42 18.907383406618855 23.34679994020805
467 40 21.355997332193976 18.04268414464381
467 41 21.156717438452414 19.595784692948087
467 42 20.584274607206712 21.662091334062058
468 40 21.375208275941887 17.228547144930207
468 41 21.26506840765558 18.787927061502135
468 42 21.07363784799776 20.31474897747509
468 43 1.6192621022545672 26.192014820011305
469 40 21.37769737592024 16.412930431247734
469 41 21.367236252442954 17.982691874299537
469 42 21.187630721646077 19.491785987186354
469 43 2.551471094405675 26.106781464712927
470 40 21.378932899922738 15.596648968348855
470 41 21.37761168637019 17.163206221255933
470 42 21.27388676375574 18.729054333322374
470 43 3.882431938265942 25.98507593620229
471 40 21.379725137913677 14.779905323193738
471 41 21.379591962628638 16.347104989621613
471 42 21.367825562430696 17.96414779496431
471 43 5.491590573896698 25.837903517701566
472 40 21.38029663260436 13.962839433287677
472 41 21.380849807225285 15.531038713641035
472 42 21.375936096150298 17.17637044221421
472 43 7.2948444867051325 25.67299869241461
473 40 21.380738053269653 13.145548769654699
473 41 21.381971596659998 14.714367110338022
473 42 21.377908517629304 16.377679277526553
473 43 9.233513724764215 25.49571519162086
474 40 21.381094607736504 12.32810130294122
474 41 21.383249296061653 13.897201048270622
474 42 21.378512710091698 15.569253435413627
474 43 11.259601834523625 25.393973478234543
475 40 21.38139185499064 11.510544443121937
475 41 21.38503060555583 13.07974285004005
475 42 21.378413958354315 14.755086920615845
475 43 13.334422222896217 25.31240823922588
476 40 21.381645551104114 10.692911264221317
476 41 21.38790259893783 12.262127559644773
476 42 21.377682968293644 13.938305466044316
476 43 15.414366445330172 25.04321357878277
477 40 21.381866044736228 9.875224839925327
477 41 21.392880122871755 11.444416326860575
477 42 21.376350981411804 13.120573631244278
477 43 17.34386288631606 24.27619358935254
478 40 21.382060471172338 9.057501267685547
478 41 21.40171438458179 10.626602963156015
478 42 21.37460673138493 12.302518120519673
478 43 19.14620158912005 23.159750230244097
479 40 21.38223394288107 8.239751778107111
479 41 21.41754534551441 9.80856905405701
479 42 21.37261973388834 11.484136308606521
479 43 20.579009487466983 21.69108837509065
479 44 2.3732262847810035 28.366826557155665
480 40 21.38239023904464 7.421984206441472
480 41 21.446053787699046 8.989881620369227
480 42 21.370337339958624 10.664788551979129
480 43 21.21201882467529 19.716915281609257
480 44 4.46877776918611 27.815278864787317
481 40 21.382532226391653 6.6042040191386455
481 41 21.49754422870968 8.169097565373102
481 42 21.367634225928462 9.84233905994051
481 43 21.41963786591426 17.511614238582705
481 44 7.460702120338469 27.027803082433472
482 40 21.38266212733724 5.786415030015074
482 41 21.590840216759553 7.341432502450493
482 42 21.338485745189974 9.006715951905733
482 43 21.419637865923747 15.266602242159744
482 44 11.07790457824171 26.07534573770142
483 40 21.382781697105894 4.968619899897481
483 41 21.76106043323788 6.490665193405681
483 42 21.35767505777202 8.146182161494805
483 43 21.4196378659284 13.016889760263167
483 44 15.16486353858911 25.136539169562973
484 40 21.382892344373328 4.150820485196292
484 41 22.077355618747028 5.557464509913993
484 42 21.357292720441645 7.174865873003659
484 43 21.419637865924226 10.763897860193325
484 44 19.08980395511116 23.257141052480506
485 40 21.36396154819756 3.3333812592944243
485 41 22.68318922495887 4.2593206122098675
485 42 21.36191173997373 5.839457020089073
485 43 21.419637865916815 8.508617987697072
485 44 21.181250941134635 19.65777576983809
486 40 21.359030771594778 2.5065032264478635
486 41 23.2747140819426 2.099246651913427
486 42 21.3790322144553 4.25218097247096
486 43 21.420591322992767 6.266365892858418
486 44 21.446380172086027 14.801495057857185
487 40 21.374839869437256 2.0552715777478077
487 42 21.386760934869127 3.3903083053691194
487 43 21.445662041954055 4.911983404977552
487 44 21.446380172075596 9.81869351086913
488 42 21.386768532942085 2.048792445122915
488 43 21.47755709056425 3.690469438216173
488 44 21.43693665489621 5.228072644141855
489 43 21.47755709056421 2.059140168508871
489 44 21.36664019936965 3.382410412337906
490 44 21.38009419758645 2.0226392710198633
490 45 1.426124674154429 25.71259822822717
491 45 2.944577714446532 25.630224733226825
492 45 5.112550883562764 25.512633478235887
493 45 7.748361980113844 25.43126696709723
494 45 10.68942824683645 25.372094789327505
495 45 13.824185703806078 25.25058400334584
496 45 16.941660492961617 24.522406123528402
497 45 19.687415188840383 22.60584305756014
498 45 21.131475999457397 19.759404654331608
499 45 21.379309128557935 16.24832629453048
500 45 21.381314639301987 12.667422698915097
501 45 21.382256134572273 9.058897363929058
502 45 21.382846012692806 5.431101278820142
502 46 1.7411025236608215 26.787290425614522
503 45 21.38326860705826 2.060996706375958
503 46 2.3969840471507387 26.69713303636946
504 46 3.3334168798437487 26.568392146434924
505 46 4.465589395588326 26.412775301040135
506 46 5.734308147580025 26.238286350589767
507 46 7.098312270776922 26.0507804678258
508 46 8.528778481749638 25.854072185477243
509 46 10.005606031844001 25.650888142676294
510 46 11.514736081081274 25.442876754165546
511 46 13.058887695843685 25.36896707743437
512 46 14.610177716432162 25.146285351398138
513 46 16.098358556388675 24.93779512860552
513 47 1.5399113372550954 29.006053297692795
514 46 17.47067364826535 24.19660554445583
514 47 3.0996996747610592 28.55134790688307
515 46 18.799018018768177 23.390270419657405
515 47 5.326704406328303 27.90219609001703
516 46 19.944489488773424 22.33716199371127
516 47 8.019209184810704 27.117380029603357
517 46 20.981964401334412 21.23836047490663
517 47 11.036513878996283 26.2380225747703
518 46 21.157991146982422 19.63324111366604
518 47 14.28091773849723 25.294403697721975
519 46 21.354421035762932 18.055297797134433
519 47 17.54446183920283 24.15856423246041
520 46 21.377592292350982 16.463188919996366
520 47 20.301409754683355 21.96690388611255
521 46 21.37965070706885 14.868634526463174
521 47 21.29738649672684 18.5705363797805
522 46 21.380674911567425 13.272806091669942
522 47 21.380777196968292 15.010041051493683
523 46 21.381335017221573 11.676089347221776
523 47 21.382561990979347 13.258994279944032
524 46 21.381813398700817 10.078752922527139
524 47 21.38466352812397 11.725782904311185
524 48 1.6360890984139216 26.476391945639026
525 46 21.382184357077797 8.480984178607317
525 47 21.387716046741016 10.179588399454266
525 48 3.0775544169025504 26.313449061649717
526 46 21.382485006413035 6.882913821150652
526 47 21.3926369343098 8.61040655596002
526 48 5.135593088420824 26.080681036211843
527 46 21.382736378108877 5.284633037088502
527 47 21.400914846024513 7.025957817884251
527 48 7.623820934154709 25.799382790255198
528 46 21.382951467450663 3.6862054437575913
528 47 21.41516606016851 5.433418743754386
528 48 10.412107091015633 25.48356227711532
529 46 21.383139966490134 2.123001796742534
529 47 21.44009717535006 3.839213037127817
529 48 13.406391039628122 25.3243623119714
530 47 21.44009717534999 2.0335164060233923
530 48 16.43692381673326 24.819515249983354
531 48 19.171792038764828 23.133398657485746
532 48 21.01929589563865 20.655560652065795
533 48 21.383748563872814 17.316442562179347
534 48 21.383969448385137 13.899457726362746
535 48 21.384159244152915 10.456429454653897
535 49 1.5384058241663747 26.165732160164026
536 48 21.38432490424792 6.9952311785049375
536 49 2.552539132229189 26.075588085407933
537 48 21.384471377971128 3.5213561283745705
537 49 4.000462490779602 25.94681775070544
538 48 21.38459577298974 2.025283179209268
538 49 5.751040780624157 25.791213197915322
539 49 7.7127588510763845 25.616707265946676
540 49 9.821763490389248 25.42878695898239
541 49 12.052230770687773 25.37855298848339
542 49 14.34546271521081 25.184522362002824
543 49 16.555602545546318 24.752312068935733
544 49 18.57302657332859 23.538453957393287
545 49 20.302838662581244 21.96893918965504
546 49 21.112584887952522 19.93028597263171
546 50 2.008855271387613 26.23512049475748
547 49 21.371505259656317 17.53718628042213
547 50 4.357675898499872 26.005954724759746
548 49 21.378700849279163 15.103728825333302
548 50 7.711198123853145 25.678677518064326
549 49 21.380638954630264 12.66263675111929
549 50 11.758769931705158 25.378560434447266
550 49 21.381584903603553 10.216232477675193
550 50 16.190933606521067 24.912444866996555
551 49 21.382191225221007 7.766122340923269
551 50 20.102311280643768 22.173027994821148
552 49 21.38262976356672 5.313426752334169
552 50 21.394821338905796 17.42741439768027
553 49 21.38296957824679 2.858927362777342
553 50 21.394821338922213 12.119153214916356
554 49 21.38322744564921 2.0274373098259835
554 50 21.3948213389138 6.692748902056003
555 50 21.394821338913736 2.034075570500603
557 51 2.6866611132065445 25.72456286966194
558 51 5.0715844725668635 25.579377979391758
559 51 8.476813968415856 25.401650838698743
560 51 12.60433938081431 25.363126538535788
561 51 17.018834333162484 24.472043091327986
562 51 20.78610847010118 21.52232462294341
563 51 21.377680961724288 16.348778544146242
564 51 21.38095720959728 10.975161811408393
565 51 21.382433408694084 5.481721401372004
566 51 21.383177038376616 2.024189568730826
568 52 2.005544324005761 28.60756733151272
569 52 4.028535960907761 28.054745722834873
570 52 6.916931570333873 27.265702648775573
571 52 10.40905790013172 26.31170210773967
572 52 14.322594358763931 25.24335160897845
573 52 18.287332468400088 23.71017872609327
574 52 21.040913805415713 20.512518686248477
575 52 21.378176872589844 15.805957816853848
576 52 21.381075428920575 10.986078183153724
577 52 21.382378247641924 6.092274263332547
578 52 21.383086044027987 2.0342971973761976
579 53 2.452666622372732 27.005446790738628
580 53 4.93166380193888 26.603057668791735
581 53 8.47098746309768 26.028136789260145
582 53 12.759446384747024 25.35174129984414
583 53 17.34697279410667 24.275063719376355
584 53 20.9915392842352 20.96851243036742
585 53 21.37853710384943 15.519713592106298
586 53 21.381416022275243 9.870733936930955
587 53 21.38268013184337 4.09603439626329
588 53 21.383330959744235 2.0203084087124994
590 54 2.154446932833305 26.340850234097484
591 54 4.337641804598631 26.107272127262323
592 54 7.454691455779608 25.773709657298326
593 54 11.22379075285688 25.376840643422394
594 54 15.443530274226573 25.02761894398499
595 54 19.322260892077942 22.972922657583403
596 54 21.22588965905745 19.009279752704646
597 54 21.379778610566063 14.081238189473572
598 54 21.381881972626246 9.036828674115826
599 54 21.382820328422405 3.914472662505336
600 54 21.38336468106185 2.0215463644675196
602 55 2.596556618250245 27.985418373756158
603 55 5.086228395337299 27.38912412077805
604 55 8.640968516263264 26.53822150361573
605 55 12.939082831393566 25.510946249797716
606 55 17.608269220713105 24.109954279239417
607 55 21.032366408061755 20.56564938045391
608 55 21.39415896903869 15.030576159359956
609 55 21.394158969037946 9.272826074216686
610 55 21.394158969037004 3.386728173290175
611 55 21.394158969037107 2.0193953935924265
613 56 2.1274443898840407 27.09174720777077
614 56 2.9978477086341586 26.948159442819453
615 56 4.240569787265048 26.743171437607828
616 56 5.743039765362785 26.49528735822433
617 56 7.426748827787385 26.217590146998603
618 56 9.236899891430195 25.919067863767317
619 56 11.13513372284378 25.605207944918867
620 56 13.09405502953543 25.39401870649952
621 56 15.090057857045208 25.077293310617385
622 56 16.97148376299801 24.50121098366553
623 56 18.72508177770479 23.436220966755545
624 56 20.229770311306307 22.058568808950906
624 57 2.667778887082173 27.40123778340921
625 56 21.0691465002053 20.37418587962869
625 57 4.920033966660457 26.95917734782418
626 56 21.327978807605458 18.279204146344817
626 57 8.135681511062533 26.327967638862383
627 56 21.377222334082955 16.166760097932865
627 57 12.0234123862672 25.564524178068428
628 56 21.379930982937548 14.047343532138775
628 57 16.327369352493704 24.874770017772224
629 56 21.38107019324093 11.92462810604587
629 57 20.10013050755967 22.17575822956172
630 56 21.38176475170921 9.799612078711352
630 57 21.375028747645647 17.68598087827362
631 56 21.38225431700941 7.67299105700825
631 57 21.38064952878434 12.524542482449771
632 56 21.382627709579243 5.545250285236309
632 57 21.382251552079552 7.364225973713014
633 56 21.382927037344505 3.4167282974043927
633 57 21.38262146330398 4.968938210794175
634 56 21.383171363814654 2.037095884236434
634 57 21.382651573772865 3.2145692992938204
635 57 21.383127008976764 2.022639121062069
635 58 1.5472332345349813 28.319212615282026
636 58 3.5017680358751955 27.84001469269414
637 58 6.292414854855761 27.156080804640343
638 58 9.666306547229679 26.32893550575545
639 58 13.447501093210754 25.403442744087158
640 58 17.34686727665215 24.277287074175884
641 58 20.66517638579408 21.642935577849155
642 58 21.374620088681095 17.252650922066405
643 58 21.38041676466357 12.627205707860563
644 58 21.382053874611206 7.930920594283683
645 58 21.382867296920477 3.1852171151374122
646 58 21.38335050689459 2.020940120608526
646 59 1.6754262212593225 28.572634605879827
647 59 3.7977182200480053 28.010702732450486
648 59 6.827891613761105 27.208667059819184
649 59 10.491430266251962 26.238957240970777
650 59 14.598131651888023 25.163618139486942
651 59 18.698062391787488 23.46180998334793
652 59 21.123821004161254 19.82104036603628
653 59 21.37921056473591 14.877871862373738
654 59 21.3816469519646 9.833324933398046
655 59 21.382695158709648 4.711040247920821
656 59 21.383294563009766 2.02336649877869
657 60 1.2590543078256 25.66968779147293
658 60 2.355848185151202 25.614466950248687
659 60 3.9217900642041625 25.53550205335536
660 60 5.815043746399035 25.4399398514927
661 60 7.965270295596575 25.403338673816513
662 60 10.24406959976283 25.384466309103008
663 60 12.668613765357566 25.354955021173993
664 60 15.104772538287538 25.075348363519385
665 60 17.381057314885332 24.25415748905995
666 60 19.447461384370232 22.84697421467951
667 60 20.98842158501972 20.998608790920795
668 60 21.310269684999156 18.419259341853
668 61 1.450789395700312 28.941419137997453
669 60 21.377822671022543 15.80621501240595
669 61 2.71579248629135 28.580304707510756
670 60 21.380412120342584 13.179089962229389
670 61 4.521892082871933 28.064688402710406
671 60 21.38151389612386 10.544451095682199
671 61 6.7055467766882755 27.441440173543555
672 60 21.382182321775527 7.904570691882352
672 61 9.152500779282446 26.742705847635133
673 60 21.382652580933094 5.261033453843461
673 61 11.783439475507567 25.99231273295588
674 60 21.383010937546334 2.6149449421687736
674 61 14.542955170671227 25.206617873106804
675 60 21.38327289678073 2.024733831377917
675 61 17.242951862219865 24.333812269119186
676 61 19.658037114741084 22.631398205237506
677 61 21.0742543794964 20.230268931845302
678 61 21.374934251670012 17.168020310303113
679 61 21.380084621401405 14.047146566603166
679 62 1.8721930391541863 27.828715084752172
680 61 21.381506300768777 10.909343389312427
680 62 3.882979138674219 27.39465675850384
681 61 21.38228002327098 7.759732684806677
681 62 6.753829882118758 26.77469929903217
682 61 21.382798377712515 4.601884256285949
682 62 10.224851136125167 26.025614113061952
683 61 21.38318139720235 2.0402597098960498
683 62 14.12965435963773 25.23019138967175
684 62 18.082063758953794 23.82951151450079
685 62 21.00039497744583 20.841496037655276
686 62 21.37841416925367 16.247225393084154
687 62 21.381178594367444 11.51960416925456
688 62 21.382409661700542 6.719417322021253
689 62 21.383098158093922 2.068579758960122
690 63 1.7703423127962794 27.747407740618296
691 63 3.498654143793666 27.386986353832658
692 63 5.966264136106542 26.872449823394025
693 63 8.94964580588174 26.250299755544834
694 63 12.292796463172245 25.552717420767205
695 63 15.880863595324994 24.970900127960444
696 63 19.148267786552278 23.148689857462923
697 63 21.09654879714964 20.0547998713383
698 63 21.379050136226834 16.03304071415946
699 63 21.38135719721386 11.91581395969504
700 63 21.382384606478933 7.7543808656764766
701 63 21.38300397629036 3.5621063516697147
702 63 21.383413691610016 2.023026044934105
702 64 1.797160658775047 28.323192689697237
703 64 3.4960390358466813 27.899119321123727
704 64 5.921557080240597 27.293423328699237
705 64 8.854128557578967 26.56139061975286
706 64 12.140426603576927 25.74108359980093
707 64 15.72256109206541 25.011999662271442
708 64 18.983213386328014 23.278200990796407
709 64 21.0699945914253 20.24859736626268
710 64 21.377632478730295 16.264712253452423
711 64 21.380619311395495 12.182327284858456
712 64 21.382013183472708 8.05577799352451
713 64 21.382761966376677 3.8984171133315506
713 65 1.3055131083043854 25.81278258140224
714 64 21.38323983531906 2.023908480570618
714 65 2.169477610686898 25.7598852878455
715 65 3.4030089261184906 25.68444203464727
716 65 4.8943729955030575 25.59318938996555
717 65 6.565616996456296 25.490843746513118
718 65 8.3620194942503 25.403006985027282
719 65 10.245640954083274 25.38475997305665
720 65 12.197347364639302 25.35763875845424
721 65 14.166927067663085 25.209053420850832
722 65 16.11149254470426 24.936175089163548
723 65 17.87531057987612 23.955221739349085
724 65 19.49490132997237 22.78945067349925
724 66 2.2025157674711213 27.452305087629288
725 65 20.90768093091658 21.35811230755946
725 66 4.2707769504609745 27.0526130072341
726 65 21.186561688532993 19.324866391265214
726 66 7.223738172753722 26.481951237742493
727 65 21.37500945930689 17.270761362136874
727 66 10.7938969126345 25.791817835449805
728 65 21.379347170323957 15.191166489102624
728 66 14.795121927304463 25.114035925179603
729 65 21.380748141813932 13.108339375668649
729 66 18.637540552639553 23.487311757279233
730 65 21.381542588404216 11.023260478781436
730 66 21.1186213990383 19.98971966101731
731 65 21.382083759189555 8.936610717962742
731 66 21.41383176944097 15.306049374115961
732 65 21.38248834252952 6.848865027299776
732 66 21.41383176943825 10.46413444395879
733 65 21.38280843871268 4.760354743140385
733 66 21.434229301070815 6.363943959023635
734 65 21.383071548443304 2.6713110206481447
734 66 21.59974162934133 4.262164942247624
735 65 21.338709346426185 1.3676685335357985
735 66 22.34645064170468 2.3942502458525716
735 67 2.042501623321705 28.82567302711536
736 66 22.34645064170468 2.021552589965458
736 67 3.8113820333763773 28.31415975533961
737 67 6.336876986639839 27.583758452348892
738 67 9.390356171036398 26.701032565510097
739 67 12.812417198277348 25.712790143220648
740 67 16.454553316503937 24.812059860134134
741 67 19.70196837333266 22.587502054554925
742 67 21.213389541464473 19.103254483608875
743 67 21.379197225072023 14.8921742084281
744 67 21.3814706106761 10.597375116589264
745 67 21.382477257186206 6.256669918609995
746 67 21.38308789309741 2.0679259752129626
746 68 1.1175027185998214 25.87593764424698
747 68 1.7561758327564299 25.834429092280825
748 68 2.6680438490713154 25.7751981882703
749 68 3.770513258552649 25.70360031048618
750 68 5.00595425634588 25.623274492615568
751 68 6.334168046368912 25.536885140869867
752 68 7.7271030667861895 25.44620250687468
753 68 9.167099212570173 25.392460763832798
754 68 10.634357669860997 25.390805970715682
755 68 12.16948927202796 25.362386243512113
756 68 13.664836299871917 25.27914476007434
757 68 15.178796988772008 25.071838443310845
757 69 1.1451445239789113 28.85810474988811
758 68 16.58781881255292 24.73194290297886
758 69 2.085744535932653 28.60012195713215
759 68 17.89367693716864 23.94444733474668
759 69 3.4286822716102905 28.23176992704185
760 68 19.15484750438253 23.148662747133123
760 69 5.05232798420068 27.7864395266693
761 68 20.208453710772506 22.065247779913694
761 69 6.8718230363897 27.28742511231522
762 68 20.997785896653383 20.95164068818932
762 69 8.827944848654026 26.750910396363768
763 68 21.18918994546301 19.41769857027105
763 69 10.879435941186161 26.188407771411168
764 68 21.367731149285433 17.894375101099254
764 69 12.997622102777516 25.608351620969778
765 68 21.377364424378552 16.353267455252087
765 69 15.16614285551985 25.08672967214188
766 68 21.379514292836053 14.810769246113574
766 69 17.24697966008439 24.334364301243756
767 68 21.380567326518594 13.267341563704463
767 69 19.152122650879495 23.158210718121232
768 68 21.38124186627535 11.723266056746382
768 69 20.71041357737479 21.566327834598514
768 70 1.5703933750197256 25.459546150316694
769 68 21.381729083074624 10.178738658817851
769 69 21.171340982161457 19.41430660028438
769 70 3.7123543333243694 25.44187906350104
770 68 21.38210609767646 8.633896006098498
770 69 21.375853069472832 17.109092722600355
770 70 6.770530219624731 25.41544186395765
771 68 21.38241121021773 7.08883341332287
771 69 21.37975348835306 14.772477112617063
771 70 10.45965188500232 25.37745522035021
772 68 21.382666040400444 5.543617375572931
772 69 21.381064976859253 12.430204248588778
772 70 14.57181795918985 25.161147258294047
773 68 21.382883909802374 3.9982942836111026
773 69 21.381819726887763 10.083986719835883
773 70 18.506167691165622 23.569772123594408
774 68 21.38307356935821 2.45289650268854
774 69 21.38233749415177 7.735017206328783
774 70 21.157794000599 20.122048561644153
775 68 21.383228009334648 2.0316302300780777
775 69 21.382726213275 5.384127718860483
775 70 21.388351854351843 15.329192646723188
776 69 21.383034625646886 3.0318987150976517
776 70 21.38835453161823 10.404079246895614
777 69 21.3832765780922 2.0297465980637694
777 70 21.3883572388069 5.4041001408291365
778 70 21.388359915656626 2.0260164513374144
779 71 1.4572378289447685 25.460138318068985
780 71 3.1251043353230923 25.44256871256215
781 71 5.50582745175606 25.4274300039157
782 71 8.383199338674483 25.407182452059214
783 71 11.605229897264863 25.361651622301885
784 71 15.045171056133094 25.083965484122036
785 71 18.269638915283252 23.721768598213917
786 71 20.925009469307316 21.336284025125096
787 71 21.380265002406727 17.524658868237236
788 71 21.38179744120723 13.634834755445269
789 71 21.382596263801872 9.703004281488994
790 71 21.383121215756383 5.741867106760123
790 72 1.7866391840859726 27.626272329491766
791 71 21.383506098562176 2.0600101262694905
791 72 3.5661494609047866 27.27029382743339
792 72 6.1068451568402855 26.76204121902155
793 72 9.178599296483794 26.1475359486015
794 72 12.62083351384777 25.45876403356275
795 72 16.276563840643426 24.902735749787116
796 72 19.525971467568006 22.774595022609702
797 72 21.212015061941063 19.397124948407583
798 72 21.381197249863156 15.213398154075893
799 72 21.382313884975922 10.98119732116337
800 72 21.382968110938332 6.703576669819622
801 72 21.383421034835877 2.394267685254376
802 72 21.383721750904687 2.020423848939909
802 73 2.0316890067316997 27.447224043251218
803 73 3.197100051849299 27.2253397756379
804 73 4.861030132885702 26.90861774918028
805 73 6.872704065820842 26.52540987022341
806 73 9.127069423928672 26.096228420987135
807 73 11.550561704584213 25.633958925588196
808 73 14.127108338103747 25.212405243521854
809 73 16.650791680220937 24.697266501538685
810 73 18.945765969357602 23.30085424206519
811 73 20.838132874855376 21.462583160323238
812 73 21.265673949188347 18.73622179432407
813 73 21.384438856747607 15.935101190028183
813 74 2.1819637411034902 27.004831191673013
814 73 21.38454908119891 13.106333577280074
814 74 4.378327249903927 26.655753768898567
815 73 21.384650361088834 10.266649243217106
815 74 7.514130371393347 26.157006626831503
816 73 21.384743863881017 7.41934857301502
816 74 11.3053920033609 25.55405230742834
817 73 21.384830568993415 4.566734165015862
817 74 15.53517538414219 25.022821244642337
818 73 21.38491137793673 2.051461813676901
818 74 19.408553658958294 22.889867885464696
819 74 21.254585868918006 18.830898468279763
820 74 21.38010986243149 13.842852874164121
821 74 21.38202312209353 8.73047075053517
822 74 21.382907719599046 3.540048245395341
823 74 21.383422439903278 2.020562090460121
824 75 1.918334066361455 26.20113442571005
825 75 2.743230378594311 26.123365209077242
826 75 3.920980737453352 26.012374332334073
827 75 5.344900377227172 25.878115283428315
828 75 6.940571135948527 25.72767522491831
829 75 8.656055367046045 25.5658015879658
830 75 10.455354341958342 25.398491657039663
831 75 12.324286823568878 25.35370428314107
832 75 14.209055971495491 25.1999988263793
833 75 16.070196039900814 24.93653301072784
834 75 17.761197688607453 24.02448468013427
835 75 19.340805566126384 22.95460618929225
835 76 2.6648201582110733 26.69907136389786
836 75 20.664846088256926 21.615373967460172
836 76 5.1673180505400556 26.34720747866752
837 75 21.14384768403215 19.83867773942506
837 76 8.740250222756515 25.84475507629331
838 75 21.36750673972796 17.870314021965317
838 76 13.069820854696612 25.352852480930576
839 75 21.378559139996437 15.881963027476406
839 76 17.590573658065647 24.130246365324766
840 75 21.380335388122198 13.889786731978301
840 76 21.037801914372874 20.60655415475068
841 75 21.381255195076346 11.894986175058689
841 76 21.385576350051977 15.092158137022022
842 75 21.38185800912896 9.898355043349428
842 76 21.394575689284146 11.377216471149767
843 75 21.38229903585643 7.900446806754499
843 76 21.462025941567834 9.431209773628995
844 75 21.38264315725122 5.901647573544463
844 76 21.707412228811016 7.470159810070772
845 75 21.37871455747716 3.902257064232897
845 76 22.406579000893434 5.205659594150422
846 75 21.35987478852821 2.072864079857114
846 76 23.381090476393634 2.0395308782148396
846 77 1.6508978016910485 27.812941365412787
847 77 3.3640897072124525 27.450810732387897
848 77 5.810062227202095 26.933599159168406
849 77 8.767276909255237 26.308184078188578
850 77 12.081132808675221 25.607086972023424
851 77 15.643486854517008 24.999210618960188
852 77 18.92703130026132 23.312998020907198
853 77 21.057309942873196 20.374440114437807
854 77 21.377135549172863 16.39010911243305
855 77 21.380372623368963 12.307294858466307
856 77 21.381904279236203 8.180416701082475
857 77 21.382695544262784 4.022797313860147
857 78 1.5082370276136208 28.808477620919984
858 77 21.38319474145216 2.024269742597676
858 78 3.5128611244762142 28.251893866161684
859 78 6.3749953355815245 27.457341051873456
860 78 9.835400053656333 26.4967849282157
861 78 13.71377278065056 25.42246545332648
862 78 17.6872985609369 24.069507523765033
863 78 20.951309735749426 21.2617851930389
864 78 21.376333319522853 16.59406184720947
865 78 21.380442582090268 11.816784420166012
866 78 21.382098374806496 6.964900206001726
867 78 21.38291549971652 2.111420575423966
868 79 1.5990563508218054 27.953408275787943
869 79 2.7434084989786607 27.701052895407695
870 79 4.3772556497904915 27.34074188158921
871 79 6.352601054211715 26.90506238045504
872 79 8.566200192620066 26.41679574034528
873 79 10.945993988887798 25.89170603032582
874 79 13.441956614093199 25.341918487995684
875 79 16.030220804324113 24.943856272744615
876 79 18.34533852845865 23.67293663445116
877 79 20.343051192065126 21.92668672899586
878 79 21.160215591751946 19.531209450443647
879 79 21.37760770250263 16.776400131782907
879 80 2.062196857398668 26.100122817794094
880 79 21.38044318340624 13.982441456735472
880 80 4.440069256649798 25.892259995385114
881 79 21.381582471820394 11.1776264157624
881 80 7.835087414826577 25.59559161517006
882 79 21.382262703746463 8.365237981275591
882 80 11.92980078190328 25.364150011978033
883 79 21.38273763183173 5.547565827715802
883 80 16.35483399021867 24.87110757976207
884 79 21.383097932846482 2.7262073609869355
884 80 20.249436201054706 22.023604555820242
885 79 21.38336213369294 2.0243930449876473
885 80 21.376377451376932 17.27174960119087
886 80 21.38072224645724 11.904515965592216
887 80 21.382335966023295 6.417278383235955
888 80 21.383128898453094 2.030176316696947
890 81 2.179925709211144 27.63226070955904
891 81 3.3163641982893224 27.39777435015704
892 81 4.938925214644392 27.06303829362355
893 81 6.900610340950802 26.658203838646852
894 81 9.09895742529303 26.204768721944397
895 81 11.462239465591695 25.716561796577107
896 81 13.947270663840008 25.241671352996942
897 81 16.440789054955395 24.816753092007755
898 81 18.70013911051581 23.451220573059597
899 81 20.61697921171313 21.681354803910942
900 81 21.22010413240285 19.16907764131714
901 81 21.37790555752523 16.426863446076982
902 81 21.380538271863937 13.66091597228379
902 82 2.008479412919092 28.387542661514914
903 81 21.38162546109228 10.88401739666621
903 82 3.9881608215180897 27.87690195568298
904 81 21.382285753564098 8.099479190777666
904 82 6.814714259538222 27.14807468980036
905 81 21.382750580722316 5.30961105240464
905 82 10.231995467496171 26.26657838344273
906 81 21.38310493605863 2.51602435790625
906 82 14.06178591522545 25.28000418718856
907 81 21.383360691222737 2.0238668645671254
907 82 17.911396221592362 23.932812365190415
908 82 20.975632035289774 21.065028548791258
909 82 21.385977853951175 16.482284084883524
910 82 21.386023563892525 11.784557199323295
911 82 21.38606788839284 7.014443100863395
912 82 21.386110759896898 2.1963636446434194
913 83 1.6130151010770246 28.938015957307083
914 83 3.3601581687347384 28.434236788875435
915 83 5.854622124155456 27.714894706692153
916 83 8.870541825037716 26.845393684634047
917 83 12.250423438869316 25.87166553629071
918 83 15.931394645003751 24.97834469022761
919 83 19.270915328876363 23.03328441380222
920 83 21.132627591697208 19.777565608106578
921 83 21.37858148026597 15.611488063591175
922 83 21.381173306191386 11.370173817612692
923 83 21.382312218911537 7.083597125534156
924 83 21.382972050900904 2.765442349563439
924 84 2.1839156751771815 27.2366986416389
925 83 21.383382670387412 2.0213934336254575
925 84 3.966930468514287 26.921613461213052
926 84 6.51264566612549 26.47183126376692
927 84 9.590404445108952 25.927653449134873
928 84 13.044984872879184 25.350968439421088
929 84 16.65113756715237 24.696565200418956
930 84 19.819978130998532 22.477701002715996
931 84 21.22890757906128 19.011982041488423
932 84 21.38032942971882 14.872142668602406
933 84 21.381908338557405 10.648101037546086
934 84 21.3827144093188 6.3791844961751565
935 84 21.383241828958738 2.1037005706771774
935 85 1.8583631000823984 28.165864461406287
936 85 3.1979502658032146 27.84475220131894
937 85 5.1105678988971315 27.386372916956287
938 85 7.4229123408757705 26.831965292660165
939 85 10.014184271691471 26.21075748556069
940 85 12.800316624725028 25.544025256319404
941 85 15.717828942410508 24.989008446923346
942 85 18.405954605045 23.630461191927065
943 85 20.68259409421097 21.605865863897254
944 85 21.283098852820487 18.57052416180929
945 85 21.37884870588097 15.337917440561956
946 85 21.38106571724762 12.070280822072844
946 86 1.4611406426770448 27.198793354324184
947 85 21.382047503067362 8.784823850371579
947 86 2.8947592112792715 26.962586275469818
948 85 21.382657425398545 5.486934432648283
948 86 4.941617882763056 26.625397863788265
949 85 21.383092636347996 2.1844099906539673
949 86 7.416281466702916 26.21752219029953
950 86 10.189430008235982 25.760427256401165
951 86 13.189960065686444 25.324245317408533
952 86 16.25431451065238 24.904751413982698
953 86 19.017417074611174 23.25806207242455
954 86 21.006259974791213 20.854035952715527
955 86 21.371474624233034 17.45926443269962
956 86 21.379706744869118 14.038213930198218
957 86 21.38144300559398 10.590653737601626
957 87 1.9500785974269697 28.776982728330715
958 86 21.382302836777725 7.1246129598530645
958 87 2.8587853010159137 28.518990508251147
959 86 21.382858115770873 3.6456789111373076
959 87 4.1561847382053845 28.150617393497313
960 86 21.38324520697463 2.025667942222226
960 87 5.724765841245621 27.705235079274683
961 87 7.48252642983952 27.206062140705647
962 87 9.37229583925102 26.669441079138675
963 87 11.354227156011897 26.106913054441264
964 87 13.400560842144014 25.526674854699518
965 87 15.515737322752956 25.0185477816138
966 87 17.4711920702941 24.19846398098274
967 87 19.291338875265833 23.010495001614252
968 87 20.783042875530278 21.502154796206717
968 88 1.1708155364418535 28.363881835596622
969 87 21.190345549031516 19.323374473760996
969 88 1.6242996659914095 28.25416802589853
970 87 21.37586643986421 17.088893913911534
970 88 2.2717656796571166 28.097539390103353
971 87 21.379357451860123 14.82567027469324
971 88 3.0545624521557766 27.908154311484736
972 87 21.380838669798013 12.557027632347419
972 88 3.9317851094047067 27.695953523398003
973 87 21.38165544988898 10.284606152614511
973 88 4.874885763479486 27.46783187752175
974 87 21.382204803326527 8.009548433968599
974 88 5.863919262166016 27.228484110170246
975 87 21.38261259835732 5.732651500903294
975 88 6.885042313084286 26.981483052585858
976 87 21.382933780523363 3.4544713979703303
976 88 7.928530834859987 26.729048819102232
977 87 21.383191922948868 2.035947008146244
977 88 8.98762768562034 26.472842491886894
978 88 10.057563623725352 26.213795431408546
979 88 11.135158956286181 25.95316876404929
979 89 1.945315279031073 26.930514024975903
980 88 12.218106393190574 25.691474586391994
980 89 2.762827682899369 26.807496441875696
981 88 13.304890498494101 25.42946080262056
981 89 3.930022421608267 26.631800200024916
982 88 14.395384069191582 25.186112265602144
982 89 5.341188606371946 26.419391355836638
983 88 15.490014171728644 25.01950807075732
983 89 6.922566984144022 26.1813644619426
984 88 16.525747004334598 24.769610070917313
984 89 8.622688968060455 25.925400966892443
985 88 17.487466075212563 24.189851322234247
985 89 10.405635574440588 25.656790981192383
986 88 18.433928490882362 23.61318520418127
986 89 12.246323620535177 25.379083416537405
987 88 19.320820206983797 22.977066242094445
987 89 14.131575851538926 25.208274598813453
988 88 20.117287755234077 22.180854526397297
988 89 15.975647060957135 24.959864545662857
989 88 20.852119664109463 21.42968272131104
989 89 17.67509847205076 24.080355612162215
990 88 21.066728078632874 20.358587625932024
990 89 19.283182010979395 23.030531809622413
990 90 1.1626242436694743 26.030362171946937
991 88 21.205270415075077 19.24850276484092
991 89 20.560961733746456 21.688336289729307
991 90 1.8702684622402115 25.976217113154338
992 88 21.34432786956878 18.136043126196398
992 89 21.105835004322632 20.045561030071006
992 90 2.88060867466726 25.89892001376594
993 88 21.37588517817554 17.014477885546675
993 89 21.289293186723185 18.772901669887236
993 90 4.1021300612629945 25.805435602256445
994 88 21.378477257733127 15.890497438071202
994 89 21.37701933056084 17.675272553234798
994 90 5.47098853634263 25.700670522816004
995 88 21.379689046708172 14.765692496632735
995 89 21.37933672122151 16.5829844339683
995 90 6.942636664351447 25.587980250396754
996 88 21.38045073429345 13.640313715847263
996 89 21.38047572824984 15.4816442913683
996 90 8.485991946489905 25.469676445686133
997 88 21.38099492825396 12.514534738981858
997 89 21.3812282162156 14.36838548736046
997 90 10.081152688033438 25.386206856221776
998 88 21.381412990252162 11.38847658815774
998 89 21.38179934148003 13.247625476359582
998 90 11.72290942850837 25.356470894377583
999 88 21.381749551993142 10.262223674774477
999 89 21.382271998869378 12.123231942817675
999 90 13.361442106582876 25.32206426804495
1000 88 21.382029522263544 9.135834883785643
1000 89 21.382689115200826 10.997361264921357
1000 90 14.99765344846723 25.096425679849673
1001 88 21.38226812097107 8.009351295511921
1001 89 21.38307732345483 9.870967301183557
1001 90 16.551143842365622 24.755384489758125
1002 88 21.382475281162705 6.8828015698473015
1002 89 21.383456073150008 8.744405224889102
1002 90 17.986711578482538 23.888140926045466
1002 91 1.8794315830874964 28.538217350681975
1003 88 21.38265781902024 5.756205701775642
1003 89 21.38384196987513 7.617788194376669
1003 90 19.349666617371735 22.948270177401362
1003 91 2.4003574112083546 28.3996161975028
1004 88 21.382820600494103 4.6295776411832055
1004 89 21.384251314507434 6.491147361384155
1004 90 20.459872858683575 21.805259126099674
1004 91 3.144107077449463 28.20171863054096
1005 88 21.38296721216826 3.502927120523879
1005 89 21.384701959837248 5.364490969560056
1005 90 21.078209976934083 20.299739691957562
1005 91 4.043312361074595 27.962438960356053
1006 88 21.383100368907186 2.3762609298863167
1006 89 21.385214973576783 4.237822330539516
1006 90 21.296868935881612 18.63962020692761
1006 91 5.050985720894754 27.694326953255597
1007 88 21.383213477431237 2.037383352554684
1007 89 21.386333021400496 3.4152573507390733
1007 90 21.405081535656564 16.963115966813895
1007 91 6.134329400269045 27.406079443453656
1008 89 21.386343156849684 2.07832548747073
1008 90 21.405081535666454 15.253862746068473
1008 91 7.2704645617154195 27.10377667961598
1009 90 21.405081535671947 13.543214196178665
1009 91 8.443433512506935 26.791676883079663
1010 90 21.405081535671506 11.831592158190771
1010 91 9.64210439407227 26.47275647061946
1011 90 21.405081535665904 10.1192909446321
1011 91 10.858676159166773 26.148962274791113
1012 90 21.405081535662198 8.406515882635855
1012 91 12.087895796366073 25.822364142914356
1013 90 21.40508153566154 6.693410230308812
1013 91 13.325981257793908 25.493969002100744
1013 92 1.8811934541466653 27.67413956570911
1014 90 21.405081535661928 4.980073931565289
1014 91 14.5707435412312 25.16649696922746
1014 92 3.0073353183550515 27.443382297811638
1015 90 21.40508153566187 3.266576716288852
1015 91 15.805144319387184 24.977231923766276
1015 92 4.6151895012158635 27.11393996352576
1016 90 21.40508153566186 2.0457221423174525
1016 91 16.959898274958555 24.514605762154506
1016 92 6.559112666418935 26.7155967652779
1017 91 18.059951278940044 23.849177593261363
1017 92 8.737505848318147 26.269195965618874
1018 91 19.12329510656793 23.179578079287054
1018 92 11.079476955042852 25.78923606081105
1019 91 20.021489383753202 22.26059804428611
1019 92 13.537583879507721 25.29721839204086
1020 91 20.862705029223488 21.41978864942128
1020 92 16.054312801632083 24.939613575025167
1021 91 21.08398615317609 20.170596434157563
1021 92 18.31525641614864 23.68470473172263
1022 91 21.250374782121884 18.887667824892308
1022 92 20.280721078014377 21.99966516554378
1023 91 21.372582050090895 17.598628394357643
1023 92 21.159668579995706 19.61818908797221
1024 91 21.37790856764785 16.300805932939426
1024 92 21.391301018204985 17.979181092962765
1024 93 1.658758296393909 27.78131852975523
1025 91 21.379536522036666 15.001791199096164
1025 92 21.40218962066267 16.691561253779554
1025 93 3.5069437906994643 27.394410759850963
1026 91 21.380448359393185 13.701952951340456
1026 92 21.417252957728582 15.439515929010803
1026 93 6.145706280766357 26.842074529304824
1027 91 21.381064864067174 12.401540495042557
1027 92 21.43758881373229 14.170941306504739
1027 93 9.335983706848573 26.174072380009548
1028 91 21.381523387475802 11.100727484837831
1028 92 21.465732158610432 12.885420545927868
1028 93 12.911170297890349 25.425998635826545
1029 91 21.381884754491924 9.79963503313896
1029 92 21.505715359988148 11.58903961954295
1029 93 16.64814691981501 24.74358779238064
1030 91 21.382180879646867 8.498347626531302
1030 92 21.563443493209817 10.285420165621005
1030 93 19.922892080671993 22.37110067309304
1031 91 21.382430449013135 7.1969242062658
1031 92 21.647496269932198 8.97411087119285
1031 93 21.274146834787224 18.75765279768567
1032 91 21.382645281557064 5.895405893112037
1032 92 21.77049661803165 7.649481793996396
1032 93 21.386650902133145 14.398301727693983
1033 91 21.382833295174823 4.593821375511886
1033 92 21.951347935441852 6.296680136285561
1033 93 21.386672039214556 9.991183126276894
1034 91 21.38300003595817 3.2921906688428586
1034 92 22.220968580212304 4.875882198524801
1034 93 21.352046450582865 6.121471124292541
1035 91 21.364432397189866 2.0826492700591643
1035 92 22.92001097693065 3.0629435295124625
1035 93 21.337123092966273 3.714208758656541
1035 94 1.4502511630425066 27.14383979245663
1036 92 23.324122646666112 2.0304832276254237
1036 93 21.35500445812211 2.0228650798366425
1036 94 3.271295808305171 26.851346749572684
1037 94 5.871272372837675 26.433606362026065
1038 94 9.01467662410898 25.92839388766182
1039 94 12.537806873173082 25.365965780310958
1040 94 16.259537088514335 24.903791417571735
1041 94 19.554625650732486 22.737678295850568
1042 94 21.187329065622144 19.310836855417048
1043 94 21.3792911698571 15.09878558426291
1044 94 21.381510063439332 10.797386837171329
1045 94 21.38249974986894 6.449864262145678
1046 94 21.383103447143675 2.1152314484855044
1046 95 2.3464516254079446 27.79011706483851
1047 95 4.2893835467205115 27.36124830031096
1048 95 7.063488308056231 26.74930562755393
1049 95 10.417215659784517 26.008424106151285
1050 95 14.19475448940177 25.20298305193103
1051 95 17.956491280995024 23.911783853307774
1052 95 20.964109991894887 21.132947336295963
1053 95 21.388206529637255 16.690530280497757
1054 95 21.38820959921914 12.119276535040637
1055 95 21.38821270238812 7.477391117988029
1056 95 21.388215824491994 2.78622758343092
1057 95 21.38821859772205 2.020200293736152
1057 96 1.677573317635401 25.598835451885577
1058 96 3.7042364201043494 25.504430540166286
1059 96 6.597979991341472 25.420372015941933
1060 96 10.099697688696102 25.381768542147064
1061 96 14.016739428974 25.226469892423996
1062 96 17.873994032760045 23.954281297768166
1063 96 20.964472369772682 21.142044148598217
1064 96 21.389183812139272 16.604029312853736
1065 96 21.38918448970869 11.942653094834952
1066 96 21.38918517691372 7.209302522882578
1067 96 21.389185870598002 2.4257370754811074
1068 96 21.389186473733293 2.0202834168424078
1068 97 2.423463520623476 27.250733970596553
1069 97 4.577064322309814 26.86083430298798
1070 97 7.65181766646433 26.30386914078858
1071 97 11.369276250623079 25.630560597208127
1072 97 15.54395334831266 25.012484868217726
1073 97 19.38859504855752 22.911491167710444
1074 97 21.235980155598146 18.937270125359827
1075 97 21.3798698666527 14.032017079633972
1076 97 21.381914038985677 9.00104746557058
1077 97 21.382835990883397 3.8932101270666823
1078 97 21.38337383780823 2.0213922777393734
1079 98 2.2755694184586646 28.670153796437702
1080 98 3.5363482462441365 28.313388830628227
1081 98 5.336433791364792 27.804046072569
1082 98 7.512788871844383 27.188280996731656
1083 98 9.951691304575114 26.498383103858213
1084 98 12.573959358967475 25.757447660948657
1085 98 15.344154075044917 25.06068119721144
1086 98 17.960792671851202 23.90376165824928
1087 98 20.22973005369269 22.057001766545845
1088 98 21.17990747188256 19.42473783126491
1089 98 21.388008079228083 16.36280640742359
1090 98 21.388010842777863 13.255046679958298
1090 99 1.1966024791974135 28.788581595330974
1091 98 21.388013610805874 10.130231580565836
1091 99 2.1199489034987042 28.538675847809053
1092 98 21.38801637869105 6.993517347625176
1092 99 3.438286408330111 28.181979291953507
1093 98 21.38801914323581 3.8485013857546093
1093 99 5.032147365766473 27.750585396982203
1094 98 21.38802182543946 2.0294709233230743
1094 99 6.818274814190443 27.267224766457634
1095 99 8.738560571890728 26.74767637482223
1096 99 10.752308700553435 26.202374159279202
1097 99 12.831659538141716 25.640572085763818
1098 99 14.96491643427299 25.105876609084493
1099 99 17.02964090086904 24.464439636577772
1100 99 18.923374554139894 23.315451068534745
1101 99 20.493337016728635 21.76644344433727
1102 99 21.15244115851816 19.779385947933473
1102 100 2.2625763487037114 26.451052770508984
1103 99 21.37283564587399 17.50507642408599
1103 100 4.294861411512894 26.214007670858578
1104 99 21.37869487061843 15.212145584244482
1104 100 7.196464181618705 25.87561807529859
1105 99 21.38056292565123 12.914047851982247
1105 100 10.704466054497852 25.46563977051029
1106 99 21.381495517228075 10.612353673025797
1106 100 14.670967668359866 25.14818383709545
1107 99 21.382098263858417 8.30815065459877
1107 100 18.44947564332883 23.60541846610224
1108 99 21.382536089350342 6.002197319576508
1108 100 21.066214071857097 20.378758966771997
1109 99 21.382876240101517 3.6950228398684466
1109 100 21.38253251383152 15.80195757944566
1110 99 21.383149952265757 2.039651674666499
1110 100 21.383159606397342 11.098340222395718
1111 100 21.383599338146425 6.322959520984913
1112 100 21.383933547634538 2.0412653086153023
