timeStep pedestrianId velocity-PID3
1 1 0.0
2 1 0.7090652041653731
3 1 1.8327197920367018
4 1 2.616666788998831
5 1 3.1791543365957
6 1 3.5737630162513097
7 1 3.806278106408018
8 1 3.9295056982779877
9 1 3.86580828599896
10 1 4.1831730003046514
11 1 4.268887559930722
12 1 4.3163268608430645
13 1 4.349420441824812
13 2 0.0
14 1 3.988947091811783
14 2 2.3546949218835693
15 2 3.3619166450929963
16 2 4.077930764754746
17 2 4.541110418323241
18 2 4.753353780105792
19 2 4.725061700035998
20 2 5.274556544874868
21 2 5.411981940978573
22 2 5.494913798907031
23 2 3.336797290379981
24 3 0.0
25 3 1.7375497766052712
26 3 2.480787089480296
27 3 2.9993266682941604
28 3 3.3610994376069123
29 3 3.6135011943206377
30 3 3.6853918891051487
31 3 3.8019965589296763
32 3 3.697334228533091
33 3 4.037817869337164
34 3 4.094383112093274
35 3 4.125094286930535
35 4 0.0
36 3 4.146520884931465
36 4 1.2966075651447768
37 3 2.272358860306533
37 4 1.851231759460631
38 4 2.238180711774158
39 4 2.5057198794899085
40 4 2.705651579045325
41 4 2.8028949504904657
42 4 2.8489129558106367
43 4 2.953620130407467
44 4 2.926948226539137
45 4 2.840337144111129
46 4 3.057646277338467
46 5 0.0
47 4 3.0906653834702618
47 5 2.1743350217229733
48 4 3.102904439166102
48 5 3.104407855216019
49 4 3.1114427353541703
49 5 3.7532979268146693
50 4 3.117399693580711
50 5 4.206016326573114
51 4 3.1215557212339444
51 5 4.390735783430559
52 4 0.6483498877986992
52 5 4.538114253579111
53 5 4.747170351988222
54 5 4.997105867089121
55 5 5.073798902621284
56 5 5.127295372890197
57 5 1.925801239037848
57 6 0.0
58 6 1.8890337271998596
59 6 2.697069200360402
60 6 3.2608163755824067
61 6 3.6541298289560897
62 6 3.9273524459946896
63 6 3.972314573233859
64 6 3.9747895271999556
65 6 4.3948045369951965
66 6 4.405104465669924
67 6 4.452472844014392
68 6 4.485519918700647
68 7 0.0
69 6 3.286280300808029
69 7 2.8442381076434513
70 7 4.0598548116669395
71 7 4.878166581667063
72 7 5.367764745238527
73 7 5.542274007356391
74 7 6.215568264503924
75 7 6.3990520323608155
76 7 6.5414209496664695
77 7 1.763289628103856
79 8 0.0
80 8 1.7335085594823487
81 8 2.475017590263711
82 8 2.9923511175858604
83 8 3.3532827176368674
84 8 3.6314457945621172
85 8 3.6409190192396994
86 8 3.7822991145859897
87 8 3.7171402986064814
88 8 4.028515155767355
89 8 4.083618838585113
90 8 4.114634091813537
90 9 0.0
91 8 4.136272788864201
91 9 1.6524621233360004
92 8 2.1406532433683374
92 9 2.3593032141457466
93 9 2.852450136353849
94 9 3.1965067241823175
95 9 3.4365470216517755
96 9 3.5032726360272624
97 9 3.6394567107657787
98 9 3.500370402203205
99 9 3.8590451715722454
100 9 3.8898747307341566
101 9 3.9202937173832564
101 10 0.0
102 9 3.9415161409232082
102 10 1.5509934460009023
103 9 3.956322508690066
103 10 2.2144316544096
104 9 0.44732594109676554
104 10 2.677296418037737
105 10 3.0002271408289465
106 10 3.209513047820357
107 10 3.2994687071349587
108 10 3.4400825574802307
109 10 3.359110814714869
110 10 3.6319243335630085
111 10 3.653124352495535
112 10 3.6811422419426565
113 10 3.7005860593793547
113 11 0.0
114 10 3.7141516129337133
114 11 0.6909853798597912
115 10 2.856480939293268
115 11 0.9865544457743438
116 11 1.1927666747005912
117 11 1.3366353290279287
118 11 1.4370093055715865
119 11 1.5070379857357556
120 11 1.5558952526324445
121 11 1.58998193536
122 11 1.6137632719749475
123 11 1.6303555680872708
124 11 1.6494555376016882
124 12 0.0
125 11 1.567461598591711
125 12 1.5857795532159134
126 11 1.6521594226928509
126 12 2.264097943067131
127 11 1.6201654191809953
127 12 2.737344621775649
128 11 1.6317222654734906
128 12 3.067517617660045
129 11 1.637272605932464
129 12 3.297871347388126
130 11 1.6535375399033014
130 12 3.3781823277627705
131 11 1.6615167100418322
131 12 3.4517534674461916
132 11 1.6616510470853458
132 12 3.504224097809797
133 11 1.6651762640687124
133 12 3.665118205127642
134 11 1.6662247990124934
134 12 2.8454445283713996
135 11 1.6669561733573552
135 12 1.6732046509109548
135 13 0.0
136 11 1.6674664296455592
136 12 1.6179770361934427
136 13 0.9591265821669465
137 11 1.6678224223805838
137 12 1.6711637165014015
137 13 1.3693935006073037
138 11 1.6680707895875422
138 12 1.7758691843892178
138 13 1.655626644654103
139 11 1.668208969710198
139 12 2.023974522374603
139 13 1.8553250234951464
140 11 1.6802915271435304
140 12 2.6318315491942634
140 13 1.9946498268936845
141 11 1.6903494656862497
141 12 3.1076836959385132
141 13 2.091853493170934
142 11 1.4245792473777459
142 12 0.7205823941324168
142 13 2.1596701696172897
143 13 2.2069841173610727
144 13 2.283515246846968
145 13 2.1788078535447095
146 13 2.201625059437648
146 14 0.0
147 13 2.1953481541259308
147 14 1.8972036466893258
148 13 2.096939706991918
148 14 2.70873391428034
149 13 2.296178489404013
149 14 3.271274308629954
150 13 2.3026155859844306
150 14 3.6984867247202686
151 13 2.3067440512735855
151 14 3.851004906280858
152 13 2.309594287160723
152 14 3.969568489765469
153 13 2.311582800512727
153 14 3.9741681178162165
154 13 2.3129701373204603
154 14 4.367764135207299
155 13 2.313938050894342
155 14 4.420382266656081
156 13 2.314613338443338
156 14 4.469095912643449
157 13 1.3822030382216541
157 14 4.503082209327269
157 15 0.0
158 14 3.1541716534115416
158 15 1.8009623876351595
159 15 2.571325910212132
160 15 3.108789280860655
161 15 3.483765720354624
162 15 3.7315317843361213
163 15 3.7867160295752464
164 15 3.9023213839732973
165 15 4.142975675798122
166 15 4.19888064817339
167 15 4.244309431513455
168 15 4.275990691278002
168 16 0.0
169 15 4.294087625121679
169 16 1.95012422687202
170 16 2.785823438822832
171 16 3.3681903460488893
172 16 3.813086735481647
173 16 3.9674654336879165
174 16 4.158914810921119
175 16 4.023087844553903
176 16 4.463151801968792
177 16 4.551370769691578
178 16 4.600078479775791
179 16 4.6340607138103485
179 17 0.0
180 16 1.4951655497923861
180 17 1.2729974228086205
181 17 1.8175235188941143
182 17 2.197425652737379
183 17 2.462474734021729
184 17 2.6473288809848055
185 17 2.7565182956055803
186 17 2.7750534037141183
187 17 2.8983015900562483
188 17 2.868890965369071
189 17 2.8008602729163656
190 17 2.9986704263396518
190 18 0.0
191 17 3.0352949465341896
191 18 1.613904786640573
192 17 3.047036751102786
192 18 2.3042534556481287
193 17 3.0552282979504004
193 18 2.785893265006591
194 17 3.0609433298255144
194 18 3.172028660370612
195 17 3.0649305808248797
195 18 3.3616956399872495
196 17 0.9330314831629885
196 18 3.3905287888126545
197 18 3.5679811599710622
198 18 3.4236578602622756
199 18 3.7681049312069748
200 18 3.8024754150931375
201 18 3.83116730818248
201 19 0.0
202 18 3.851184968295524
202 19 1.6332622737829086
203 18 3.865150807991479
203 19 2.3318911396967246
204 18 1.4479178105125472
204 19 2.818939760348607
205 19 3.162098672188706
206 19 3.3729478974559237
207 19 3.471979273711337
208 19 3.6177892385915973
209 19 3.4843427585828706
210 19 3.78062478117694
211 19 3.8467010236223382
212 19 3.8761586194827258
213 19 3.896706779657307
213 20 0.0
214 19 3.9110428127703383
214 20 1.5934777089471266
215 19 1.4236175703179077
215 20 2.275088248012629
216 20 2.7506323640906274
217 20 3.082408591435238
218 20 3.3264293466487356
219 20 3.38521498012221
220 20 3.5294172729584594
221 20 3.4134386940311843
222 20 3.686351014075501
223 20 3.7538979650076914
224 20 3.782369655479419
224 21 0.0
225 20 3.802226820023859
225 21 2.062842462015504
226 20 3.8160806615460405
226 21 2.945224061484032
227 20 2.057817106577175
227 21 3.5608411960228126
228 21 3.990342827169131
229 21 4.201217079760693
230 21 4.4086261712740225
231 21 4.256516942012844
232 21 4.722100951797115
233 21 4.8113400493857625
234 21 4.862786213133256
235 21 4.500388298078155
235 22 0.0
236 22 2.6793984360707346
237 22 3.825512589109981
238 22 4.616953531375264
239 22 5.03082623762844
240 22 5.338649530277976
241 22 5.813056591469798
242 22 6.021872693666744
243 22 6.1574774722447
244 22 3.5944344153665413
246 23 0.0
247 23 1.5612754471071768
248 23 2.229111289986326
249 23 2.695045039472638
250 23 3.0201160250152266
251 23 3.246911009975338
252 23 3.341597366574403
253 23 3.4596323638090296
254 23 3.3588784791653867
255 23 3.645809992573912
256 23 3.6777238829194503
257 23 3.7057308202199737
257 24 0.0
258 23 3.725247577562728
258 24 2.524139495637149
259 23 3.7388639338835814
259 24 3.6038419682340823
260 23 2.5045770985766556
260 24 4.357124924097632
261 24 4.858726971360259
262 24 5.107875514264997
263 24 5.099505497569411
264 24 5.668021447732015
265 24 5.801855504136531
266 24 5.890626799796557
267 24 0.6983230034872798
268 25 0.0
269 25 1.2765326842187528
270 25 1.8225702847968999
271 25 2.2035276640391164
272 25 2.4693124007198306
273 25 2.6509877260073087
274 25 2.7929330031122244
275 25 2.8471466092587714
276 25 2.848955056527134
277 25 2.8970004352638066
278 25 2.7193545975320794
279 25 3.008902132621037
279 26 0.0
280 25 3.043365225660332
280 26 1.155875133577379
281 25 3.055249555514474
281 26 1.6503011836157084
282 25 3.0635388815174585
282 26 1.9952503104508788
283 25 3.0693221372272155
283 26 2.2359136418508383
284 25 3.0733569681885493
284 26 2.4038183238888093
285 25 1.6715668017444565
285 26 2.5209615895716
286 26 2.602690172865026
287 26 2.618855591453313
288 26 2.662912222150566
289 26 2.6441456444982405
290 26 2.5248088685706933
290 27 0.0
291 26 2.7343111121827133
291 27 1.1687379208852708
292 26 2.763389853238902
292 27 1.6686670039599618
293 26 2.771826897437882
293 27 2.017454694786646
294 26 2.7777125702312087
294 27 2.2607963318575592
295 26 2.781818838920787
295 27 2.430569612612675
296 26 2.784683689411192
296 27 2.5547067493711464
297 26 2.774759804229565
297 27 2.604204633406311
298 27 2.5765744096972996
299 27 2.661252516142641
300 27 2.585723357893332
301 27 2.7535153844177307
301 28 0.0
302 27 2.7826905161193896
302 28 2.734649214035812
303 27 2.7957913843238784
303 28 3.9000663268223263
304 27 2.8038232428294996
304 28 4.695228575973612
305 27 2.8094267618609083
305 28 5.10327239094853
306 27 2.8133362007060785
306 28 5.475324960399193
307 27 2.8160637232012036
307 28 5.713332366553698
308 27 1.7630130645901076
308 28 6.1509079838207725
309 28 6.287840574082823
310 28 3.8394894317890422
313 29 0.0
314 29 1.606343308014736
315 29 2.2942538159166657
316 29 2.7723473647575645
317 29 3.1157993095172447
318 29 3.309098991327653
319 29 3.5099489237717587
320 29 3.566438429653481
321 29 3.4219272085295893
322 29 3.7225885700974803
323 29 3.785460566705384
324 29 3.814331179386546
324 30 0.0
325 29 3.834473635553518
325 30 2.7585264076177074
326 29 3.8485265542465594
326 30 3.9384881137734284
327 29 1.725640330571875
327 30 4.761719239480699
328 30 5.239101215071751
329 30 5.540235031275037
330 30 5.95040632773451
331 30 6.203611664586258
332 30 6.342042297914766
333 30 3.2652513646945382
335 31 0.0
336 31 2.4651480643853168
337 31 3.519615976588342
338 31 4.255294508631959
339 31 4.745766855383397
340 31 4.939743079214137
341 31 4.9390412520677875
342 31 5.5387172534571505
343 31 5.666671936820384
344 31 5.753243844832864
345 31 1.6450273885756421
346 32 0.0
347 32 2.601814539485976
348 32 3.7147426095610427
349 32 4.491206259780789
350 32 5.040506942587204
351 32 5.214357621757712
352 32 5.240464013603268
353 32 5.844945485832
354 32 5.981273838093966
355 32 6.057601814338071
357 33 0.0
358 33 0.9788610861403723
359 33 1.3975694633554785
360 33 1.6896922935372487
361 33 1.9186932764107754
362 33 2.0338728991623145
363 33 2.1337603300890264
364 33 2.2063170383112247
365 33 2.234478328757555
366 33 2.1937451821213294
367 33 2.2948533851727504
368 33 2.264004535793719
368 34 0.0
369 33 2.1008125454361277
369 34 1.7008316221827637
370 33 2.322057070944806
370 34 2.4283636103805355
371 33 2.336101460607336
371 34 2.9359454468176636
372 33 2.3508184234058893
372 34 3.2900734388545256
373 33 2.354751882867822
373 34 3.5307452896625917
374 33 2.3574958298669246
374 34 3.5620724777669768
375 33 2.359410209538781
375 34 3.730580172394839
376 33 2.360745826162156
376 34 3.636530636643341
377 33 2.361677654139479
377 34 3.9650690089927187
378 33 2.1330046554614492
378 34 4.009037198684771
379 34 4.038744004019668
379 35 0.0
380 34 4.0594697452524375
380 35 0.8705491474561634
381 34 3.685663569231311
381 35 1.2429269266161203
382 35 1.5027260375143148
383 35 1.683981770737956
384 35 1.8104399898045014
385 35 1.8986663301160736
386 35 1.9602199345110833
387 35 2.003165502055501
388 35 2.033126508986716
389 35 2.0140717697043584
390 35 2.03607723778922
390 36 0.0
391 35 2.0213553562136557
391 36 2.4842208434159287
392 35 2.025638085757351
392 36 3.5468942618860293
393 35 1.9879835622118356
393 36 4.275641265641864
394 35 2.087749653665534
394 36 4.6767244655106435
395 35 2.0899488418746266
395 36 4.965059554757286
396 35 2.0951979296729037
396 36 5.069506803042214
397 35 2.0973355663468007
397 36 4.517261328895748
398 35 2.098826844558491
398 36 2.11351248029168
399 35 2.0998672707582293
399 36 2.022059903380071
400 35 2.1005931507200337
400 36 2.0493649681894004
401 35 2.101099578277739
401 36 2.073766974337899
402 35 2.1014529006642655
402 36 2.088271691995647
402 37 0.0
403 35 1.3273587572162848
403 36 1.8012395806673944
403 37 2.606337879465462
404 36 1.424303950165629
404 37 3.721200831445928
405 37 4.499016499038773
406 37 4.970646501859941
407 37 5.303353399788423
408 37 5.337843675213802
409 37 5.85962678903879
410 37 5.9909483734165985
411 37 5.237756105982629
413 38 0.0
414 38 1.6590934471224315
415 38 2.3687713532601418
416 38 2.8638968431906306
417 38 3.209334324663343
418 38 3.4503411573113287
419 38 3.5591300992248875
420 38 3.666761942172467
421 38 3.477336433065532
422 38 3.8449893405799824
423 38 3.908918510133853
424 38 3.938421502563397
424 39 0.0
425 38 3.9590048310119714
425 39 1.7291673950004467
426 38 3.9733381220951522
426 39 2.468819639527649
427 38 0.27617000846270306
427 39 2.9848571183546566
428 39 3.3448847634170966
429 39 3.613768607399599
430 39 3.623549577003315
431 39 3.7875893559736316
432 39 3.663440400776172
433 39 4.016813917309314
434 39 4.074838054891639
435 39 4.105338600051319
435 40 0.0
436 39 4.126618124015629
436 40 0.37628311764167527
437 39 2.538497194670509
437 40 0.5372382342159752
438 40 0.649533239907039
439 40 0.7278785002909376
440 40 0.7825380921185351
441 40 0.8206728233442462
442 40 0.8472785325929052
443 40 0.8658407214281382
444 40 0.8787911215061268
445 40 0.8878263251181749
446 40 0.8941299510104075
446 41 0.0
447 40 0.8985278580816342
447 41 1.6781809861889416
448 40 0.9015961878815242
448 41 2.3960239250221544
449 40 0.9037368743580939
449 41 2.896845552429223
450 40 0.9052303833149232
450 41 2.71643902046694
451 40 0.9059938885279153
451 41 1.057079330245962
452 40 0.9059225571183419
452 41 0.872423297621848
453 40 0.9075064218788852
453 41 0.8414435627552218
454 40 0.9078623664231714
454 41 0.8759570975649025
455 40 0.9076991957970673
455 41 0.9027913873125701
456 40 0.8904457718736176
456 41 0.8832824591538977
457 40 0.9074862955880155
457 41 0.8629200406741048
457 42 0.0
458 40 0.9078492744014487
458 41 0.9079493453178012
458 42 1.1731062914491874
459 40 0.8998460942834151
459 41 0.9384936410892483
459 42 1.6749033854847206
460 40 0.9002979536489355
460 41 0.9019024610863754
460 42 2.0249953239388665
461 40 0.908212943206273
461 41 0.8732139794520447
461 42 2.2692461820433296
462 40 0.9051925701732697
462 41 0.9147343577601516
462 42 2.4396542070925102
463 40 0.8218323160227403
463 41 0.8768486198036968
463 42 2.5624023585139
464 40 0.8938146586072169
464 41 0.789068518169963
464 42 2.634904466226634
465 40 0.898413156127465
465 41 0.7966833595612643
465 42 2.583230488650233
466 40 0.9015164226047219
466 41 1.0478691797425648
466 42 2.673818652892003
467 40 0.9036812369626344
467 41 0.941003778778676
467 42 2.6411293848364323
468 40 0.9048484728629725
468 41 0.9056570394482535
468 42 1.5927334246783367
468 43 0.0
469 40 0.9062450131029645
469 41 0.9018786806382519
469 42 0.9231337253339346
469 43 1.040108214872612
470 40 0.9069804421591293
470 41 0.9106125906979713
470 42 0.8528815938302864
470 43 1.485015277619952
471 40 0.9074933659876124
471 41 0.906781815787785
471 42 0.8562814455391525
471 43 1.7954163984141587
472 40 0.9078512108570251
472 41 0.9067413837445072
472 42 0.8753545583328359
472 43 2.011975957524545
473 40 0.9081008698213049
473 41 0.9074137486156163
473 42 0.8874373335529205
473 43 2.1630647708236452
474 40 0.9082750494161211
474 41 0.90796340106159
474 42 0.898251186544769
474 43 2.2540455823579673
475 40 0.908396570950965
475 41 0.9082890433768429
475 42 0.9046294675407677
475 43 2.3071366819954715
476 40 0.9084813536213249
476 41 0.9084670383647812
476 42 0.9075353129737856
476 43 2.330324444546082
477 40 0.9085405044718551
477 41 0.9085848689888884
477 42 0.9085921329140142
477 43 2.307068092870142
478 40 0.9085817726152751
478 41 0.9087345305177195
478 42 0.9089526336211204
478 43 2.35567886829294
479 40 0.9086105644199989
479 41 0.9090967541167089
479 42 0.9093158045376208
479 43 2.2797839724245503
479 44 0.0
480 40 0.9086306517797156
480 41 0.9102040507586354
480 42 0.9103899284063584
480 43 2.303529290056223
480 44 2.407688528507802
481 40 0.908644666254607
481 41 0.913775055694298
481 42 0.9138377045984547
481 43 2.4611696398004743
481 44 3.4375790775753283
482 40 0.9086544438228786
482 41 0.925451906807418
482 42 0.9290348188209113
482 43 2.494457773803354
482 44 4.156109383028646
483 40 0.9086612653986187
483 41 0.9640321291181104
483 42 0.956386353407042
483 43 2.499680535440704
483 44 4.659331711199946
484 40 0.9086660246515889
484 41 1.0948285620604232
484 42 1.0792404041561274
484 43 2.5033243334109994
484 44 4.8352224348776005
485 40 0.9085093360486534
485 41 1.5917270446419831
485 42 1.483796490232037
485 43 2.5058665249959
485 44 4.625423695406027
486 40 0.9187697045923505
486 41 2.4884476717995745
486 42 1.763742640302353
486 43 2.4913914417273575
486 44 5.40390300909294
487 40 0.5016761145451845
487 42 0.9576747994501408
487 43 1.5051272307598877
487 44 5.536446163320201
488 42 1.4905731780752836
488 43 1.3577003365436238
488 44 5.100700644446686
489 43 1.8125880774526033
489 44 2.0522227232049266
490 44 1.510930776343045
490 45 0.0
491 45 1.689650788762051
492 45 2.4123999026783562
493 45 2.930074082794326
494 45 3.268512730807693
495 45 3.4856795545430375
496 45 3.557098985436443
497 45 3.72054403890085
498 45 3.546433299224047
499 45 3.9109047465355493
500 45 3.978782396906408
501 45 4.009472730898035
502 45 4.030884592295526
502 46 0.0
503 45 3.7445606654887618
503 46 0.7356100413614575
504 46 1.0502678476045513
505 46 1.2697969158020375
506 46 1.4229571302135529
507 46 1.5298130702274293
508 46 1.6043643135881394
509 46 1.6563768909572618
510 46 1.692664727750111
511 46 1.7176882432063652
512 46 1.741323421462345
513 46 1.6696825991764042
513 47 0.0
514 46 1.7329809866398012
514 47 1.805238143125863
515 46 1.7265805427292742
515 47 2.577430090480272
516 46 1.7288911187485092
516 47 3.1161701388664906
517 46 1.6791087332790517
517 47 3.4920362928065556
518 46 1.7941584151168288
518 47 3.7542688441173304
519 46 1.7668028638602298
519 47 3.83950411344438
520 46 1.7691972036560777
520 47 3.9132785790898867
521 46 1.7717285801548128
521 47 3.9326556083989965
522 46 1.7731430705122693
522 47 3.9571908279659485
523 46 1.7741298676630928
523 47 1.9456085346058702
524 46 1.7748183292546564
524 47 1.7035697954402589
524 48 0.0
525 46 1.7752986522034184
525 47 1.7179972422403311
525 48 1.6118284410164778
526 46 1.775633761930772
526 47 1.7435439548027232
526 48 2.3012889912285206
527 46 1.7758675598106612
527 47 1.7605226242186314
527 48 2.7823088634592796
528 46 1.776030675336104
528 47 1.7695587089340492
528 48 3.117905732913767
529 46 1.7368929537557585
529 47 1.7715562648243277
529 48 3.3316812561184794
530 47 2.006329590116078
530 48 3.4136616358874297
531 48 3.5698485902419335
532 48 3.434205513502709
533 48 3.7321650562243143
534 48 3.796649825506686
535 48 3.8255869743779445
535 49 0.0
536 48 3.845775866792737
536 49 1.1312575329459913
537 48 3.859861170242711
537 49 1.6151534924327737
538 48 1.6623032825965778
538 49 1.952755927086303
539 49 2.188293801857616
540 49 2.3526225477882505
541 49 2.47892542935234
542 49 2.557139759066665
543 49 2.50222710850837
544 49 2.6160594300907176
545 49 2.5952536140664804
546 49 2.4373117879302493
546 50 0.0
547 49 2.674517585607699
547 50 2.622192864357071
548 49 2.7038534372576515
548 50 3.743838013200895
549 49 2.712325381770492
549 50 4.509647792712706
550 49 2.718227173698642
550 50 4.9517846343426335
551 49 2.7223446797492294
551 50 5.30586445978991
552 49 2.72521736421574
552 50 5.4649761008455
553 49 2.7272215700886835
553 50 5.898067980848943
554 49 0.9238778810413143
554 50 6.029338125400543
555 50 5.1763037017283535
557 51 0.0
558 51 2.654820465991786
559 51 3.7887381618666325
560 51 4.5863391021731195
561 51 5.003923817673669
562 51 5.316314683063334
563 51 5.785842346378
564 51 5.970686368319952
565 51 6.103822898198749
566 51 3.8417021251216132
568 52 0.0
569 52 2.330184884837882
570 52 3.3269231269943975
571 52 4.022324021972168
572 52 4.507489022226347
573 52 4.723172109276532
574 52 4.688736162597204
575 52 5.242921341186945
576 52 5.355422783622432
577 52 5.437560103597999
578 52 4.508863475204139
579 53 0.0
580 53 2.790491797391044
581 53 3.984126838082168
582 53 4.823859269078337
583 53 5.23575470863152
584 53 5.4677670897653075
585 53 6.069471888290196
586 53 6.2766448764160065
587 53 6.416332976697388
588 53 2.3063623217576437
590 54 0.0
591 54 2.439616084979978
592 54 3.483162754869369
593 54 4.211039947420391
594 54 4.704628325746626
595 54 4.877047279546026
596 54 4.885638763078435
597 54 5.478270820534909
598 54 5.604899948751303
599 54 5.691506775065033
600 54 2.1032515292312848
602 55 0.0
603 55 2.844538278347867
604 55 4.061291619520086
605 55 4.910191104505032
606 55 5.416490599962081
607 55 5.475708282047208
608 55 6.1632051766468
609 55 6.397500094603795
610 55 6.5401087788074
611 55 1.5192586441086475
613 56 0.0
614 56 0.9801860389899618
615 56 1.399461204521137
616 56 1.6919790997370017
617 56 1.896062179273372
618 56 2.0384460393397665
619 56 2.1377846290554454
620 56 2.1891916260571147
621 56 2.245528413664088
622 56 2.186274323151167
623 56 2.2796224869676402
624 56 2.266779150546636
624 57 0.0
625 56 2.0910444667272605
625 57 2.5502530429269403
626 56 2.3454559761343776
626 57 3.6411256614002974
627 56 2.3477977026475445
627 57 4.402201648368758
628 56 2.354909218491211
628 57 4.8431963693994105
629 56 2.3585730353181327
629 57 5.154213350915859
630 56 2.3611290453803244
630 57 5.185862332510081
631 56 2.3629123089489927
631 57 5.734934951471824
632 56 2.3641564494832417
632 57 5.733685286012688
633 56 2.365024454309733
633 57 2.661430879424589
634 56 1.5329249275583696
634 57 1.9492987908431039
635 57 1.324366970057994
635 58 0.0
636 58 2.2360229626967465
637 58 3.192482534058036
638 58 3.859782264910252
639 58 4.325344351731951
640 58 4.509699180441491
641 58 4.707622286527455
642 58 4.941373544035049
643 58 5.139387607160375
644 58 5.218094887691813
645 58 5.273003943174923
646 58 1.2936412164469429
646 59 0.0
647 59 2.4393610675542474
648 59 3.4827993594163758
649 59 4.21078166273115
650 59 4.716840129511024
651 59 4.932330112243276
652 59 4.860969299753221
653 59 5.4997349749001225
654 59 5.605052797035737
655 59 5.69142754747563
656 59 2.9863042399796598
657 60 0.0
658 60 1.220203459377641
659 60 1.742146194313853
660 60 2.1062932274406387
661 60 2.3894867104896735
662 60 2.5320860562138336
663 60 2.6941375144852566
664 60 2.7246133375982375
665 60 2.6887573054274823
666 60 2.777820121028408
667 60 2.673835982977933
668 60 2.888168666603363
668 61 0.0
669 60 2.904352645318045
669 61 1.4617072932867832
670 60 2.919029251481408
670 61 2.08695416506741
671 60 2.9273767743580548
671 61 2.523173138656375
672 60 2.933200542692893
672 61 2.8275133142026765
673 60 2.937263644295763
673 61 3.039844101317126
674 60 2.940098373267398
674 61 3.1879873453921617
675 60 0.655790187694275
675 61 3.152849339711813
676 61 3.2831124990310485
677 61 3.097408938772955
678 61 3.4188610849387344
679 61 3.4676422150199375
679 62 0.0
680 61 3.486448332620932
680 62 2.28566854595894
681 61 3.4995675550453655
681 62 3.2633640226096503
682 61 3.508720523404694
682 62 3.9454798580937314
683 61 2.8462495278054485
683 62 4.427772274252872
684 62 4.65917973129746
685 62 4.6407871818823985
686 62 5.1219958090408655
687 62 5.252913368959344
688 62 5.333541116771836
689 62 5.1675973489141604
690 63 0.0
691 63 1.9616588348181176
692 63 2.8007597988778854
693 63 3.386180501426617
694 63 3.7946156511133613
695 63 4.038814321036317
696 63 4.1568596317972295
697 63 4.062468103198189
698 63 4.479632056778206
699 63 4.5746971120419015
700 63 4.623814689829272
701 63 4.658082844177722
702 63 1.710089290300414
702 64 0.0
703 64 1.9455634754629674
704 64 2.7777789819819367
705 64 3.3583960304167513
706 64 3.7634792239728534
707 64 4.061753389183876
708 64 4.103282518758876
709 64 4.087492805103475
710 64 4.439717161186083
711 64 4.535984512484199
712 64 4.58505502971795
713 64 4.619289941805294
713 65 0.0
714 64 2.0827874374140016
714 65 0.9617581540940172
715 65 1.3731513681155243
716 65 1.6601702398994873
717 65 1.860416501043009
718 65 1.9983873840492448
719 65 2.0930109321761954
720 65 2.168772046399403
721 65 2.194640443881122
722 65 2.1817982950997092
723 65 2.2424973775973083
724 65 2.217243415854108
724 66 0.0
725 65 2.2345976848540103
725 66 2.340586103710093
726 65 2.280313881658427
726 66 3.3417735432293565
727 65 2.2919235635133886
727 66 4.040278309217771
728 65 2.3106659965824248
728 66 4.509138859495359
729 65 2.314252871779477
729 66 4.636198476076373
730 65 2.316754498039269
730 66 4.764699495427835
731 65 2.3184998122164786
731 66 5.214405085344859
732 65 2.3197174776278153
732 66 5.379905477952549
733 65 2.320567009654738
733 66 4.555823579114181
734 65 2.321159710068103
734 66 2.342539870451287
735 65 1.44933008755146
735 66 2.2351511844780045
735 67 0.0
736 66 0.41410850654124776
736 67 2.0459486411732404
737 67 2.9211047340216307
738 67 3.5316802773301292
739 67 3.9576655981629063
740 67 4.168735863479163
741 67 4.373653158709996
742 67 4.219937259366425
743 67 4.682603643163057
744 67 4.7719996594774345
745 67 4.82300590522703
746 67 4.65415998656272
746 68 0.0
747 68 0.7111339463632591
748 68 1.0153218666019108
749 68 1.227546511625593
750 68 1.3756106146066591
751 68 1.4789114248648074
752 68 1.550981891789319
753 68 1.601109597816392
754 68 1.6302882115990365
755 68 1.7059940503515112
756 68 1.6640690417207218
757 68 1.6978755340184757
757 69 0.0
758 68 1.6104870355393137
758 69 1.0837084842436726
759 68 1.6943678349203704
759 69 1.5472656008196866
760 68 1.656943605099909
760 69 1.8706784157616805
761 68 1.6791657354426857
761 69 2.0963158838262634
762 68 1.5166426755963314
762 69 2.253737796499199
763 68 1.717597349667758
763 69 2.3635673252541896
764 68 1.7041674964018898
764 69 2.440192704599991
765 68 1.7123752819603557
765 69 2.4781942132796293
766 68 1.7138885637060826
766 69 2.4585289836914606
767 68 1.7149200462616754
767 69 2.487724694602126
768 68 1.7156396158852487
768 69 2.4751510058561363
768 70 0.0
769 68 1.7161416386379436
769 69 2.4453658529640605
769 70 2.380037574363146
770 68 1.7164918874712
770 69 2.571408850455749
770 70 3.398100173112198
771 68 1.7167362476687162
771 69 2.596243183764018
771 70 4.099241370201901
772 68 1.716906731958567
772 69 2.602525812437223
772 70 4.5753902830424
773 68 1.717025674800188
773 69 2.6069085001666283
773 70 4.7155616599655525
774 68 1.717108658400693
774 69 2.609966189523449
774 70 4.8327483483166205
775 68 0.46807366768889896
775 69 2.612099466228529
775 70 5.331553492960351
776 69 2.613587804424028
776 70 5.472348222031584
777 69 1.113502384712824
777 70 5.555532340074819
778 70 3.7534263216587425
779 71 0.0
780 71 1.8532878272245832
781 71 2.6453013872067794
782 71 3.1971590280433144
783 71 3.5803913809356036
784 71 3.8345899337821825
785 71 3.8893290751939635
786 71 3.9661421109157926
787 71 4.2652404932758445
788 71 4.322027127391751
789 71 4.368700616782238
790 71 4.401263566126389
790 72 0.0
791 71 4.090952222897313
791 72 2.016407243562406
792 72 2.878926268744623
793 72 3.4806857245840073
794 72 3.9005196168782494
795 72 4.108637645496487
796 72 4.3158669187064485
797 72 4.194359396379563
798 72 4.652384560806374
799 72 4.702445533578461
800 72 4.75291189041447
801 72 4.788121120408135
802 72 0.4153821747343176
802 73 0.0
803 73 1.318161613715169
804 73 1.8820058109294109
805 73 2.27538635735592
806 73 2.5498389889146837
807 73 2.7413180394744003
808 73 2.900893872790111
809 73 2.861913702914284
810 73 2.9849156131353176
811 73 2.9313741510715983
812 73 3.0663119094835687
813 73 3.1151524828578534
813 74 0.0
814 73 3.143075127661842
814 74 2.471034098990124
815 73 3.155204817632398
815 74 3.528020101644701
816 73 3.1636674130415914
816 74 4.2654539181137325
817 73 3.1695715659076993
817 74 4.736680335998633
818 73 2.794747058485679
818 74 4.913140517379185
819 74 4.9544926176736945
820 74 5.544027497340339
821 74 5.680424979598386
822 74 5.767136200578231
823 74 1.688318046794504
824 75 0.0
825 75 0.9206157205518815
826 75 1.3144096372365637
827 75 1.5891501854869072
828 75 1.7808298043061128
829 75 1.9145605889463126
830 75 2.0078455421470784
831 75 2.077187833562727
832 75 2.101140227900532
833 75 2.0885509745124335
834 75 2.13475610347356
835 75 2.1198069536746664
835 76 0.0
836 75 2.0924987272993985
836 76 2.8079041643367466
837 75 2.044592994443004
837 76 4.008987237631959
838 75 2.201144230332155
838 76 4.841583000524473
839 75 2.2093130133950485
839 76 5.203509217504125
840 75 2.2135300970666623
840 76 5.47720184553407
841 75 2.21644529886907
841 76 6.139279575145316
842 75 2.218479136343097
842 76 4.127725073529395
843 75 2.2198980947467026
843 76 2.1635280981005085
844 75 2.220888069814172
844 76 2.195936592424575
845 75 2.221549298842387
845 76 2.6333088144868237
846 75 2.032766656972876
846 76 3.680788237802901
846 77 0.0
847 77 1.9456076205100281
848 77 2.7778420837038715
849 77 3.3584723708500457
850 77 3.7635644508624413
851 77 4.015383998139886
852 77 4.101336285249687
853 77 4.03276850419756
854 77 4.441274140390484
855 77 4.536461708032994
856 77 4.5854204906827505
857 77 4.619577180575517
857 78 0.0
858 77 2.2205862595643096
858 78 2.3116194007780293
859 78 3.3004164378231633
860 78 3.990276589251702
861 78 4.4715751558974315
862 78 4.663941305477966
863 78 4.783855776832229
864 78 5.207815385204964
865 78 5.308087993746595
866 78 5.390982774109907
867 78 5.392755221514305
868 79 0.0
869 79 1.302052073164614
870 79 1.8590056212584054
871 79 2.247579244947106
872 79 2.5186772585229438
873 79 2.7078162392570055
874 79 2.839773892956272
875 79 2.9096614383770754
876 79 2.9344709081229627
877 79 2.9481621432696383
878 79 2.8122459387418592
879 79 3.0704151229364545
879 80 0.0
880 79 3.104400126508045
880 80 2.652155913163654
881 79 3.1164614137300375
881 80 3.7866171785645397
882 79 3.124876129722968
882 80 4.556943253981432
883 79 3.1307468817613557
883 80 4.947129075754276
884 79 3.134842766372247
884 80 5.360601570720385
885 79 0.7797937396989382
885 80 5.426287420945333
886 80 5.963594882402425
887 80 6.096930910713926
888 80 4.87455793133012
890 81 0.0
891 81 1.289308500758586
892 81 1.840810502964886
893 81 2.225580648526725
894 81 2.4940257773612156
895 81 2.6813134804077223
896 81 2.8111113284302807
897 81 2.8105158560269845
898 81 2.933278983895933
899 81 2.8988505202440717
900 81 2.870732734709543
901 81 3.0519453383993245
902 81 3.073276363047154
902 82 0.0
903 81 3.0854430982683114
903 82 2.271642797626091
904 81 3.0939314268617637
904 82 3.2433395229429336
905 81 3.0998535301068055
905 82 3.921269414074942
906 81 3.103985241080824
906 82 4.394247575058317
907 81 0.546841733102392
907 82 4.531702500252789
908 82 4.663189860862828
909 82 5.112310307672984
910 82 5.219696539758591
911 82 5.300126776295506
912 82 5.353421618234259
913 83 0.0
914 83 2.0203600551283776
915 83 2.8845701599237588
916 83 3.4875092228791416
917 83 3.9081659097668546
918 83 4.208687539828089
919 83 4.2940754300190775
920 83 4.167137379529822
921 83 4.63703494852583
922 83 4.7125722643314845
923 83 4.76286315931013
924 83 4.797949807092622
924 84 0.0
925 83 0.826721143602904
925 84 2.011823208546986
926 84 2.8723823064110525
927 84 3.4727739287111348
928 84 3.891537436566742
929 84 4.072276163600742
930 84 4.2982782724383455
931 84 4.156846220813995
932 84 4.602897451693693
933 84 4.693379917941544
934 84 4.743240686081658
935 84 4.750537731143422
935 85 0.0
936 85 1.5305961309977303
937 85 2.1853094757117453
938 85 2.6420868651030283
939 85 2.9607701198357796
940 85 3.183108457081368
941 85 3.2998170137368326
942 85 3.3465792784393518
943 85 3.385166189532457
944 85 3.437969759335869
945 85 3.59336051810906
946 85 3.63070818953672
946 86 0.0
947 85 3.6505079093264268
947 86 1.61438593774163
948 85 3.6643216379154246
948 86 2.3049400640291187
949 85 3.6694716340785893
949 86 2.7867239092787828
950 86 3.1228525682405452
951 86 3.368964252595822
952 86 3.4365937951455106
953 86 3.5739664942361578
954 86 3.46674459774233
955 86 3.7937335291856535
956 86 3.801178230021573
957 86 3.8306229220050896
957 87 0.0
958 86 3.8511565382212263
958 87 1.049578315541864
959 86 3.865482325589322
959 87 1.4985359321244218
960 86 1.8000122390684432
960 87 1.8117626921423025
961 87 2.03029399726386
962 87 2.1827580764544416
963 87 2.2891287692336024
964 87 2.3633408878944264
965 87 2.417059908369479
966 87 2.356064072400816
967 87 2.415026183328359
968 87 2.3570935753655715
968 88 0.0
969 87 2.462804574463382
969 88 0.5184080281916732
970 87 2.4912987770725
970 88 0.7401574477173148
971 87 2.514695924057421
971 88 0.8948670464995229
972 87 2.520714584329254
972 88 1.0028039484769296
973 87 2.5249129183569416
973 88 1.0781089577277694
974 87 2.527841983301759
974 88 1.1306474793425254
975 87 2.529885521759619
975 88 1.1673023704909111
976 87 2.5313112506371747
976 88 1.1928756298485685
977 87 1.5761382370138255
977 88 1.210717480066238
978 88 1.2231654396804317
979 88 1.2318499390010782
979 89 0.0
980 88 1.2379089266834014
980 89 0.9185736771127336
981 88 1.242136209716842
981 89 1.311493695343704
982 88 1.2414620702437256
982 89 1.5856250541920238
983 88 1.230262452738275
983 89 1.776879764824976
984 88 1.183837404825617
984 89 1.9103138101054216
985 88 1.2477257226526706
985 89 2.003407567990586
986 88 1.2314474650758784
986 89 2.0683547390488988
987 88 1.2127024458793523
987 89 2.1033047561353397
988 88 1.2513270248017108
988 89 2.067474806125803
989 88 1.167585360539321
989 89 2.126165929315581
990 88 1.2137593243487654
990 89 2.133814379951916
990 90 0.0
991 88 1.2429963687017174
991 89 2.059069019384152
991 90 0.7885695969412497
992 88 1.2456856029162746
992 89 1.923088255370283
992 90 1.1258808274221768
993 88 1.2466767937597367
993 89 1.4286827014504149
993 90 1.3612148863414908
994 88 1.248870484830618
994 89 1.2234769085370314
994 90 1.525401888622095
995 88 1.2497839935423996
995 89 1.2136561972705386
995 90 1.639951561378119
996 88 1.250421153945685
996 89 1.223711923978832
996 90 1.7198698332578495
997 88 1.2508656759947443
997 89 1.2369545092482541
997 90 1.7748256613138818
998 88 1.2511758093658873
998 89 1.245289062800041
998 90 1.8244733460702438
999 88 1.251392181856887
999 89 1.2493262587628895
999 90 1.820993201068569
1000 88 1.2515431397588384
1000 89 1.2509675057374108
1000 90 1.835217996871718
1001 88 1.251648459491508
1001 89 1.251548922928027
1001 90 1.7672051929997121
1002 88 1.2517219385687737
1002 89 1.2517357110691394
1002 90 1.8635443873651822
1002 91 0.0
1003 88 1.2517732031773674
1003 89 1.2517967740027531
1003 90 1.8395529053531217
1003 91 0.5989435123162246
1004 88 1.2518089692802776
1004 89 1.2518232303961507
1004 90 1.7704823091378168
1004 91 0.8551420451230848
1005 88 1.2518339224429835
1005 89 1.2518405354997162
1005 90 1.8083924920809895
1005 91 1.033885696253472
1006 88 1.2518513316736173
1006 89 1.2518541731306558
1006 90 1.860508507717507
1006 91 1.1585909111122965
1007 88 0.37653066245331446
1007 89 0.9139619329303432
1007 90 1.8666588736178138
1007 91 1.24559478308102
1008 89 1.4854798481186624
1008 90 1.8991702452727393
1008 91 1.30629532993531
1009 90 1.900720610988723
1009 91 1.3486446980685596
1010 90 1.9018022644310413
1010 91 1.3781908483818766
1011 90 1.9025569039541272
1011 91 1.3988044016836594
1012 90 1.9030834022180982
1012 91 1.4131862503051975
1013 90 1.9034507248078731
1013 91 1.423219692882551
1013 92 0.0
1014 90 1.9037069986039628
1014 91 1.4301303897138358
1014 92 1.2772677315415986
1015 90 1.9038857947516445
1015 91 1.3875845157423385
1015 92 1.823619831565127
1016 90 1.356505082190478
1016 91 1.3821970627021762
1016 92 2.2047968400581586
1017 91 1.4285066274256806
1017 92 2.470735015564717
1018 91 1.3962310842332128
1018 92 2.6562737696729966
1019 91 1.4278003734912397
1019 92 2.7854053140541546
1020 91 1.3215237187078515
1020 92 2.824453552002626
1021 91 1.4095995957583423
1021 92 2.8731756923806384
1022 91 1.4374149431900167
1022 92 2.8765569432384366
1023 91 1.4386882184470524
1023 92 2.8205544108034424
1024 91 1.4420371021198226
1024 92 1.8392164173357275
1024 93 0.0
1025 91 1.4433508377081814
1025 92 1.4307398638215485
1025 93 2.0980553146722847
1026 91 1.4442650750921606
1026 92 1.3912621498582882
1026 93 2.995499255685558
1027 91 1.4449028915948987
1027 92 1.4097084541882186
1027 93 3.6216251939527577
1028 91 1.4453478789079826
1028 92 1.4286986540616144
1028 93 4.058457635559543
1029 91 1.4456583354246246
1029 92 1.4411081824210432
1029 93 4.220859258384748
1030 91 1.4458749336680974
1030 92 1.4498855714785213
1030 93 4.493156799442196
1031 91 1.4460260491056134
1031 92 1.4600003952851204
1031 93 4.286483919669758
1032 91 1.446131478760278
1032 92 1.4781416752404768
1032 93 4.845336171319414
1033 91 1.4462050346438315
1033 92 1.5164853469613542
1033 93 4.896798446075432
1034 91 1.4462563526099204
1034 92 1.6068380391283488
1034 93 4.299852123453624
1035 91 1.3440932289558039
1035 92 2.158934033384614
1035 93 2.6747873582519675
1035 94 0.0
1036 92 1.231921372244988
1036 93 1.8793757773457878
1036 94 2.049316591950554
1037 94 2.9259134202160246
1038 94 3.5374940441714493
1039 94 3.964156088138145
1040 94 4.1670193831980615
1041 94 4.3814500515542285
1042 94 4.217682164187533
1043 94 4.684914766645582
1044 94 4.779332577115747
1045 94 4.830580764081926
1046 94 4.816258728555161
1046 95 0.0
1047 95 2.210779670313231
1048 95 3.156441789011159
1049 95 3.8162085409161843
1050 95 4.291613254049539
1051 95 4.419074683847601
1052 95 4.5498206040382545
1053 95 4.958460430487193
1054 95 5.079170828286962
1055 95 5.157650463393068
1056 95 5.212403927286963
1057 95 0.8511414329997857
1057 96 0.0
1058 96 2.254289633331457
1059 96 3.2166268835711747
1060 96 3.891033862447285
1061 96 4.35568787578003
1062 96 4.512927507713681
1063 96 4.642760744084371
1064 96 5.064273125998446
1065 96 5.179306908909946
1066 96 5.259278413280604
1067 96 5.3150727193351575
1068 96 0.4505040651546205
1068 97 0.0
1069 97 2.4317900138354007
1070 97 3.4719899156588334
1071 97 4.197712886945467
1072 97 4.6890924754040775
1073 97 4.868067319096128
1074 97 4.869565933349009
1075 97 5.452625564361185
1076 97 5.589966699283634
1077 97 5.675374913010037
1078 97 2.0797976962218305
1079 98 0.0
1080 98 1.455871252202328
1081 98 2.0786207484712462
1082 98 2.5130985411871016
1083 98 2.8162237607006806
1084 98 3.0277064374157394
1085 98 3.173863609206103
1086 98 3.178877114803857
1087 98 3.250564801886359
1088 98 3.109454033101972
1089 98 3.4099943715034424
1090 98 3.453066363851778
1090 99 0.0
1091 98 3.4720167771041854
1091 99 1.0628528473890948
1092 98 3.4852380366021776
1092 99 1.5174890768229732
1093 98 3.494462179857624
1093 99 1.8346774346484338
1094 98 2.0211449582595096
1094 99 2.0559725586494357
1095 99 2.2103650116078932
1096 99 2.3180813777854494
1097 99 2.3932315761885765
1098 99 2.44360698727077
1099 99 2.4022953305401016
1100 99 2.4611554746501643
1101 99 2.4505496369509263
1102 99 2.3261306194917033
1102 100 0.0
1103 99 2.5388481738336317
1103 100 2.2734031041171816
1104 99 2.5477092511041977
1104 100 3.2458532241808444
1105 99 2.5534427683391647
1105 100 3.924308439590174
1106 99 2.5574381865427003
1106 100 4.421316674793129
1107 99 2.560225663624493
1107 100 4.534810149814994
1108 99 2.5621704184296945
1108 100 4.615948136082861
1109 99 2.5635272275362535
1109 100 5.097465879222259
1110 99 1.8393013198120627
1110 100 5.226241554280523
1111 100 5.305978579618723
1112 100 4.757438028236835
