timeStep NumPeds-PID5
1 1
2 1
3 1
4 1
5 1
6 1
7 1
8 1
9 1
10 1
11 1
12 1
13 1
14 1
15 1
16 1
17 1
18 1
19 1
20 1
21 1
22 1
23 0
24 1
25 1
26 1
27 1
28 1
29 1
30 1
31 0
32 0
33 0
34 0
35 1
36 1
37 1
38 1
39 1
40 1
41 1
42 1
43 1
44 1
45 1
46 2
47 2
48 2
49 2
50 1
51 1
52 1
53 1
54 1
55 0
56 0
57 1
58 1
59 1
60 1
61 1
62 1
63 1
64 0
65 0
66 0
67 0
68 1
69 1
70 1
71 1
72 1
73 1
74 1
75 1
76 1
77 1
78 0
79 1
80 1
81 1
82 1
83 1
84 1
85 1
86 1
87 1
88 1
89 1
90 2
91 2
92 2
93 2
94 2
95 2
96 2
97 2
98 1
99 1
100 0
101 1
102 1
103 1
104 1
105 1
106 1
107 1
108 1
109 1
110 1
111 1
112 1
113 2
114 2
115 2
116 1
117 1
118 1
119 1
120 1
121 1
122 0
123 0
124 1
125 1
126 1
127 1
128 1
129 1
130 1
131 1
132 1
133 0
134 0
135 1
136 1
137 1
138 1
139 1
140 1
141 1
142 1
143 0
144 0
145 0
146 1
147 1
148 1
149 1
150 1
151 1
152 1
153 1
154 1
155 1
156 1
157 1
158 1
159 1
160 1
161 1
162 1
163 1
164 1
165 1
166 1
167 0
168 1
169 1
170 1
171 1
172 1
173 1
174 1
175 1
176 1
177 1
178 0
179 1
180 1
181 1
182 1
183 1
184 1
185 1
186 1
187 1
188 1
189 0
190 1
191 1
192 1
193 1
194 1
195 1
196 1
197 1
198 0
199 0
200 0
201 1
202 1
203 1
204 1
205 1
206 1
207 1
208 0
209 0
210 0
211 0
212 0
213 1
214 1
215 1
216 1
217 1
218 1
219 1
220 1
221 1
222 1
223 0
224 1
225 1
226 1
227 1
228 1
229 1
230 1
231 0
232 0
233 0
234 0
235 1
236 1
237 1
238 1
239 1
240 1
241 1
242 1
243 1
244 1
245 1
246 2
247 1
248 1
249 1
250 1
251 1
252 1
253 1
254 1
255 1
256 1
257 2
258 1
259 1
260 1
261 1
262 1
263 1
264 1
265 1
266 1
267 1
268 2
269 1
270 1
271 1
272 1
273 1
274 1
275 0
276 0
277 0
278 0
279 1
280 1
281 1
282 1
283 1
284 1
285 1
286 1
287 1
288 1
289 0
290 1
291 1
292 1
293 1
294 1
295 1
296 1
297 0
298 0
299 0
300 0
301 1
302 1
303 1
304 1
305 1
306 1
307 1
308 0
309 0
310 0
311 0
312 0
313 1
314 1
315 1
316 1
317 1
318 1
319 1
320 0
321 0
322 0
323 0
324 1
325 1
326 1
327 1
328 1
329 1
330 1
331 1
332 1
333 1
334 1
335 2
336 2
337 2
338 1
339 1
340 1
341 1
342 1
343 1
344 0
345 0
346 1
347 1
348 1
349 1
350 1
351 1
352 1
353 1
354 1
355 1
356 1
357 2
358 2
359 2
360 2
361 2
362 1
363 1
364 0
365 0
366 0
367 0
368 1
369 1
370 1
371 1
372 1
373 1
374 1
375 0
376 0
377 0
378 0
379 1
380 1
381 1
382 1
383 1
384 1
385 1
386 1
387 1
388 0
389 0
390 1
391 1
392 1
393 1
394 1
395 1
396 1
397 1
398 1
399 0
400 0
401 0
402 1
403 1
404 1
405 1
406 1
407 1
408 1
409 1
410 1
411 1
412 1
413 2
414 2
415 2
416 2
417 2
418 2
419 2
420 2
421 2
422 2
423 2
424 3
425 3
426 3
427 3
428 3
429 3
430 3
431 2
432 1
433 1
434 1
435 2
436 1
437 1
438 1
439 1
440 1
441 1
442 1
443 1
444 1
445 1
446 2
447 2
448 1
449 1
450 1
451 1
452 1
453 0
454 0
455 0
456 0
457 1
458 1
459 1
460 1
461 1
462 1
463 1
464 1
465 1
466 0
467 0
468 1
469 1
470 1
471 1
472 1
473 1
474 1
475 1
476 1
477 1
478 1
479 2
480 2
481 2
482 2
483 2
484 2
485 2
486 1
487 1
488 1
489 1
490 2
491 2
492 1
493 1
494 1
495 1
496 1
497 0
498 0
499 0
500 0
501 0
502 1
503 1
504 1
505 1
506 1
507 1
508 1
509 1
510 1
511 1
512 1
513 2
514 2
515 2
516 2
517 2
518 1
519 1
520 1
521 1
522 1
523 1
524 2
525 2
526 1
527 1
528 1
529 1
530 1
531 1
532 1
533 1
534 0
535 1
536 1
537 1
538 1
539 1
540 1
541 1
542 0
543 0
544 0
545 0
546 1
547 1
548 1
549 1
550 1
551 1
552 1
553 1
554 1
555 0
556 0
557 1
558 1
559 1
560 1
561 1
562 1
563 1
564 1
565 1
566 1
567 1
568 2
569 2
570 2
571 2
572 2
573 2
574 2
575 1
576 0
577 0
578 0
579 1
580 1
581 1
582 1
583 1
584 1
585 1
586 1
587 1
588 1
589 1
590 2
591 2
592 2
593 2
594 2
595 2
596 2
597 2
598 2
599 2
600 2
601 2
602 2
603 1
604 1
605 1
606 1
607 1
608 1
609 1
610 1
611 1
612 1
613 2
614 2
615 2
616 2
617 2
618 2
619 2
620 2
621 2
622 2
623 1
624 1
625 1
626 1
627 1
628 1
629 1
630 1
631 1
632 1
633 0
634 0
635 1
636 1
637 1
638 1
639 1
640 1
641 1
642 1
643 1
644 1
645 0
646 1
647 1
648 1
649 1
650 1
651 1
652 1
653 1
654 0
655 0
656 0
657 1
658 1
659 1
660 1
661 1
662 1
663 1
664 1
665 0
666 0
667 0
668 1
669 1
670 1
671 1
672 1
673 1
674 1
675 1
676 1
677 0
678 0
679 1
680 1
681 1
682 1
683 1
684 1
685 1
686 1
687 1
688 1
689 1
690 2
691 2
692 2
693 1
694 1
695 1
696 1
697 0
698 0
699 0
700 0
701 0
702 1
703 1
704 1
705 1
706 1
707 1
708 1
709 1
710 0
711 0
712 0
713 1
714 1
715 1
716 1
717 1
718 1
719 1
720 1
721 1
722 1
723 1
724 2
725 2
726 2
727 2
728 2
729 2
730 2
731 1
732 1
733 1
734 1
735 2
736 2
737 1
738 1
739 1
740 1
741 1
742 0
743 0
744 0
745 0
746 1
747 1
748 1
749 1
750 1
751 1
752 1
753 1
754 1
755 0
756 0
757 1
758 1
759 1
760 1
761 1
762 1
763 1
764 1
765 0
766 0
767 0
768 1
769 1
770 1
771 1
772 1
773 1
774 1
775 1
776 1
777 1
778 1
779 1
780 1
781 1
782 1
783 1
784 1
785 1
786 0
787 0
788 0
789 0
790 1
791 1
792 1
793 1
794 1
795 1
796 1
797 1
798 1
799 1
800 1
801 1
802 2
803 2
804 2
805 1
806 1
807 1
808 1
809 0
810 0
811 0
812 0
813 1
814 1
815 1
816 1
817 1
818 1
819 1
820 1
821 1
822 0
823 0
824 1
825 1
826 1
827 1
828 1
829 1
830 1
831 1
832 0
833 0
834 0
835 1
836 1
837 1
838 1
839 1
840 1
841 1
842 1
843 1
844 1
845 1
846 1
847 1
848 1
849 1
850 1
851 1
852 1
853 0
854 0
855 0
856 0
857 1
858 1
859 1
860 1
861 1
862 1
863 1
864 1
865 1
866 1
867 1
868 1
869 1
870 1
871 1
872 1
873 1
874 1
875 1
876 0
877 0
878 0
879 1
880 1
881 1
882 1
883 1
884 1
885 1
886 1
887 0
888 0
889 0
890 1
891 1
892 1
893 1
894 1
895 1
896 1
897 1
898 0
899 0
900 0
901 0
902 1
903 1
904 1
905 1
906 1
907 1
908 1
909 1
910 1
911 1
912 0
913 1
914 1
915 1
916 1
917 1
918 1
919 1
920 1
921 1
922 1
923 0
924 1
925 1
926 1
927 1
928 1
929 1
930 1
931 1
932 1
933 1
934 1
935 2
936 2
937 1
938 1
939 1
940 1
941 1
942 1
943 1
944 1
945 1
946 2
947 2
948 2
949 2
950 2
951 2
952 2
953 2
954 2
955 2
956 2
957 3
958 3
959 2
960 2
961 1
962 1
963 1
964 1
965 1
966 1
967 1
968 2
969 2
970 2
971 2
972 2
973 2
974 1
975 1
976 1
977 1
978 1
979 2
980 2
981 2
982 2
983 2
984 2
985 2
986 2
987 2
988 2
989 1
990 1
991 1
992 1
993 1
994 1
995 1
996 1
997 1
998 0
999 0
1000 0
1001 0
1002 1
1003 1
1004 1
1005 1
1006 1
1007 1
1008 1
1009 1
1010 0
1011 0
1012 0
1013 1
1014 1
1015 1
1016 1
1017 1
1018 1
1019 1
1020 1
1021 0
1022 0
1023 0
1024 1
1025 1
1026 1
1027 1
1028 1
1029 1
1030 1
1031 1
1032 0
1033 0
1034 0
1035 1
1036 1
1037 1
1038 1
1039 1
1040 1
1041 1
1042 0
1043 0
1044 0
1045 0
1046 1
1047 1
1048 1
1049 1
1050 1
1051 1
1052 1
1053 1
1054 1
1055 1
1056 0
1057 1
1058 1
1059 1
1060 1
1061 1
1062 1
1063 1
1064 1
1065 1
1066 1
1067 1
1068 2
1069 2
1070 1
1071 1
1072 1
1073 1
1074 1
1075 1
1076 1
1077 1
1078 1
1079 2
1080 2
1081 2
1082 1
1083 1
1084 1
1085 1
1086 1
1087 1
1088 1
1089 1
1090 2
1091 2
1092 1
1093 1
1094 1
1095 1
1096 1
1097 1
1098 1
1099 1
1100 1
1101 1
1102 2
1103 2
1104 2
1105 2
1106 2
1107 2
1108 2
1109 2
1110 2
1111 2
1112 1
1113 0
1114 0
1115 0
1116 0
1117 0
1118 0
1119 0
1120 0
1121 0
1122 0
1123 0
1124 0
1125 0
1126 0
1127 0
1128 0
1129 0
1130 0
1131 0
1132 0
1133 0
1134 0
1135 0
1136 0
1137 0
1138 0
1139 0
1140 0
1141 0
1142 0
1143 0
1144 0
1145 0
1146 0
