timeStep NumPeds-PID5
1 1
2 1
3 1
4 1
5 1
6 1
7 1
8 1
9 1
10 1
11 1
12 1
13 1
14 1
15 1
16 1
17 1
18 1
19 1
20 1
21 1
22 1
23 1
24 1
25 1
26 1
27 1
28 1
29 1
30 1
31 1
32 1
33 1
34 1
35 1
36 1
37 1
38 1
39 1
40 1
41 1
42 1
43 1
44 1
45 1
46 1
47 1
48 1
49 1
50 1
51 1
52 1
53 1
54 1
55 1
56 1
57 1
58 1
59 1
60 1
61 1
62 1
63 1
64 1
65 1
66 1
67 1
68 1
69 1
70 1
71 1
72 1
73 1
74 1
75 1
76 1
77 1
78 1
79 1
80 1
81 1
82 1
83 1
84 1
85 1
86 1
87 1
88 1
89 1
90 1
91 1
92 1
93 1
94 1
95 1
96 1
97 1
98 1
99 1
100 1
101 1
102 2
103 2
104 2
105 2
106 2
107 2
108 2
109 2
110 1
111 1
112 1
113 1
114 1
115 1
116 1
117 1
118 1
119 1
120 1
121 1
122 1
123 1
124 1
125 1
126 1
127 1
128 1
129 1
130 1
131 1
132 1
133 1
134 1
135 1
136 1
137 1
138 1
139 1
140 1
141 1
142 1
143 1
144 1
145 1
146 1
147 1
148 1
149 1
150 1
151 1
152 1
153 1
154 1
155 1
156 1
157 1
158 1
159 1
160 1
161 1
162 1
163 1
164 1
165 1
166 1
167 1
168 1
169 1
170 1
171 1
172 1
173 1
174 1
175 1
176 1
177 1
178 1
179 1
180 1
181 1
182 1
183 1
184 1
185 1
186 1
187 1
188 1
189 1
190 1
191 1
192 1
193 1
194 1
195 1
196 1
197 1
198 1
199 1
200 1
201 2
202 2
203 2
204 2
205 2
206 2
207 2
208 2
209 2
210 2
211 2
212 2
213 2
214 2
215 2
216 2
217 2
218 2
219 2
220 2
221 2
222 2
223 2
224 2
225 2
226 2
227 2
228 2
229 2
230 2
231 2
232 2
233 2
234 2
235 2
236 2
237 2
238 2
239 2
240 2
241 2
242 2
243 2
244 2
245 2
246 2
247 2
248 2
249 2
250 2
251 1
252 1
253 1
254 1
255 1
256 1
257 1
258 1
259 1
260 1
261 1
262 1
263 1
264 1
265 1
266 1
267 1
268 1
269 1
270 1
271 1
272 1
273 1
274 1
275 1
276 1
277 1
278 1
279 1
280 1
281 1
282 1
283 1
284 1
285 1
286 1
287 1
288 1
289 1
290 1
291 1
292 1
293 1
294 1
295 1
296 1
297 1
298 1
299 1
300 1
301 2
302 2
303 2
304 2
305 2
306 2
307 2
308 2
309 2
310 2
311 2
312 2
313 2
314 2
315 2
316 2
317 2
318 2
319 2
320 2
321 2
322 2
323 2
324 2
325 2
326 2
327 2
328 2
329 2
330 2
331 2
332 2
333 2
334 2
335 2
336 2
337 1
338 1
339 1
340 1
341 1
342 1
343 1
344 1
345 1
346 1
347 1
348 1
349 1
350 1
351 1
352 1
353 1
354 1
355 1
356 1
357 1
358 1
359 1
360 1
361 1
362 1
363 1
364 1
365 1
366 1
367 1
368 1
369 1
370 1
371 1
372 1
373 1
374 1
375 1
376 1
377 1
378 1
379 1
380 1
381 1
382 1
383 1
384 1
385 1
386 1
387 1
388 1
389 1
390 1
391 1
392 1
393 1
394 1
395 1
396 1
397 1
398 1
399 1
400 1
401 2
402 2
403 2
404 2
405 2
406 2
407 2
408 2
409 2
410 1
411 1
412 1
413 1
414 1
415 1
416 1
417 1
418 1
419 1
420 1
421 1
422 1
423 1
424 1
425 1
426 1
427 1
428 1
429 1
430 1
431 1
432 1
433 1
434 1
435 1
436 1
437 1
438 1
439 1
440 1
441 1
442 1
443 1
444 1
445 1
446 1
447 1
448 1
449 1
450 1
451 1
452 1
453 1
454 1
455 1
456 1
457 1
458 1
459 1
460 1
461 1
462 1
463 1
464 1
465 1
466 1
467 1
468 1
469 1
470 1
471 1
472 1
473 1
474 1
475 1
476 1
477 1
478 1
479 1
480 1
481 1
482 1
483 1
484 1
485 1
486 1
487 1
488 1
489 1
490 1
491 1
492 1
493 1
494 1
495 1
496 1
497 1
498 1
499 1
500 1
501 2
502 2
503 1
504 1
505 1
506 1
507 1
508 1
509 1
510 1
511 1
512 1
513 1
514 1
515 1
516 1
517 1
518 1
519 1
520 1
521 1
522 1
523 1
524 1
525 1
526 1
527 1
528 1
529 1
530 1
531 1
532 1
533 1
534 1
535 1
536 1
537 1
538 1
539 1
540 1
541 1
542 1
543 1
544 1
545 1
546 1
547 1
548 1
549 1
550 1
551 1
552 1
553 1
554 1
555 1
556 1
557 1
558 1
559 1
560 1
561 1
562 1
563 1
564 1
565 1
566 1
567 1
568 1
569 1
570 1
571 1
572 1
573 1
574 1
575 1
576 1
577 1
578 1
579 1
580 1
581 1
582 1
583 1
584 1
585 1
586 1
587 1
588 1
589 1
590 1
591 1
592 1
593 1
594 1
595 1
596 1
597 1
598 1
599 1
600 1
601 2
602 2
603 2
604 2
605 2
606 2
607 2
608 2
609 2
610 2
611 2
612 2
613 2
614 2
615 2
616 2
617 2
618 2
619 2
620 2
621 2
622 2
623 2
624 2
625 2
626 2
627 2
628 2
629 2
630 2
631 2
632 2
633 2
634 2
635 2
636 2
637 2
638 2
639 2
640 2
641 2
642 2
643 2
644 2
645 2
646 2
647 2
648 2
649 2
650 2
651 2
652 2
653 2
654 2
655 1
656 1
657 1
658 1
659 1
660 1
661 1
662 1
663 1
664 1
665 1
666 1
667 1
668 1
669 1
670 1
671 1
672 1
673 1
674 1
675 1
676 1
677 1
678 1
679 1
680 1
681 1
682 1
683 1
684 1
685 1
686 1
687 1
688 1
689 1
690 1
691 1
692 1
693 1
694 1
695 1
696 1
697 1
698 1
699 1
700 1
701 2
702 2
703 2
704 2
705 2
706 2
707 2
708 2
709 2
710 2
711 2
712 2
713 2
714 2
715 2
716 2
717 2
718 2
719 2
720 2
721 2
722 2
723 2
724 2
725 2
726 2
727 2
728 2
729 2
730 2
731 2
732 2
733 2
734 2
735 2
736 2
737 2
738 2
739 2
740 2
741 2
742 2
743 2
744 2
745 2
746 2
747 2
748 2
749 2
750 2
751 2
752 2
753 2
754 2
755 2
756 2
757 2
758 2
759 2
760 2
761 2
762 2
763 2
764 2
765 2
766 2
767 2
768 2
769 2
770 2
771 2
772 2
773 2
774 2
775 2
776 2
777 2
778 2
779 2
780 2
781 2
782 2
783 2
784 2
785 2
786 2
787 2
788 2
789 2
790 2
791 2
792 2
793 2
794 2
795 2
796 2
797 2
798 2
799 2
800 2
801 2
802 3
803 3
804 3
805 3
806 3
807 3
808 3
809 3
810 3
811 3
812 3
813 3
814 3
815 3
816 3
817 3
818 3
819 3
820 3
821 3
822 3
823 3
824 3
825 3
826 3
827 3
828 3
829 3
830 3
831 3
832 3
833 3
834 3
835 3
836 3
837 3
838 3
839 3
840 3
841 3
842 3
843 3
844 3
845 3
846 3
847 2
848 2
849 2
850 2
851 2
852 2
853 2
854 2
855 2
856 2
857 2
858 2
859 2
860 2
861 2
862 2
863 2
864 2
865 2
866 2
867 2
868 2
869 2
870 2
871 2
872 2
873 2
874 2
875 2
876 2
877 2
878 2
879 2
880 2
881 2
882 2
883 2
884 2
885 2
886 2
887 2
888 2
889 2
890 2
891 2
892 2
893 2
894 2
895 2
896 2
897 2
898 2
899 2
900 2
901 2
902 3
903 3
904 3
905 3
906 3
907 3
908 3
909 3
910 3
911 3
912 3
913 3
914 3
915 3
916 3
917 3
918 3
919 3
920 3
921 3
922 3
923 3
924 3
925 3
926 3
927 3
928 3
929 3
930 3
931 3
932 3
933 3
934 3
935 3
936 3
937 3
938 3
939 3
940 3
941 3
942 3
943 3
944 3
945 3
946 3
947 3
948 3
949 3
950 3
951 3
952 3
953 3
954 3
955 3
956 3
957 3
958 3
959 3
960 3
961 3
962 3
963 3
964 3
965 3
966 3
967 3
968 3
969 3
970 3
971 3
972 3
973 3
974 3
975 3
976 3
977 3
978 3
979 3
980 3
981 3
982 3
983 3
984 3
985 3
986 3
987 3
988 3
989 3
990 3
991 3
992 3
993 3
994 3
995 3
996 3
997 3
998 3
999 3
1000 3
1001 3
1002 4
1003 4
1004 4
1005 4
1006 4
1007 4
1008 4
1009 4
1010 4
1011 4
1012 4
1013 3
1014 3
1015 3
1016 3
1017 3
1018 3
1019 3
1020 3
1021 3
1022 3
1023 3
1024 3
1025 3
1026 3
1027 3
1028 3
1029 3
1030 3
1031 3
1032 3
1033 3
1034 3
1035 3
1036 3
1037 3
1038 3
1039 3
1040 3
1041 3
1042 3
1043 3
1044 3
1045 3
1046 3
1047 3
1048 3
1049 3
1050 3
1051 3
1052 3
1053 3
1054 3
1055 3
1056 3
1057 3
1058 3
1059 3
1060 3
1061 3
1062 3
1063 3
1064 3
1065 3
1066 3
1067 3
1068 3
1069 3
1070 3
1071 3
1072 3
1073 3
1074 3
1075 3
1076 3
1077 3
1078 3
1079 3
1080 3
1081 3
1082 3
1083 3
1084 3
1085 3
1086 3
1087 3
1088 3
1089 3
1090 3
1091 3
1092 3
1093 3
1094 3
1095 3
1096 3
1097 3
1098 3
1099 3
1100 3
1101 3
1102 4
1103 4
1104 4
1105 4
1106 4
1107 4
1108 4
1109 4
1110 4
1111 4
1112 4
1113 4
1114 4
1115 4
1116 4
1117 4
1118 4
1119 4
1120 4
1121 4
1122 4
1123 3
1124 3
1125 3
1126 3
1127 3
1128 3
1129 3
1130 3
1131 3
1132 3
1133 3
1134 3
1135 3
1136 3
1137 3
1138 3
1139 3
1140 3
1141 3
1142 3
1143 3
1144 3
1145 3
1146 3
1147 3
1148 3
1149 3
1150 3
1151 3
1152 3
1153 3
1154 3
1155 3
1156 3
1157 3
1158 3
1159 3
1160 3
1161 3
1162 3
1163 3
1164 3
1165 3
1166 3
1167 3
1168 3
1169 3
1170 3
1171 3
1172 3
1173 3
1174 3
1175 3
1176 3
1177 3
1178 3
1179 3
1180 3
1181 3
1182 3
1183 3
1184 3
1185 3
1186 3
1187 3
1188 2
1189 2
1190 2
1191 2
1192 2
1193 2
1194 2
1195 2
1196 2
1197 2
1198 2
1199 2
1200 2
1201 2
1202 3
1203 3
1204 3
1205 3
1206 3
1207 3
1208 3
1209 3
1210 3
1211 3
1212 3
1213 3
1214 3
1215 3
1216 3
1217 3
1218 3
1219 3
1220 2
1221 2
1222 2
1223 2
1224 2
1225 2
1226 2
1227 2
1228 2
1229 2
1230 2
1231 2
1232 2
1233 2
1234 2
1235 2
1236 2
1237 2
1238 2
1239 2
1240 2
1241 2
1242 2
1243 2
1244 2
1245 2
1246 2
1247 2
1248 2
1249 2
1250 2
1251 2
1252 2
1253 2
1254 2
1255 2
1256 2
1257 2
1258 2
1259 2
1260 2
1261 2
1262 2
1263 2
1264 2
1265 2
1266 2
1267 2
1268 2
1269 2
1270 2
1271 2
1272 2
1273 2
1274 2
1275 2
1276 2
1277 2
1278 2
1279 2
1280 2
1281 2
1282 2
1283 2
1284 2
1285 2
1286 2
1287 2
1288 2
1289 2
1290 2
1291 2
1292 2
1293 2
1294 2
1295 2
1296 2
1297 2
1298 2
1299 2
1300 2
1301 2
1302 3
1303 2
1304 2
1305 2
1306 2
1307 2
1308 2
1309 2
1310 2
1311 2
1312 2
1313 2
1314 2
1315 2
1316 2
1317 2
1318 2
1319 2
1320 2
1321 2
1322 2
1323 2
1324 2
1325 2
1326 2
1327 2
1328 2
1329 2
1330 2
1331 2
1332 2
1333 2
1334 2
1335 2
1336 2
1337 2
1338 2
1339 2
1340 2
1341 2
1342 2
1343 2
1344 2
1345 2
1346 2
1347 2
1348 2
1349 2
1350 2
1351 2
1352 2
1353 2
1354 2
1355 1
1356 1
1357 1
1358 1
1359 1
1360 1
1361 1
1362 1
1363 1
1364 1
1365 1
1366 1
1367 1
1368 1
1369 1
1370 1
1371 1
1372 1
1373 1
1374 1
1375 1
1376 1
1377 1
1378 1
1379 1
1380 1
1381 1
1382 1
1383 1
1384 1
1385 1
1386 1
1387 1
1388 1
1389 1
1390 1
1391 1
1392 1
1393 1
1394 1
1395 1
1396 1
1397 1
1398 1
1399 1
1400 1
1401 1
1402 2
1403 2
1404 2
1405 2
1406 2
1407 2
1408 2
1409 2
1410 2
1411 2
1412 2
1413 2
1414 2
1415 2
1416 2
1417 2
1418 2
1419 2
1420 2
1421 2
1422 2
1423 2
1424 2
1425 2
1426 2
1427 2
1428 2
1429 2
1430 2
1431 2
1432 2
1433 2
1434 2
1435 2
1436 2
1437 2
1438 2
1439 2
1440 2
1441 2
1442 2
1443 2
1444 2
1445 2
1446 2
1447 2
1448 2
1449 2
1450 2
1451 2
1452 2
1453 2
1454 2
1455 2
1456 2
1457 2
1458 2
1459 2
1460 2
1461 2
1462 2
1463 2
1464 2
1465 2
1466 2
1467 2
1468 2
1469 2
1470 2
1471 2
1472 2
1473 2
1474 2
1475 2
1476 2
1477 2
1478 2
1479 2
1480 2
1481 2
1482 2
1483 2
1484 2
1485 2
1486 2
1487 2
1488 2
1489 2
1490 2
1491 2
1492 2
1493 2
1494 2
1495 2
1496 2
1497 2
1498 2
1499 2
1500 2
1501 2
1502 3
1503 3
1504 3
1505 3
1506 3
1507 3
1508 3
1509 3
1510 3
1511 3
1512 3
1513 3
1514 3
1515 3
1516 3
1517 3
1518 3
1519 3
1520 3
1521 3
1522 3
1523 3
1524 3
1525 3
1526 3
1527 3
1528 3
1529 3
1530 3
1531 3
1532 3
1533 3
1534 3
1535 2
1536 2
1537 2
1538 2
1539 2
1540 2
1541 2
1542 2
1543 2
1544 2
1545 2
1546 2
1547 2
1548 2
1549 2
1550 2
1551 2
1552 2
1553 2
1554 2
1555 2
1556 2
1557 2
1558 2
1559 2
1560 2
1561 2
1562 2
1563 2
1564 2
1565 2
1566 2
1567 2
1568 2
1569 2
1570 2
1571 2
1572 2
1573 2
1574 2
1575 2
1576 2
1577 2
1578 2
1579 2
1580 2
1581 2
1582 2
1583 2
1584 2
1585 2
1586 2
1587 2
1588 2
1589 2
1590 2
1591 2
1592 2
1593 2
1594 2
1595 2
1596 2
1597 2
1598 2
1599 1
1600 1
1601 1
1602 2
1603 2
1604 2
1605 2
1606 2
1607 2
1608 2
1609 2
1610 2
1611 2
1612 2
1613 2
1614 2
1615 2
1616 2
1617 2
1618 2
1619 2
1620 2
1621 2
1622 2
1623 2
1624 2
1625 2
1626 2
1627 2
1628 2
1629 2
1630 2
1631 2
1632 2
1633 2
1634 2
1635 2
1636 2
1637 2
1638 2
1639 2
1640 2
1641 2
1642 2
1643 2
1644 2
1645 2
1646 2
1647 2
1648 2
1649 2
1650 2
1651 2
1652 2
1653 2
1654 2
1655 2
1656 2
1657 2
1658 2
1659 2
1660 2
1661 2
1662 2
1663 2
1664 2
1665 2
1666 2
1667 2
1668 2
1669 2
1670 2
1671 2
1672 2
1673 2
1674 2
1675 2
1676 2
1677 2
1678 2
1679 2
1680 2
1681 2
1682 2
1683 2
1684 2
1685 2
1686 2
1687 2
1688 2
1689 2
1690 2
1691 2
1692 2
1693 2
1694 2
1695 2
1696 2
1697 2
1698 2
1699 2
1700 2
1701 2
1702 3
1703 3
1704 3
1705 3
1706 3
1707 3
1708 3
1709 3
1710 3
1711 3
1712 3
1713 3
1714 3
1715 3
1716 3
1717 3
1718 3
1719 3
1720 3
1721 3
1722 3
1723 3
1724 3
1725 3
1726 3
1727 3
1728 3
1729 3
1730 3
1731 3
1732 3
1733 3
1734 3
1735 3
1736 3
1737 3
1738 3
1739 3
1740 3
1741 3
1742 3
1743 3
1744 3
1745 3
1746 3
1747 3
1748 3
1749 3
1750 3
1751 3
1752 3
1753 3
1754 3
1755 3
1756 3
1757 3
1758 3
1759 3
1760 3
1761 3
1762 3
1763 3
1764 3
1765 3
1766 3
1767 3
1768 3
1769 3
1770 3
1771 3
1772 3
1773 3
1774 3
1775 3
1776 3
1777 3
1778 3
1779 3
1780 3
1781 3
1782 3
1783 3
1784 3
1785 3
1786 3
1787 3
1788 3
1789 3
1790 3
1791 3
1792 3
1793 3
1794 3
1795 3
1796 3
1797 3
1798 3
1799 3
1800 3
1801 3
1802 4
1803 4
1804 4
1805 4
1806 4
1807 4
1808 3
1809 3
1810 3
1811 3
1812 3
1813 3
1814 3
1815 3
1816 3
1817 3
1818 3
1819 3
1820 3
1821 3
1822 3
1823 3
1824 3
1825 3
1826 3
1827 3
1828 3
1829 3
1830 3
1831 3
1832 3
1833 2
1834 2
1835 1
1836 1
1837 1
1838 1
1839 1
1840 1
1841 1
1842 1
1843 1
1844 1
1845 1
1846 1
1847 1
1848 1
1849 1
1850 1
1851 1
1852 1
1853 1
1854 1
1855 1
1856 1
1857 1
1858 1
1859 1
1860 1
1861 1
1862 1
1863 1
1864 1
1865 1
1866 1
1867 1
1868 1
1869 1
1870 1
1871 1
1872 1
1873 1
1874 1
1875 1
1876 1
1877 1
1878 1
1879 1
1880 1
1881 1
1882 1
1883 1
1884 1
1885 1
1886 1
1887 1
1888 1
1889 1
1890 1
1891 1
1892 1
1893 1
1894 1
1895 1
1896 1
1897 1
1898 1
1899 1
1900 1
1901 1
1902 2
1903 2
1904 2
1905 2
1906 2
1907 2
1908 2
1909 2
1910 2
1911 2
1912 2
1913 2
1914 2
1915 2
1916 2
1917 2
1918 2
1919 2
1920 2
1921 2
1922 2
1923 2
1924 2
1925 2
1926 2
1927 2
1928 2
1929 2
1930 2
1931 2
1932 2
1933 2
1934 2
1935 2
1936 2
1937 2
1938 2
1939 2
1940 2
1941 2
1942 2
1943 2
1944 2
1945 2
1946 2
1947 2
1948 2
1949 2
1950 2
1951 2
1952 2
1953 2
1954 2
1955 2
1956 2
1957 2
1958 2
1959 2
1960 2
1961 2
1962 2
1963 2
1964 2
1965 2
1966 2
1967 2
1968 2
1969 2
1970 2
1971 2
1972 2
1973 2
1974 2
1975 2
1976 2
1977 2
1978 2
1979 2
1980 2
1981 2
1982 2
1983 2
1984 2
1985 2
1986 2
1987 2
1988 2
1989 2
1990 2
1991 2
1992 2
1993 2
1994 2
1995 2
1996 2
1997 2
1998 2
1999 2
2000 2
2001 2
2002 3
2003 3
2004 3
2005 3
2006 3
2007 3
2008 3
2009 3
2010 3
2011 3
2012 3
2013 3
2014 3
2015 3
2016 3
2017 3
2018 3
2019 3
2020 3
2021 3
2022 3
2023 3
2024 3
2025 3
2026 3
2027 3
2028 3
2029 2
2030 2
2031 2
2032 2
2033 2
2034 2
2035 2
2036 2
2037 2
2038 2
2039 2
2040 2
2041 1
2042 1
2043 1
2044 1
2045 1
2046 1
2047 1
2048 1
2049 1
2050 1
2051 1
2052 1
2053 1
2054 1
2055 1
2056 1
2057 1
2058 1
2059 1
2060 1
2061 1
2062 1
2063 1
2064 1
2065 1
2066 1
2067 1
2068 1
2069 1
2070 1
2071 1
2072 1
2073 1
2074 1
2075 1
2076 1
2077 1
2078 1
2079 1
2080 1
2081 1
2082 1
2083 1
2084 1
2085 1
2086 1
2087 1
2088 1
2089 1
2090 1
2091 1
2092 1
2093 1
2094 1
2095 1
2096 1
2097 1
2098 1
2099 1
2100 1
2101 1
2102 2
2103 2
2104 2
2105 2
2106 2
2107 2
2108 2
2109 2
2110 2
2111 2
2112 2
2113 2
2114 2
2115 2
2116 1
2117 1
2118 1
2119 1
2120 1
2121 1
2122 1
2123 1
2124 1
2125 1
2126 1
2127 1
2128 1
2129 1
2130 1
2131 1
2132 1
2133 1
2134 1
2135 1
2136 1
2137 1
2138 1
2139 1
2140 1
2141 1
2142 1
2143 1
2144 1
2145 1
2146 1
2147 1
2148 1
2149 1
2150 1
2151 1
2152 1
2153 1
2154 1
2155 1
2156 1
2157 1
2158 1
2159 1
2160 1
2161 1
2162 1
2163 1
2164 1
2165 1
2166 1
2167 1
2168 1
2169 1
2170 1
2171 1
2172 1
2173 1
2174 1
2175 1
2176 1
2177 1
2178 1
2179 1
2180 1
2181 1
2182 1
2183 1
2184 1
2185 1
2186 1
2187 1
2188 1
2189 1
2190 1
2191 1
2192 1
2193 1
2194 1
2195 1
2196 1
2197 1
2198 1
2199 1
2200 1
2201 1
2202 2
2203 2
2204 2
2205 2
2206 2
2207 2
2208 2
2209 2
2210 2
2211 2
2212 2
2213 2
2214 2
2215 2
2216 2
2217 2
2218 2
2219 2
2220 2
2221 2
2222 2
2223 2
2224 2
2225 2
2226 2
2227 2
2228 2
2229 2
2230 2
2231 2
2232 2
2233 2
2234 2
2235 2
2236 2
2237 2
2238 2
2239 2
2240 2
2241 2
2242 2
2243 2
2244 2
2245 2
2246 2
2247 2
2248 2
2249 2
2250 2
2251 2
2252 2
2253 2
2254 2
2255 2
2256 2
2257 2
2258 2
2259 1
2260 1
2261 1
2262 1
2263 1
2264 1
2265 1
2266 1
2267 1
2268 1
2269 1
2270 1
2271 1
2272 1
2273 1
2274 1
2275 1
2276 1
2277 1
2278 1
2279 1
2280 1
2281 1
2282 1
2283 1
2284 1
2285 1
2286 1
2287 1
2288 1
2289 1
2290 1
2291 1
2292 1
2293 1
2294 1
2295 1
2296 1
2297 1
2298 1
2299 1
2300 1
2301 1
2302 2
2303 2
2304 2
2305 2
2306 2
2307 2
2308 2
2309 2
2310 2
2311 2
2312 2
2313 2
2314 2
2315 2
2316 2
2317 1
2318 1
2319 1
2320 1
2321 1
2322 1
2323 1
2324 1
2325 1
2326 1
2327 1
2328 1
2329 1
2330 1
2331 1
2332 1
2333 1
2334 1
2335 1
2336 1
2337 1
2338 1
2339 1
2340 1
2341 1
2342 1
2343 1
2344 1
2345 1
2346 1
2347 1
2348 1
2349 1
2350 1
2351 1
2352 1
2353 1
2354 1
2355 1
2356 1
2357 1
2358 1
2359 1
2360 1
2361 1
2362 1
2363 1
2364 1
2365 1
2366 1
2367 1
2368 1
2369 1
2370 1
2371 1
2372 1
2373 1
2374 1
2375 1
2376 1
2377 1
2378 1
2379 1
2380 1
2381 1
2382 1
2383 1
2384 1
2385 1
2386 1
2387 1
2388 1
2389 1
2390 1
2391 1
2392 1
2393 1
2394 1
2395 1
2396 1
2397 1
2398 1
2399 1
2400 1
2401 1
2402 2
2403 2
2404 2
2405 2
2406 2
2407 2
2408 2
2409 2
2410 2
2411 2
2412 2
2413 2
2414 2
2415 2
2416 2
2417 2
2418 2
2419 2
2420 2
2421 2
2422 2
2423 2
2424 2
2425 2
2426 2
2427 2
2428 2
2429 2
2430 2
2431 2
2432 2
2433 2
2434 2
2435 2
2436 2
2437 2
2438 2
2439 2
2440 2
2441 2
2442 2
2443 2
2444 2
2445 2
2446 2
2447 2
2448 2
2449 2
2450 2
2451 2
2452 2
2453 2
2454 2
2455 2
2456 2
2457 2
2458 2
2459 2
2460 2
2461 2
2462 2
2463 2
2464 2
2465 2
2466 2
2467 2
2468 2
2469 2
2470 2
2471 2
2472 2
2473 2
2474 2
2475 2
2476 2
2477 2
2478 2
2479 2
2480 2
2481 2
2482 2
2483 2
2484 2
2485 2
2486 2
2487 2
2488 2
2489 2
2490 2
2491 2
2492 2
2493 2
2494 2
2495 2
2496 2
2497 2
2498 2
2499 2
2500 2
2501 2
2502 3
2503 3
2504 3
2505 3
2506 3
2507 3
2508 3
2509 3
2510 3
2511 3
2512 3
2513 3
2514 3
2515 3
2516 3
2517 3
2518 3
2519 3
2520 3
2521 3
2522 3
2523 3
2524 3
2525 3
2526 3
2527 3
2528 3
2529 3
2530 3
2531 3
2532 3
2533 3
2534 3
2535 3
2536 3
2537 3
2538 3
2539 3
2540 3
2541 3
2542 3
2543 3
2544 3
2545 3
2546 3
2547 3
2548 3
2549 3
2550 3
2551 3
2552 3
2553 3
2554 3
2555 3
2556 3
2557 3
2558 3
2559 3
2560 3
2561 3
2562 3
2563 3
2564 3
2565 3
2566 3
2567 3
2568 3
2569 3
2570 3
2571 3
2572 3
2573 3
2574 3
2575 3
2576 3
2577 3
2578 3
2579 3
2580 3
2581 3
2582 3
2583 3
2584 3
2585 3
2586 3
2587 3
2588 3
2589 3
2590 3
2591 3
2592 3
2593 3
2594 3
2595 3
2596 3
2597 3
2598 3
2599 3
2600 3
2601 3
2602 4
2603 4
2604 4
2605 4
2606 4
2607 4
2608 4
2609 4
2610 4
2611 4
2612 4
2613 4
2614 4
2615 4
2616 4
2617 4
2618 4
2619 4
2620 4
2621 4
2622 4
2623 4
2624 4
2625 4
2626 4
2627 4
2628 4
2629 4
2630 4
2631 4
2632 3
2633 3
2634 3
2635 3
2636 3
2637 3
2638 3
2639 3
2640 3
2641 3
2642 3
2643 3
2644 3
2645 3
2646 3
2647 3
2648 3
2649 3
2650 3
2651 3
2652 3
2653 3
2654 3
2655 3
2656 3
2657 3
2658 3
2659 3
2660 3
2661 3
2662 3
2663 3
2664 3
2665 3
2666 3
2667 3
2668 3
2669 3
2670 3
2671 3
2672 3
2673 3
2674 3
2675 3
2676 3
2677 3
2678 3
2679 3
2680 3
2681 3
2682 3
2683 3
2684 3
2685 3
2686 3
2687 3
2688 3
2689 3
2690 3
2691 3
2692 3
2693 3
2694 3
2695 3
2696 3
2697 3
2698 3
2699 3
2700 3
2701 3
2702 4
2703 4
2704 4
2705 4
2706 4
2707 4
2708 4
2709 4
2710 4
2711 4
2712 4
2713 4
2714 4
2715 4
2716 4
2717 4
2718 4
2719 4
2720 4
2721 4
2722 4
2723 4
2724 4
2725 4
2726 4
2727 4
2728 4
2729 4
2730 4
2731 4
2732 4
2733 4
2734 4
2735 4
2736 4
2737 4
2738 4
2739 4
2740 4
2741 4
2742 4
2743 4
2744 4
2745 4
2746 4
2747 4
2748 4
2749 4
2750 4
2751 4
2752 4
2753 4
2754 4
2755 3
2756 3
2757 3
2758 3
2759 3
2760 3
2761 3
2762 3
2763 3
2764 3
2765 3
2766 3
2767 3
2768 3
2769 3
2770 3
2771 3
2772 3
2773 3
2774 3
2775 3
2776 3
2777 3
2778 2
2779 2
2780 2
2781 2
2782 2
2783 2
2784 2
2785 2
2786 2
2787 2
2788 2
2789 2
2790 2
2791 2
2792 2
2793 2
2794 2
2795 2
2796 2
2797 2
2798 2
2799 2
2800 2
2801 2
2802 3
2803 3
2804 3
2805 3
2806 3
2807 3
2808 3
2809 3
2810 3
2811 3
2812 3
2813 3
2814 3
2815 3
2816 3
2817 3
2818 3
2819 2
2820 2
2821 2
2822 2
2823 2
2824 2
2825 2
2826 2
2827 2
2828 2
2829 2
2830 2
2831 2
2832 2
2833 2
2834 2
2835 2
2836 2
2837 2
2838 2
2839 2
2840 2
2841 2
2842 2
2843 2
2844 2
2845 2
2846 2
2847 2
2848 2
2849 2
2850 2
2851 2
2852 2
2853 2
2854 2
2855 2
2856 2
2857 2
2858 2
2859 2
2860 2
2861 2
2862 2
2863 2
2864 2
2865 2
2866 2
2867 2
2868 2
2869 2
2870 2
2871 2
2872 2
2873 2
2874 2
2875 2
2876 2
2877 2
2878 2
2879 2
2880 2
2881 2
2882 2
2883 2
2884 2
2885 2
2886 2
2887 2
2888 2
2889 2
2890 2
2891 2
2892 2
2893 2
2894 2
2895 2
2896 2
2897 2
2898 2
2899 2
2900 2
2901 2
2902 3
2903 3
2904 3
2905 3
2906 3
2907 3
2908 3
2909 3
2910 3
2911 3
2912 3
2913 3
2914 3
2915 3
2916 3
2917 3
2918 3
2919 3
2920 3
2921 3
2922 3
2923 3
2924 2
2925 2
2926 2
2927 2
2928 2
2929 2
2930 2
2931 2
2932 2
2933 2
2934 2
2935 2
2936 2
2937 2
2938 2
2939 2
2940 2
2941 2
2942 2
2943 2
2944 2
2945 2
2946 2
2947 2
2948 2
2949 2
2950 2
2951 2
2952 2
2953 2
2954 2
2955 2
2956 2
2957 2
2958 2
2959 2
2960 2
2961 2
2962 2
2963 2
2964 2
2965 2
2966 1
2967 1
2968 1
2969 1
2970 1
2971 1
2972 1
2973 1
2974 1
2975 1
2976 1
2977 1
2978 1
2979 1
2980 1
2981 1
2982 1
2983 1
2984 1
2985 1
2986 1
2987 1
2988 1
2989 1
2990 1
2991 1
2992 1
2993 1
2994 1
2995 1
2996 1
2997 1
2998 1
2999 1
3000 1
3001 1
3002 2
3003 2
3004 2
3005 2
3006 2
3007 2
3008 2
3009 2
3010 2
3011 2
3012 2
3013 2
3014 2
3015 2
3016 2
3017 2
3018 2
3019 2
3020 2
3021 2
3022 2
3023 2
3024 2
3025 2
3026 2
3027 2
3028 2
3029 2
3030 2
3031 2
3032 2
3033 2
3034 2
3035 2
3036 2
3037 2
3038 2
3039 2
3040 2
3041 2
3042 2
3043 2
3044 2
3045 2
3046 2
3047 2
3048 2
3049 2
3050 2
3051 2
3052 2
3053 2
3054 2
3055 2
3056 2
3057 2
3058 2
3059 2
3060 2
3061 2
3062 2
3063 2
3064 2
3065 2
3066 2
3067 2
3068 2
3069 2
3070 2
3071 2
3072 2
3073 2
3074 2
3075 2
3076 2
3077 2
3078 2
3079 2
3080 2
3081 2
3082 2
3083 2
3084 2
3085 2
3086 2
3087 2
3088 2
3089 2
3090 2
3091 2
3092 2
3093 2
3094 2
3095 2
3096 2
3097 2
3098 2
3099 2
3100 2
3101 3
3102 3
3103 3
3104 3
3105 3
3106 3
3107 3
3108 3
3109 3
3110 3
3111 3
3112 3
3113 3
3114 3
3115 2
3116 2
3117 2
3118 2
3119 2
3120 2
3121 2
3122 2
3123 2
3124 2
3125 2
3126 2
3127 2
3128 2
3129 2
3130 2
3131 2
3132 2
3133 2
3134 2
3135 2
3136 2
3137 2
3138 2
3139 2
3140 2
3141 2
3142 2
3143 2
3144 2
3145 2
3146 2
3147 2
3148 2
3149 2
3150 2
3151 2
3152 2
3153 2
3154 2
3155 2
3156 2
3157 2
3158 2
3159 2
3160 2
3161 2
3162 2
3163 2
3164 2
3165 2
3166 2
3167 2
3168 2
3169 2
3170 2
3171 2
3172 2
3173 2
3174 2
3175 2
3176 2
3177 2
3178 2
3179 2
3180 2
3181 2
3182 2
3183 2
3184 2
3185 2
3186 2
3187 2
3188 2
3189 2
3190 2
3191 2
3192 2
3193 2
3194 2
3195 2
3196 2
3197 2
3198 2
3199 2
3200 2
3201 3
3202 3
3203 3
3204 3
3205 3
3206 3
3207 3
3208 3
3209 3
3210 3
3211 3
3212 3
3213 3
3214 3
3215 3
3216 3
3217 3
3218 3
3219 3
3220 3
3221 3
3222 3
3223 3
3224 3
3225 3
3226 3
3227 3
3228 3
3229 3
3230 3
3231 3
3232 3
3233 3
3234 3
3235 3
3236 3
3237 3
3238 3
3239 3
3240 3
3241 3
3242 3
3243 3
3244 3
3245 3
3246 3
3247 3
3248 3
3249 3
3250 3
3251 3
3252 3
3253 3
3254 3
3255 3
3256 3
3257 2
3258 2
3259 2
3260 2
3261 2
3262 2
3263 2
3264 2
3265 2
3266 2
3267 2
3268 2
3269 2
3270 2
3271 2
3272 2
3273 2
3274 2
3275 2
3276 2
3277 2
3278 2
3279 2
3280 2
3281 2
3282 2
3283 2
3284 2
3285 2
3286 2
3287 2
3288 2
3289 2
3290 2
3291 2
3292 2
3293 2
3294 2
3295 2
3296 2
3297 2
3298 2
3299 2
3300 2
3301 3
3302 3
3303 3
3304 3
3305 3
3306 3
3307 3
3308 3
3309 3
3310 3
3311 3
3312 3
3313 3
3314 3
3315 3
3316 3
3317 3
3318 3
3319 3
3320 3
3321 3
3322 3
3323 3
3324 3
3325 3
3326 3
3327 3
3328 3
3329 3
3330 3
3331 3
3332 3
3333 3
3334 3
3335 3
3336 3
3337 3
3338 3
3339 3
3340 3
3341 3
3342 3
3343 3
3344 3
3345 3
3346 3
3347 3
3348 3
3349 3
3350 3
3351 3
3352 3
3353 3
3354 3
3355 3
3356 3
3357 3
3358 3
3359 3
3360 3
3361 3
3362 3
3363 3
3364 3
3365 3
3366 3
3367 3
3368 2
3369 2
3370 2
3371 2
3372 2
3373 2
3374 2
3375 2
3376 2
3377 2
3378 1
3379 1
3380 1
3381 1
3382 1
3383 1
3384 1
3385 1
3386 1
3387 1
3388 1
3389 1
3390 1
3391 1
3392 1
3393 1
3394 1
3395 1
3396 1
3397 1
3398 1
3399 1
3400 1
3401 2
3402 2
3403 2
3404 2
3405 2
3406 2
3407 2
3408 2
3409 2
3410 2
3411 2
3412 2
3413 2
3414 2
3415 2
3416 2
3417 2
3418 2
3419 2
3420 2
3421 2
3422 2
3423 2
3424 2
3425 2
3426 2
3427 2
3428 2
3429 2
3430 2
3431 2
3432 2
3433 2
3434 2
3435 2
3436 2
3437 2
3438 2
3439 2
3440 2
3441 2
3442 2
3443 2
3444 2
3445 2
3446 2
3447 2
3448 2
3449 2
3450 2
3451 2
3452 2
3453 2
3454 2
3455 2
3456 2
3457 2
3458 2
3459 2
3460 2
3461 2
3462 2
3463 1
3464 1
3465 1
3466 1
3467 1
3468 1
3469 1
3470 1
3471 1
3472 1
3473 1
3474 1
3475 1
3476 1
3477 1
3478 1
3479 1
3480 1
3481 1
3482 1
3483 1
3484 1
3485 1
3486 1
3487 1
3488 1
3489 1
3490 1
3491 1
3492 1
3493 1
3494 1
3495 1
3496 1
3497 1
3498 1
3499 1
3500 1
3501 2
3502 2
3503 2
3504 2
3505 2
3506 2
3507 2
3508 2
3509 2
3510 2
3511 2
3512 2
3513 2
3514 2
3515 2
3516 2
3517 2
3518 2
3519 2
3520 2
3521 2
3522 2
3523 2
3524 2
3525 2
3526 2
3527 2
3528 2
3529 2
3530 2
3531 2
3532 2
3533 2
3534 2
3535 2
3536 2
3537 2
3538 2
3539 2
3540 2
3541 2
3542 2
3543 2
3544 2
3545 2
3546 2
3547 2
3548 2
3549 2
3550 2
3551 2
3552 2
3553 2
3554 2
3555 2
3556 2
3557 2
3558 2
3559 2
3560 2
3561 2
3562 2
3563 2
3564 2
3565 2
3566 2
3567 2
3568 2
3569 2
3570 2
3571 2
3572 2
3573 2
3574 2
3575 2
3576 2
3577 2
3578 2
3579 2
3580 2
3581 2
3582 2
3583 2
3584 2
3585 2
3586 2
3587 2
3588 2
3589 2
3590 2
3591 2
3592 2
3593 2
3594 2
3595 2
3596 2
3597 2
3598 2
3599 2
3600 2
3601 3
3602 3
3603 3
3604 3
3605 3
3606 3
3607 3
3608 3
3609 3
3610 3
3611 3
3612 2
3613 2
3614 2
3615 2
3616 2
3617 2
3618 2
3619 2
3620 2
3621 2
3622 2
3623 2
3624 2
3625 2
3626 2
3627 2
3628 2
3629 2
3630 2
3631 1
3632 1
3633 1
3634 1
3635 1
3636 1
3637 1
3638 1
3639 1
3640 1
3641 1
3642 1
3643 1
3644 1
3645 1
3646 1
3647 1
3648 1
3649 1
3650 1
3651 1
3652 1
3653 1
3654 1
3655 1
3656 1
3657 1
3658 1
3659 1
3660 1
3661 1
3662 1
3663 1
3664 1
3665 1
3666 1
3667 1
3668 1
3669 1
3670 1
3671 1
3672 1
3673 1
3674 1
3675 1
3676 1
3677 1
3678 1
3679 1
3680 1
3681 1
3682 1
3683 1
3684 1
3685 1
3686 1
3687 1
3688 1
3689 1
3690 1
3691 1
3692 1
3693 1
3694 1
3695 1
3696 1
3697 1
3698 1
3699 1
3700 1
3701 2
3702 2
3703 1
3704 1
3705 1
3706 1
3707 1
3708 1
3709 1
3710 1
3711 1
3712 1
3713 1
3714 1
3715 1
3716 1
3717 1
3718 1
3719 1
3720 1
3721 1
3722 1
3723 1
3724 1
3725 1
3726 1
3727 1
3728 1
3729 1
3730 1
3731 1
3732 1
3733 1
3734 1
3735 1
3736 1
3737 1
3738 1
3739 1
3740 1
3741 1
3742 1
3743 1
3744 1
3745 1
3746 1
3747 1
3748 1
3749 1
3750 1
3751 1
3752 1
3753 1
3754 1
3755 1
3756 1
3757 1
3758 1
3759 1
3760 1
3761 1
3762 1
3763 1
3764 1
3765 1
3766 1
3767 1
3768 1
3769 1
3770 1
3771 1
3772 1
3773 1
3774 1
3775 1
3776 1
3777 1
3778 1
3779 1
3780 1
3781 1
3782 1
3783 1
3784 1
3785 1
3786 1
3787 1
3788 1
3789 1
3790 1
3791 1
3792 1
3793 1
3794 1
3795 1
3796 1
3797 1
3798 1
3799 1
3800 1
3801 2
3802 2
3803 2
3804 2
3805 2
3806 2
3807 2
3808 2
3809 2
3810 2
3811 2
3812 2
3813 2
3814 2
3815 2
3816 2
3817 2
3818 2
3819 2
3820 2
3821 2
3822 2
3823 2
3824 2
3825 2
3826 2
3827 2
3828 2
3829 2
3830 2
3831 2
3832 2
3833 2
3834 2
3835 2
3836 2
3837 2
3838 2
3839 2
3840 2
3841 2
3842 2
3843 2
3844 2
3845 2
3846 2
3847 2
3848 2
3849 2
3850 2
3851 2
3852 2
3853 2
3854 2
3855 2
3856 2
3857 2
3858 2
3859 2
3860 2
3861 2
3862 2
3863 2
3864 2
3865 2
3866 2
3867 2
3868 2
3869 2
3870 2
3871 2
3872 2
3873 2
3874 2
3875 2
3876 2
3877 2
3878 2
3879 2
3880 2
3881 2
3882 2
3883 2
3884 2
3885 2
3886 2
3887 2
3888 2
3889 2
3890 2
3891 2
3892 2
3893 2
3894 2
3895 2
3896 2
3897 2
3898 2
3899 2
3900 2
3901 3
3902 3
3903 3
3904 3
3905 3
3906 3
3907 3
3908 3
3909 3
3910 3
3911 3
3912 3
3913 3
3914 3
3915 3
3916 3
3917 3
3918 3
3919 3
3920 3
3921 3
3922 2
3923 2
3924 2
3925 2
3926 2
3927 2
3928 2
3929 2
3930 2
3931 2
3932 2
3933 2
3934 2
3935 2
3936 2
3937 2
3938 1
3939 1
3940 1
3941 1
3942 1
3943 1
3944 1
3945 1
3946 1
3947 1
3948 1
3949 1
3950 1
3951 1
3952 1
3953 1
3954 1
3955 1
3956 1
3957 1
3958 1
3959 1
3960 1
3961 1
3962 1
3963 1
3964 1
3965 1
3966 1
3967 1
3968 1
3969 1
3970 1
3971 1
3972 1
3973 1
3974 1
3975 1
3976 1
3977 1
3978 1
3979 1
3980 1
3981 1
3982 1
3983 1
3984 1
3985 1
3986 1
3987 1
3988 1
3989 1
3990 1
3991 1
3992 1
3993 1
3994 1
3995 1
3996 1
3997 1
3998 1
3999 1
4000 1
4001 2
4002 2
4003 2
4004 2
4005 2
4006 2
4007 2
4008 2
4009 2
4010 2
4011 2
4012 2
4013 2
4014 2
4015 2
4016 2
4017 2
4018 2
4019 2
4020 2
4021 2
4022 2
4023 2
4024 2
4025 2
4026 2
4027 2
4028 2
4029 2
4030 2
4031 2
4032 2
4033 2
4034 2
4035 2
4036 2
4037 2
4038 2
4039 2
4040 2
4041 2
4042 2
4043 2
4044 2
4045 2
4046 2
4047 2
4048 2
4049 2
4050 2
4051 2
4052 2
4053 2
4054 2
4055 2
4056 2
4057 2
4058 2
4059 2
4060 2
4061 2
4062 2
4063 2
4064 2
4065 2
4066 2
4067 2
4068 2
4069 2
4070 2
4071 2
4072 2
4073 2
4074 2
4075 2
4076 2
4077 2
4078 2
4079 2
4080 2
4081 2
4082 2
4083 2
4084 2
4085 2
4086 2
4087 2
4088 2
4089 2
4090 2
4091 2
4092 2
4093 2
4094 2
4095 2
4096 2
4097 2
4098 2
4099 2
4100 2
4101 3
4102 3
4103 3
4104 3
4105 3
4106 3
4107 3
4108 3
4109 3
4110 3
4111 3
4112 3
4113 2
4114 2
4115 2
4116 2
4117 2
4118 2
4119 2
4120 2
4121 2
4122 2
4123 2
4124 2
4125 2
4126 2
4127 2
4128 2
4129 2
4130 2
4131 2
4132 2
4133 2
4134 2
4135 2
4136 2
4137 2
4138 2
4139 2
4140 2
4141 2
4142 2
4143 2
4144 2
4145 2
4146 2
4147 2
4148 2
4149 2
4150 2
4151 2
4152 2
4153 2
4154 2
4155 2
4156 2
4157 2
4158 2
4159 2
4160 2
4161 2
4162 2
4163 2
4164 2
4165 2
4166 2
4167 2
4168 2
4169 2
4170 2
4171 2
4172 2
4173 2
4174 2
4175 2
4176 2
4177 2
4178 2
4179 2
4180 2
4181 2
4182 2
4183 2
4184 2
4185 2
4186 2
4187 2
4188 2
4189 2
4190 2
4191 2
4192 2
4193 2
4194 2
4195 2
4196 2
4197 2
4198 2
4199 2
4200 2
4201 3
4202 3
4203 3
4204 3
4205 3
4206 3
4207 3
4208 3
4209 3
4210 3
4211 2
4212 2
4213 2
4214 2
4215 2
4216 2
4217 1
4218 1
4219 1
4220 1
4221 1
4222 1
4223 1
4224 1
4225 1
4226 1
4227 1
4228 1
4229 1
4230 1
4231 1
4232 1
4233 1
4234 1
4235 1
4236 1
4237 1
4238 1
4239 1
4240 1
4241 1
4242 1
4243 1
4244 1
4245 1
4246 1
4247 1
4248 1
4249 1
4250 1
4251 1
4252 1
4253 1
4254 1
4255 1
4256 1
4257 1
4258 1
4259 1
4260 1
4261 1
4262 1
4263 1
4264 1
4265 1
4266 1
4267 1
4268 1
4269 1
4270 1
4271 1
4272 1
4273 1
4274 1
4275 1
4276 1
4277 1
4278 1
4279 1
4280 1
4281 1
4282 1
4283 1
4284 1
4285 1
4286 1
4287 1
4288 1
4289 1
4290 1
4291 1
4292 1
4293 1
4294 1
4295 1
4296 1
4297 1
4298 1
4299 1
4300 1
4301 2
4302 2
4303 2
4304 2
4305 2
4306 2
4307 2
4308 2
4309 2
4310 2
4311 2
4312 2
4313 2
4314 2
4315 2
4316 2
4317 2
4318 2
4319 2
4320 2
4321 2
4322 2
4323 2
4324 2
4325 2
4326 2
4327 2
4328 2
4329 2
4330 2
4331 2
4332 2
4333 2
4334 2
4335 2
4336 2
4337 2
4338 2
4339 2
4340 2
4341 2
4342 2
4343 2
4344 2
4345 2
4346 2
4347 2
4348 2
4349 2
4350 2
4351 2
4352 2
4353 2
4354 2
4355 2
4356 2
4357 2
4358 2
4359 2
4360 2
4361 2
4362 2
4363 2
4364 2
4365 2
4366 2
4367 2
4368 2
4369 2
4370 2
4371 2
4372 2
4373 2
4374 2
4375 2
4376 2
4377 2
4378 2
4379 2
4380 2
4381 2
4382 2
4383 2
4384 2
4385 2
4386 2
4387 2
4388 2
4389 2
4390 1
4391 1
4392 1
4393 1
4394 1
4395 1
4396 1
4397 1
4398 1
4399 1
4400 1
4401 2
4402 2
4403 2
4404 2
4405 2
4406 2
4407 2
4408 2
4409 2
4410 2
4411 2
4412 2
4413 2
4414 2
4415 2
4416 2
4417 2
4418 2
4419 2
4420 2
4421 2
4422 2
4423 2
4424 2
4425 2
4426 2
4427 2
4428 2
4429 2
4430 2
4431 2
4432 2
4433 2
4434 2
4435 2
4436 2
4437 2
4438 2
4439 2
4440 2
4441 2
4442 2
4443 1
4444 1
4445 1
4446 1
4447 1
4448 1
4449 1
4450 1
4451 1
4452 1
4453 1
4454 1
4455 1
4456 1
4457 1
4458 1
4459 1
4460 1
4461 1
4462 1
4463 1
4464 1
4465 1
4466 1
4467 1
4468 1
4469 1
4470 1
4471 1
4472 1
4473 1
4474 1
4475 1
4476 1
4477 1
4478 1
4479 1
4480 1
4481 1
4482 1
4483 1
4484 1
4485 1
4486 1
4487 1
4488 1
4489 1
4490 1
4491 1
4492 1
4493 1
4494 1
4495 1
4496 1
4497 1
4498 1
4499 1
4500 1
4501 2
4502 2
4503 2
4504 2
4505 2
4506 2
4507 2
4508 2
4509 2
4510 2
4511 2
4512 2
4513 2
4514 2
4515 2
4516 2
4517 2
4518 2
4519 2
4520 2
4521 2
4522 2
4523 2
4524 2
4525 2
4526 2
4527 2
4528 2
4529 2
4530 2
4531 2
4532 2
4533 2
4534 2
4535 2
4536 2
4537 2
4538 2
4539 2
4540 2
4541 2
4542 2
4543 2
4544 2
4545 2
4546 1
4547 1
4548 1
4549 1
4550 1
4551 1
4552 1
4553 1
4554 1
4555 1
4556 1
4557 1
4558 1
4559 1
4560 1
4561 1
4562 1
4563 1
4564 1
4565 1
4566 1
4567 1
4568 1
4569 1
4570 1
4571 1
4572 1
4573 1
4574 1
4575 1
4576 1
4577 1
4578 1
4579 1
4580 1
4581 1
4582 1
4583 1
4584 1
4585 1
4586 1
4587 1
4588 1
4589 1
4590 1
4591 1
4592 1
4593 1
4594 1
4595 1
4596 1
4597 1
4598 1
4599 1
4600 1
4601 2
4602 2
4603 2
4604 2
4605 2
4606 2
4607 2
4608 2
4609 2
4610 2
4611 2
4612 2
4613 1
4614 1
4615 1
4616 1
4617 1
4618 1
4619 1
4620 1
4621 1
4622 1
4623 1
4624 1
4625 1
4626 1
4627 1
4628 1
4629 1
4630 1
4631 1
4632 1
4633 1
4634 1
4635 1
4636 1
4637 1
4638 1
4639 1
4640 1
4641 1
4642 1
4643 1
4644 1
4645 1
4646 1
4647 1
4648 1
4649 1
4650 1
4651 1
4652 1
4653 1
4654 1
4655 1
4656 1
4657 1
4658 1
4659 1
4660 1
4661 1
4662 1
4663 1
4664 1
4665 1
4666 1
4667 1
4668 1
4669 1
4670 1
4671 1
4672 1
4673 1
4674 1
4675 1
4676 1
4677 1
4678 1
4679 1
4680 1
4681 1
4682 1
4683 1
4684 1
4685 1
4686 1
4687 1
4688 1
4689 1
4690 1
4691 1
4692 1
4693 1
4694 1
4695 1
4696 1
4697 1
4698 1
4699 1
4700 1
4701 2
4702 2
4703 2
4704 2
4705 2
4706 2
4707 2
4708 2
4709 2
4710 2
4711 2
4712 2
4713 2
4714 2
4715 2
4716 2
4717 2
4718 2
4719 2
4720 2
4721 2
4722 2
4723 2
4724 2
4725 2
4726 2
4727 2
4728 2
4729 2
4730 2
4731 2
4732 2
4733 2
4734 2
4735 2
4736 2
4737 2
4738 2
4739 2
4740 2
4741 2
4742 2
4743 2
4744 2
4745 2
4746 2
4747 2
4748 2
4749 2
4750 2
4751 2
4752 2
4753 2
4754 2
4755 2
4756 2
4757 2
4758 2
4759 2
4760 2
4761 2
4762 2
4763 2
4764 2
4765 2
4766 2
4767 1
4768 1
4769 1
4770 1
4771 1
4772 1
4773 1
4774 1
4775 1
4776 1
4777 1
4778 1
4779 1
4780 1
4781 1
4782 1
4783 1
4784 1
4785 1
4786 1
4787 1
4788 1
4789 1
4790 1
4791 1
4792 1
4793 1
4794 1
4795 1
4796 1
4797 1
4798 1
4799 1
4800 1
4801 2
4802 2
4803 2
4804 2
4805 2
4806 2
4807 2
4808 2
4809 2
4810 2
4811 2
4812 2
4813 2
4814 2
4815 2
4816 2
4817 2
4818 2
4819 2
4820 2
4821 2
4822 2
4823 2
4824 2
4825 2
4826 2
4827 2
4828 2
4829 2
4830 2
4831 2
4832 2
4833 2
4834 2
4835 2
4836 2
4837 2
4838 2
4839 2
4840 2
4841 2
4842 2
4843 2
4844 2
4845 2
4846 2
4847 2
4848 2
4849 2
4850 2
4851 2
4852 2
4853 2
4854 2
4855 2
4856 2
4857 2
4858 2
4859 2
4860 2
4861 2
4862 2
4863 2
4864 2
4865 2
4866 2
4867 2
4868 2
4869 2
4870 2
4871 2
4872 2
4873 2
4874 2
4875 2
4876 1
4877 1
4878 1
4879 1
4880 1
4881 1
4882 1
4883 1
4884 1
4885 1
4886 1
4887 1
4888 1
4889 1
4890 1
4891 1
4892 1
4893 1
4894 1
4895 1
4896 1
4897 1
4898 1
4899 1
4900 1
4901 2
4902 2
4903 1
4904 1
4905 1
4906 1
4907 1
4908 1
4909 1
4910 1
4911 1
4912 1
4913 1
4914 1
4915 1
4916 1
4917 1
4918 1
4919 1
4920 1
4921 1
4922 1
4923 1
4924 1
4925 1
4926 1
4927 1
4928 1
4929 1
4930 1
4931 1
4932 1
4933 1
4934 1
4935 1
4936 1
4937 1
4938 1
4939 1
4940 1
4941 1
4942 1
4943 1
4944 1
4945 1
4946 1
4947 1
4948 1
4949 1
4950 1
4951 1
4952 1
4953 1
4954 1
4955 1
4956 1
4957 1
4958 1
4959 1
4960 1
4961 1
4962 1
4963 1
4964 1
4965 1
4966 1
4967 1
4968 1
4969 1
4970 1
4971 1
4972 1
4973 1
4974 1
4975 1
4976 1
4977 1
4978 1
4979 1
4980 1
4981 1
4982 1
4983 1
4984 1
4985 1
4986 1
4987 1
4988 1
4989 1
4990 1
4991 1
4992 1
4993 1
4994 1
4995 1
4996 1
4997 1
4998 1
4999 1
5000 1
5001 2
5002 2
5003 2
5004 2
5005 2
5006 2
5007 2
5008 2
5009 2
5010 2
5011 2
5012 2
5013 2
5014 2
5015 2
5016 2
5017 2
5018 2
5019 2
5020 2
5021 2
5022 2
5023 2
5024 2
5025 2
5026 2
5027 2
5028 2
5029 2
5030 2
5031 2
5032 2
5033 2
5034 2
5035 2
5036 2
5037 2
5038 2
5039 2
5040 2
5041 2
5042 2
5043 2
5044 2
5045 2
5046 2
5047 2
5048 2
5049 2
5050 2
5051 2
5052 2
5053 2
5054 2
5055 2
5056 2
5057 2
5058 2
5059 2
5060 2
5061 2
5062 2
5063 2
5064 2
5065 2
5066 2
5067 2
5068 2
5069 2
5070 2
5071 2
5072 2
5073 2
5074 2
5075 2
5076 2
5077 2
5078 2
5079 2
5080 2
5081 2
5082 1
5083 1
5084 1
5085 1
5086 1
5087 1
5088 1
5089 1
5090 1
5091 1
5092 1
5093 1
5094 1
5095 1
5096 1
5097 1
5098 1
5099 1
5100 1
5101 2
5102 2
5103 2
5104 2
5105 2
5106 2
5107 2
5108 2
5109 2
5110 2
5111 2
5112 2
5113 2
5114 2
5115 2
5116 2
5117 2
5118 2
5119 2
5120 2
5121 2
5122 2
5123 2
5124 2
5125 2
5126 2
5127 2
5128 2
5129 2
5130 2
5131 2
5132 2
5133 2
5134 2
5135 2
5136 2
5137 2
5138 2
5139 2
5140 2
5141 2
5142 2
5143 2
5144 2
5145 2
5146 2
5147 2
5148 2
5149 2
5150 2
5151 2
5152 2
5153 2
5154 2
5155 2
5156 2
5157 2
5158 2
5159 2
5160 2
5161 2
5162 2
5163 2
5164 2
5165 2
5166 2
5167 2
5168 2
5169 2
5170 2
5171 2
5172 2
5173 2
5174 2
5175 2
5176 2
5177 2
5178 2
5179 2
5180 2
5181 2
5182 2
5183 2
5184 2
5185 2
5186 2
5187 2
5188 2
5189 2
5190 2
5191 2
5192 2
5193 2
5194 2
5195 2
5196 2
5197 2
5198 2
5199 2
5200 2
5201 3
5202 3
5203 3
5204 3
5205 3
5206 3
5207 3
5208 3
5209 3
5210 3
5211 3
5212 3
5213 3
5214 3
5215 3
5216 3
5217 3
5218 3
5219 3
5220 3
5221 3
5222 3
5223 3
5224 3
5225 3
5226 3
5227 3
5228 3
5229 3
5230 3
5231 2
5232 2
5233 2
5234 2
5235 2
5236 2
5237 2
5238 2
5239 2
5240 2
5241 2
5242 2
5243 2
5244 2
5245 2
5246 2
5247 2
5248 2
5249 2
5250 2
5251 2
5252 2
5253 2
5254 2
5255 2
5256 2
5257 2
5258 2
5259 2
5260 2
5261 2
5262 2
5263 2
5264 2
5265 2
5266 2
5267 2
5268 2
5269 2
5270 2
5271 2
5272 2
5273 2
5274 2
5275 2
5276 2
5277 2
5278 2
5279 2
5280 2
5281 2
5282 2
5283 2
5284 2
5285 2
5286 2
5287 2
5288 2
5289 2
5290 2
5291 2
5292 2
5293 2
5294 2
5295 2
5296 2
5297 2
5298 2
5299 2
5300 2
5301 3
5302 3
5303 3
5304 3
5305 3
5306 3
5307 3
5308 3
5309 3
5310 3
5311 3
5312 3
5313 3
5314 3
5315 3
5316 3
5317 3
5318 3
5319 2
5320 2
5321 2
5322 2
5323 2
5324 2
5325 2
5326 2
5327 2
5328 2
5329 2
5330 2
5331 2
5332 2
5333 2
5334 2
5335 2
5336 2
5337 2
5338 2
5339 2
5340 2
5341 2
5342 2
5343 2
5344 2
5345 2
5346 2
5347 2
5348 2
5349 2
5350 2
5351 2
5352 2
5353 2
5354 2
5355 2
5356 2
5357 2
5358 2
5359 2
5360 2
5361 2
5362 2
5363 2
5364 2
5365 2
5366 2
5367 2
5368 2
5369 2
5370 2
5371 2
5372 2
5373 2
5374 2
5375 2
5376 2
5377 2
5378 2
5379 2
5380 2
5381 2
5382 2
5383 2
5384 2
5385 2
5386 2
5387 2
5388 2
5389 2
5390 2
5391 2
5392 2
5393 2
5394 2
5395 2
5396 2
5397 2
5398 2
5399 2
5400 2
5401 3
5402 3
5403 3
5404 3
5405 3
5406 3
5407 3
5408 3
5409 3
5410 3
5411 3
5412 3
5413 3
5414 3
5415 3
5416 3
5417 3
5418 3
5419 3
5420 3
5421 3
5422 3
5423 3
5424 3
5425 3
5426 3
5427 3
5428 3
5429 3
5430 3
5431 3
5432 3
5433 3
5434 3
5435 2
5436 2
5437 2
5438 2
5439 2
5440 2
5441 2
5442 2
5443 2
5444 2
5445 2
5446 2
5447 2
5448 2
5449 2
5450 2
5451 2
5452 2
5453 2
5454 2
5455 2
5456 2
5457 2
5458 2
5459 2
5460 2
5461 2
5462 2
5463 2
5464 2
5465 2
5466 2
5467 2
5468 2
5469 2
5470 2
5471 2
5472 2
5473 2
5474 2
5475 2
5476 2
5477 2
5478 2
5479 2
5480 2
5481 2
5482 2
5483 2
5484 2
5485 2
5486 2
5487 2
5488 2
5489 2
5490 2
5491 2
5492 2
5493 2
5494 2
5495 2
5496 2
5497 2
5498 2
5499 2
5500 2
5501 3
5502 3
5503 3
5504 3
5505 3
5506 3
5507 3
5508 3
5509 3
5510 3
5511 3
5512 3
5513 3
5514 3
5515 3
5516 3
5517 3
5518 3
5519 3
5520 3
5521 3
5522 3
5523 3
5524 3
5525 3
5526 3
5527 3
5528 3
5529 3
5530 3
5531 3
5532 3
5533 3
5534 3
5535 3
5536 3
5537 3
5538 3
5539 3
5540 3
5541 3
5542 3
5543 3
5544 3
5545 3
5546 3
5547 3
5548 3
5549 3
5550 3
5551 3
5552 3
5553 3
5554 3
5555 3
5556 3
5557 3
5558 3
5559 3
5560 3
5561 3
5562 3
5563 3
5564 3
5565 3
5566 3
5567 3
5568 3
5569 3
5570 3
5571 3
5572 3
5573 3
5574 3
5575 3
5576 3
5577 3
5578 3
5579 3
5580 3
5581 3
5582 3
5583 3
5584 3
5585 3
5586 3
5587 3
5588 3
5589 3
5590 3
5591 3
5592 3
5593 3
5594 3
5595 3
5596 2
5597 2
5598 2
5599 2
5600 2
5601 3
5602 3
5603 3
5604 3
5605 3
5606 3
5607 3
5608 3
5609 3
5610 3
5611 3
5612 3
5613 3
5614 3
5615 3
5616 3
5617 3
5618 3
5619 3
5620 2
5621 2
5622 2
5623 2
5624 2
5625 2
5626 2
5627 2
5628 2
5629 2
5630 2
5631 2
5632 2
5633 2
5634 2
5635 2
5636 2
5637 2
5638 2
5639 2
5640 2
5641 2
5642 2
5643 2
5644 2
5645 2
5646 2
5647 2
5648 2
5649 2
5650 2
5651 2
5652 2
5653 2
5654 2
5655 2
5656 2
5657 2
5658 1
5659 1
5660 1
5661 1
5662 1
5663 1
5664 1
5665 1
5666 1
5667 1
5668 1
5669 1
5670 1
5671 1
5672 1
5673 1
5674 1
5675 1
5676 1
5677 1
5678 1
5679 1
5680 1
5681 1
5682 1
5683 1
5684 1
5685 1
5686 1
5687 1
5688 1
5689 1
5690 1
5691 1
5692 1
5693 1
5694 1
5695 1
5696 1
5697 1
5698 1
5699 1
5700 1
5701 2
5702 2
5703 2
5704 2
5705 2
5706 2
5707 2
5708 2
5709 2
5710 2
5711 2
5712 2
5713 2
5714 2
5715 2
5716 2
5717 2
5718 2
5719 2
5720 2
5721 2
5722 2
5723 2
5724 2
5725 2
5726 2
5727 2
5728 2
5729 2
5730 2
5731 2
5732 2
5733 2
5734 2
5735 2
5736 2
5737 2
5738 2
5739 2
5740 2
5741 2
5742 2
5743 2
5744 2
5745 2
5746 2
5747 2
5748 2
5749 2
5750 2
5751 2
5752 2
5753 2
5754 2
5755 2
5756 2
5757 2
5758 2
5759 2
5760 2
5761 2
5762 2
5763 2
5764 2
5765 2
5766 2
5767 2
5768 2
5769 2
5770 2
5771 2
5772 2
5773 2
5774 2
5775 2
5776 2
5777 2
5778 2
5779 2
5780 2
5781 2
5782 2
5783 2
5784 2
5785 2
5786 2
5787 2
5788 2
5789 2
5790 2
5791 2
5792 2
5793 2
5794 2
5795 2
5796 2
5797 2
5798 2
5799 2
5800 2
5801 3
5802 3
5803 2
5804 2
5805 2
5806 2
5807 2
5808 2
5809 2
5810 2
5811 2
5812 2
5813 2
5814 2
5815 2
5816 2
5817 2
5818 2
5819 2
5820 2
5821 2
5822 2
5823 1
5824 1
5825 1
5826 1
5827 1
5828 1
5829 1
5830 1
5831 1
5832 1
5833 1
5834 1
5835 1
5836 1
5837 1
5838 1
5839 1
5840 1
5841 1
5842 1
5843 1
5844 1
5845 1
5846 1
5847 1
5848 1
5849 1
5850 1
5851 1
5852 1
5853 1
5854 1
5855 1
5856 1
5857 1
5858 1
5859 1
5860 1
5861 1
5862 1
5863 1
5864 1
5865 1
5866 1
5867 1
5868 1
5869 1
5870 1
5871 1
5872 1
5873 1
5874 1
5875 1
5876 1
5877 1
5878 1
5879 1
5880 1
5881 1
5882 1
5883 1
5884 1
5885 1
5886 1
5887 1
5888 1
5889 1
5890 1
5891 1
5892 1
5893 1
5894 1
5895 1
5896 1
5897 1
5898 1
5899 1
5900 1
5901 2
5902 2
5903 2
5904 2
5905 2
5906 2
5907 2
5908 2
5909 2
5910 2
5911 2
5912 2
5913 2
5914 2
5915 2
5916 2
5917 2
5918 2
5919 2
5920 2
5921 2
5922 2
5923 2
5924 2
5925 2
5926 2
5927 2
5928 2
5929 2
5930 2
5931 2
5932 2
5933 2
5934 2
5935 2
5936 2
5937 2
5938 2
5939 2
5940 2
5941 2
5942 2
5943 2
5944 2
5945 2
5946 2
5947 2
5948 2
5949 2
5950 2
5951 2
5952 2
5953 2
5954 2
5955 2
5956 2
5957 2
5958 2
5959 2
5960 2
5961 2
5962 2
5963 2
5964 2
5965 2
5966 2
5967 2
5968 2
5969 2
5970 1
5971 1
5972 1
5973 1
5974 1
5975 1
5976 1
5977 1
5978 1
5979 1
5980 1
5981 1
5982 1
5983 1
5984 1
5985 1
5986 1
5987 1
5988 1
5989 1
5990 1
5991 1
5992 1
5993 1
5994 1
5995 1
5996 1
5997 1
5998 1
5999 1
6000 1
6001 2
6002 2
6003 2
6004 2
6005 2
6006 2
6007 2
6008 2
6009 2
6010 2
6011 2
6012 1
6013 1
6014 1
6015 1
6016 1
6017 1
6018 1
6019 1
6020 1
6021 1
6022 1
6023 1
6024 1
6025 1
6026 1
6027 1
6028 1
6029 1
6030 1
6031 1
6032 1
6033 1
6034 1
6035 1
6036 1
6037 1
6038 1
6039 1
6040 1
6041 1
6042 1
6043 1
6044 1
6045 1
6046 1
6047 1
6048 1
6049 1
6050 1
6051 1
6052 1
6053 1
6054 1
6055 1
6056 1
6057 1
6058 1
6059 1
6060 1
6061 1
6062 1
6063 1
6064 1
6065 1
6066 1
6067 1
6068 1
6069 1
6070 1
6071 1
6072 1
6073 1
6074 1
6075 1
6076 1
6077 1
6078 1
6079 1
6080 1
6081 1
6082 1
6083 1
6084 1
6085 1
6086 1
6087 1
6088 1
6089 1
6090 1
6091 1
6092 1
6093 1
6094 1
6095 1
6096 1
6097 1
6098 1
6099 1
6100 1
6101 2
6102 2
6103 2
6104 2
6105 2
6106 2
6107 2
6108 2
6109 2
6110 2
6111 2
6112 2
6113 2
6114 2
6115 2
6116 2
6117 2
6118 2
6119 2
6120 2
6121 2
6122 2
6123 2
6124 2
6125 2
6126 2
6127 2
6128 2
6129 2
6130 2
6131 2
6132 2
6133 2
6134 2
6135 2
6136 2
6137 2
6138 2
6139 2
6140 2
6141 2
6142 2
6143 2
6144 2
6145 2
6146 2
6147 2
6148 2
6149 2
6150 2
6151 2
6152 2
6153 2
6154 2
6155 2
6156 2
6157 2
6158 2
6159 2
6160 2
6161 2
6162 2
6163 2
6164 2
6165 2
6166 2
6167 2
6168 2
6169 2
6170 2
6171 2
6172 2
6173 2
6174 2
6175 2
6176 2
6177 2
6178 2
6179 2
6180 2
6181 2
6182 2
6183 2
6184 2
6185 2
6186 2
6187 2
6188 2
6189 2
6190 2
6191 2
6192 2
6193 2
6194 2
6195 2
6196 2
6197 2
6198 2
6199 2
6200 2
6201 3
6202 3
6203 3
6204 3
6205 3
6206 3
6207 3
6208 3
6209 3
6210 3
6211 3
6212 3
6213 3
6214 3
6215 3
6216 3
6217 3
6218 3
6219 3
6220 3
6221 3
6222 3
6223 3
6224 3
6225 3
6226 3
6227 3
6228 3
6229 3
6230 3
6231 3
6232 3
6233 3
6234 3
6235 3
6236 3
6237 3
6238 3
6239 3
6240 3
6241 3
6242 3
6243 3
6244 3
6245 3
6246 2
6247 2
6248 2
6249 2
6250 2
6251 2
6252 2
6253 2
6254 2
6255 2
6256 2
6257 2
6258 2
6259 2
6260 2
6261 2
6262 2
6263 2
6264 2
6265 2
6266 2
6267 2
6268 2
6269 2
6270 2
6271 2
6272 2
6273 2
6274 2
6275 2
6276 2
6277 2
6278 2
6279 1
6280 1
6281 1
6282 1
6283 1
6284 1
6285 1
6286 1
6287 1
6288 1
6289 1
6290 1
6291 1
6292 1
6293 1
6294 1
6295 1
6296 1
6297 1
6298 1
6299 1
6300 1
6301 2
6302 2
6303 2
6304 2
6305 2
6306 2
6307 2
6308 2
6309 2
6310 2
6311 2
6312 2
6313 2
6314 2
6315 2
6316 2
6317 2
6318 2
6319 2
6320 2
6321 2
6322 2
6323 2
6324 2
6325 2
6326 2
6327 2
6328 2
6329 2
6330 2
6331 2
6332 2
6333 2
6334 2
6335 2
6336 2
6337 2
6338 2
6339 2
6340 2
6341 2
6342 2
6343 2
6344 2
6345 2
6346 2
6347 2
6348 2
6349 2
6350 2
6351 2
6352 2
6353 2
6354 2
6355 2
6356 2
6357 2
6358 2
6359 2
6360 2
6361 2
6362 2
6363 2
6364 2
6365 2
6366 2
6367 2
6368 2
6369 2
6370 2
6371 2
6372 2
6373 2
6374 2
6375 2
6376 2
6377 2
6378 2
6379 2
6380 2
6381 2
6382 2
6383 2
6384 2
6385 2
6386 2
6387 2
6388 2
6389 2
6390 2
6391 2
6392 2
6393 2
6394 2
6395 2
6396 2
6397 2
6398 2
6399 2
6400 2
6401 3
6402 3
6403 2
6404 2
6405 2
6406 2
6407 2
6408 2
6409 2
6410 2
6411 2
6412 2
6413 2
6414 2
6415 2
6416 2
6417 2
6418 2
6419 2
6420 2
6421 2
6422 2
6423 2
6424 2
6425 2
6426 2
6427 2
6428 2
6429 2
6430 2
6431 2
6432 2
6433 2
6434 2
6435 2
6436 2
6437 2
6438 2
6439 2
6440 2
6441 2
6442 2
6443 2
6444 2
6445 2
6446 2
6447 2
6448 2
6449 2
6450 2
6451 2
6452 2
6453 2
6454 2
6455 2
6456 2
6457 2
6458 2
6459 2
6460 2
6461 2
6462 2
6463 2
6464 2
6465 2
6466 2
6467 2
6468 2
6469 2
6470 2
6471 2
6472 2
6473 2
6474 2
6475 2
6476 2
6477 2
6478 2
6479 2
6480 2
6481 2
6482 1
6483 1
6484 1
6485 1
6486 1
6487 1
6488 1
6489 1
6490 1
6491 1
6492 1
6493 1
6494 1
6495 1
6496 1
6497 1
6498 1
6499 1
6500 1
6501 2
6502 2
6503 2
6504 2
6505 2
6506 2
6507 2
6508 2
6509 2
6510 2
6511 2
6512 2
6513 2
6514 2
6515 2
6516 2
6517 2
6518 2
6519 2
6520 2
6521 2
6522 2
6523 2
6524 2
6525 2
6526 2
6527 2
6528 2
6529 2
6530 2
6531 2
6532 2
6533 2
6534 2
6535 2
6536 2
6537 2
6538 2
6539 2
6540 2
6541 2
6542 2
6543 2
6544 2
6545 2
6546 2
6547 2
6548 2
6549 2
6550 2
6551 2
6552 2
6553 2
6554 2
6555 2
6556 2
6557 2
6558 2
6559 2
6560 2
6561 2
6562 2
6563 2
6564 2
6565 2
6566 2
6567 2
6568 2
6569 2
6570 2
6571 2
6572 2
6573 2
6574 2
6575 2
6576 2
6577 2
6578 2
6579 2
6580 2
6581 2
6582 2
6583 2
6584 2
6585 2
6586 2
6587 2
6588 2
6589 2
6590 2
6591 2
6592 2
6593 2
6594 2
6595 2
6596 2
6597 2
6598 1
6599 1
6600 1
6601 2
6602 2
6603 1
6604 1
6605 1
6606 1
6607 1
6608 1
6609 1
6610 1
6611 1
6612 1
6613 1
6614 1
6615 1
6616 1
6617 1
6618 1
6619 1
6620 1
6621 1
6622 1
6623 1
6624 1
6625 1
6626 1
6627 1
6628 1
6629 1
6630 1
6631 1
6632 1
6633 1
6634 1
6635 1
6636 1
6637 1
6638 1
6639 1
6640 1
6641 1
6642 1
6643 1
6644 1
6645 1
6646 1
6647 1
6648 1
6649 1
6650 1
6651 1
6652 1
6653 1
6654 1
6655 1
6656 1
6657 1
6658 1
6659 1
6660 1
6661 1
6662 1
6663 1
6664 1
6665 1
6666 1
6667 1
6668 1
6669 1
6670 1
6671 1
6672 1
6673 1
6674 1
6675 1
6676 1
6677 1
6678 1
6679 1
6680 1
6681 1
6682 1
6683 1
6684 1
6685 1
6686 1
6687 1
6688 1
6689 1
6690 1
6691 1
6692 1
6693 1
6694 1
6695 1
6696 1
6697 1
6698 1
6699 1
6700 1
6701 2
6702 2
6703 2
6704 2
6705 2
6706 2
6707 2
6708 2
6709 2
6710 2
6711 2
6712 2
6713 2
6714 2
6715 2
6716 2
6717 2
6718 2
6719 2
6720 2
6721 2
6722 2
6723 2
6724 2
6725 2
6726 2
6727 2
6728 2
6729 2
6730 2
6731 2
6732 2
6733 2
6734 2
6735 2
6736 2
6737 2
6738 2
6739 2
6740 2
6741 2
6742 2
6743 2
6744 2
6745 2
6746 2
6747 2
6748 2
6749 2
6750 2
6751 2
6752 2
6753 2
6754 2
6755 2
6756 2
6757 2
6758 2
6759 2
6760 2
6761 2
6762 2
6763 2
6764 2
6765 2
6766 2
6767 2
6768 2
6769 2
6770 2
6771 2
6772 2
6773 2
6774 2
6775 2
6776 2
6777 2
6778 2
6779 2
6780 2
6781 2
6782 2
6783 2
6784 2
6785 2
6786 2
6787 2
6788 2
6789 2
6790 2
6791 2
6792 1
6793 1
6794 1
6795 1
6796 1
6797 1
6798 1
6799 1
6800 1
6801 2
6802 2
6803 2
6804 2
6805 2
6806 2
6807 2
6808 2
6809 2
6810 2
6811 2
6812 2
6813 2
6814 2
6815 2
6816 2
6817 2
6818 2
6819 2
6820 2
6821 2
6822 2
6823 2
6824 2
6825 2
6826 2
6827 2
6828 2
6829 2
6830 2
6831 2
6832 2
6833 2
6834 2
6835 2
6836 2
6837 2
6838 2
6839 2
6840 2
6841 2
6842 2
6843 2
6844 2
6845 2
6846 2
6847 2
6848 2
6849 2
6850 2
6851 2
6852 2
6853 2
6854 2
6855 2
6856 2
6857 2
6858 2
6859 2
6860 2
6861 2
6862 2
6863 2
6864 2
6865 2
6866 2
6867 2
6868 2
6869 2
6870 2
6871 2
6872 2
6873 2
6874 1
6875 1
6876 1
6877 1
6878 1
6879 1
6880 1
6881 1
6882 1
6883 1
6884 1
6885 1
6886 1
6887 1
6888 1
6889 1
6890 1
6891 1
6892 1
6893 1
6894 1
6895 1
6896 1
6897 1
6898 1
6899 1
6900 1
6901 2
6902 2
6903 2
6904 2
6905 2
6906 2
6907 2
6908 2
6909 2
6910 2
6911 2
6912 2
6913 2
6914 2
6915 2
6916 2
6917 2
6918 2
6919 2
6920 2
6921 2
6922 2
6923 2
6924 2
6925 2
6926 2
6927 2
6928 2
6929 2
6930 2
6931 2
6932 2
6933 2
6934 2
6935 2
6936 2
6937 2
6938 2
6939 2
6940 2
6941 2
6942 2
6943 2
6944 2
6945 2
6946 2
6947 2
6948 2
6949 2
6950 2
6951 2
6952 2
6953 2
6954 2
6955 2
6956 2
6957 2
6958 2
6959 2
6960 2
6961 2
6962 2
6963 2
6964 2
6965 2
6966 2
6967 2
6968 2
6969 2
6970 2
6971 2
6972 2
6973 2
6974 2
6975 2
6976 2
6977 2
6978 2
6979 2
6980 2
6981 2
6982 2
6983 2
6984 2
6985 2
6986 2
6987 2
6988 2
6989 2
6990 1
6991 1
6992 1
6993 1
6994 1
6995 1
6996 1
6997 1
6998 1
6999 1
7000 1
7001 2
7002 2
7003 2
7004 2
7005 2
7006 2
7007 2
7008 2
7009 2
7010 2
7011 2
7012 2
7013 2
7014 2
7015 2
7016 2
7017 2
7018 2
7019 2
7020 2
7021 2
7022 2
7023 2
7024 2
7025 2
7026 2
7027 2
7028 2
7029 2
7030 2
7031 2
7032 2
7033 2
7034 2
7035 2
7036 2
7037 2
7038 2
7039 2
7040 2
7041 2
7042 2
7043 2
7044 2
7045 2
7046 2
7047 2
7048 2
7049 2
7050 2
7051 2
7052 2
7053 2
7054 2
7055 2
7056 2
7057 2
7058 2
7059 2
7060 2
7061 2
7062 2
7063 2
7064 2
7065 2
7066 2
7067 2
7068 2
7069 2
7070 2
7071 2
7072 2
7073 2
7074 2
7075 2
7076 2
7077 2
7078 2
7079 2
7080 2
7081 2
7082 2
7083 2
7084 2
7085 2
7086 2
7087 2
7088 2
7089 2
7090 2
7091 2
7092 2
7093 2
7094 2
7095 2
7096 2
7097 2
7098 2
7099 2
7100 2
7101 3
7102 3
7103 3
7104 3
7105 3
7106 3
7107 3
7108 3
7109 3
7110 3
7111 3
7112 3
7113 3
7114 3
7115 3
7116 3
7117 3
7118 2
7119 2
7120 2
7121 2
7122 2
7123 2
7124 2
7125 2
7126 2
7127 2
7128 2
7129 2
7130 2
7131 2
7132 2
7133 2
7134 2
7135 2
7136 2
7137 2
7138 2
7139 2
7140 2
7141 2
7142 2
7143 2
7144 2
7145 2
7146 2
7147 2
7148 2
7149 2
7150 2
7151 2
7152 2
7153 2
7154 2
7155 2
7156 2
7157 2
7158 2
7159 2
7160 2
7161 2
7162 2
7163 2
7164 2
7165 2
7166 2
7167 2
7168 2
7169 2
7170 2
7171 2
7172 2
7173 2
7174 2
7175 2
7176 2
7177 2
7178 2
7179 2
7180 2
7181 2
7182 2
7183 2
7184 2
7185 2
7186 2
7187 2
7188 2
7189 2
7190 2
7191 2
7192 2
7193 2
7194 2
7195 2
7196 2
7197 2
7198 2
7199 2
7200 2
7201 3
7202 3
7203 3
7204 3
7205 3
7206 3
7207 3
7208 3
7209 3
7210 3
7211 3
7212 3
7213 3
7214 3
7215 3
7216 3
7217 3
7218 3
7219 3
7220 3
7221 3
7222 3
7223 3
7224 3
7225 3
7226 3
7227 3
7228 3
7229 3
7230 3
7231 3
7232 3
7233 3
7234 3
7235 3
7236 3
7237 3
7238 3
7239 3
7240 3
7241 3
7242 3
7243 3
7244 3
7245 3
7246 3
7247 3
7248 3
7249 3
7250 3
7251 3
7252 3
7253 3
7254 3
7255 3
7256 3
7257 3
7258 3
7259 3
7260 3
7261 3
7262 3
7263 3
7264 3
7265 3
7266 3
7267 3
7268 3
7269 3
7270 3
7271 3
7272 3
7273 3
7274 2
7275 2
7276 2
7277 2
7278 2
7279 2
7280 2
7281 2
7282 2
7283 2
7284 2
7285 2
7286 2
7287 2
7288 2
7289 2
7290 2
7291 2
7292 2
7293 2
7294 2
7295 2
7296 2
7297 2
7298 2
7299 2
7300 2
7301 3
7302 3
7303 3
7304 3
7305 3
7306 3
7307 3
7308 3
7309 3
7310 3
7311 3
7312 3
7313 3
7314 3
7315 3
7316 3
7317 3
7318 3
7319 3
7320 3
7321 3
7322 3
7323 3
7324 3
7325 3
7326 3
7327 3
7328 3
7329 3
7330 3
7331 3
7332 3
7333 3
7334 3
7335 3
7336 3
7337 3
7338 3
7339 3
7340 3
7341 3
7342 3
7343 3
7344 3
7345 2
7346 2
7347 2
7348 2
7349 2
7350 2
7351 2
7352 2
7353 2
7354 2
7355 2
7356 2
7357 2
7358 2
7359 2
7360 2
7361 2
7362 2
7363 2
7364 2
7365 2
7366 2
7367 2
7368 2
7369 2
7370 2
7371 2
7372 2
7373 2
7374 2
7375 2
7376 2
7377 2
7378 2
7379 2
7380 2
7381 2
7382 2
7383 2
7384 2
7385 2
7386 2
7387 2
7388 2
7389 2
7390 2
7391 2
7392 2
7393 2
7394 2
7395 2
7396 2
7397 2
7398 2
7399 2
7400 2
7401 3
7402 3
7403 3
7404 3
7405 3
7406 3
7407 3
7408 3
7409 3
7410 3
7411 3
7412 3
7413 3
7414 3
7415 3
7416 3
7417 3
7418 3
7419 3
7420 3
7421 3
7422 3
7423 3
7424 3
7425 3
7426 3
7427 3
7428 3
7429 3
7430 3
7431 3
7432 3
7433 3
7434 3
7435 3
7436 3
7437 3
7438 3
7439 3
7440 3
7441 3
7442 3
7443 3
7444 3
7445 3
7446 3
7447 3
7448 3
7449 3
7450 3
7451 3
7452 3
7453 3
7454 3
7455 3
7456 3
7457 3
7458 3
7459 3
7460 3
7461 3
7462 3
7463 3
7464 3
7465 3
7466 3
7467 3
7468 3
7469 3
7470 3
7471 3
7472 3
7473 3
7474 3
7475 3
7476 3
7477 3
7478 3
7479 3
7480 3
7481 3
7482 3
7483 3
7484 3
7485 3
7486 3
7487 3
7488 3
7489 3
7490 3
7491 3
7492 3
7493 3
7494 3
7495 2
7496 2
7497 2
7498 1
7499 1
7500 1
7501 2
7502 2
7503 2
7504 2
7505 2
7506 2
7507 2
7508 2
7509 2
7510 2
7511 2
7512 2
7513 2
7514 2
7515 2
7516 2
7517 2
7518 2
7519 2
7520 2
7521 2
7522 2
7523 2
7524 2
7525 2
7526 2
7527 2
7528 2
7529 2
7530 2
7531 2
7532 2
7533 2
7534 2
7535 2
7536 2
7537 2
7538 2
7539 2
7540 2
7541 1
7542 1
7543 1
7544 1
7545 1
7546 1
7547 1
7548 1
7549 1
7550 1
7551 1
7552 1
7553 1
7554 1
7555 1
7556 1
7557 1
7558 1
7559 1
7560 1
7561 1
7562 1
7563 1
7564 1
7565 1
7566 1
7567 1
7568 1
7569 1
7570 1
7571 1
7572 1
7573 1
7574 1
7575 1
7576 1
7577 1
7578 1
7579 1
7580 1
7581 1
7582 1
7583 1
7584 1
7585 1
7586 1
7587 1
7588 1
7589 1
7590 1
7591 1
7592 1
7593 1
7594 1
7595 1
7596 1
7597 1
7598 1
7599 1
7600 1
7601 2
7602 2
7603 2
7604 2
7605 2
7606 2
7607 2
7608 2
7609 2
7610 2
7611 2
7612 2
7613 2
7614 2
7615 2
7616 2
7617 2
7618 2
7619 2
7620 2
7621 2
7622 2
7623 2
7624 2
7625 2
7626 2
7627 2
7628 2
7629 2
7630 2
7631 2
7632 2
7633 2
7634 2
7635 2
7636 2
7637 2
7638 2
7639 2
7640 2
7641 2
7642 2
7643 2
7644 2
7645 2
7646 2
7647 2
7648 2
7649 2
7650 2
7651 2
7652 2
7653 2
7654 2
7655 2
7656 2
7657 2
7658 2
7659 2
7660 2
7661 2
7662 2
7663 2
7664 2
7665 2
7666 2
7667 2
7668 2
7669 2
7670 2
7671 2
7672 2
7673 2
7674 2
7675 2
7676 2
7677 2
7678 2
7679 2
7680 2
7681 2
7682 2
7683 2
7684 2
7685 2
7686 2
7687 2
7688 2
7689 2
7690 2
7691 2
7692 2
7693 2
7694 2
7695 2
7696 2
7697 2
7698 2
7699 2
7700 2
7701 3
7702 3
7703 3
7704 3
7705 3
7706 3
7707 3
7708 3
7709 3
7710 3
7711 3
7712 3
7713 3
7714 3
7715 3
7716 3
7717 3
7718 3
7719 3
7720 3
7721 3
7722 3
7723 3
7724 3
7725 3
7726 2
7727 2
7728 2
7729 2
7730 2
7731 2
7732 2
7733 2
7734 2
7735 2
7736 2
7737 2
7738 2
7739 2
7740 2
7741 2
7742 2
7743 2
7744 2
7745 2
7746 2
7747 2
7748 2
7749 2
7750 2
7751 2
7752 2
7753 2
7754 2
7755 2
7756 2
7757 2
7758 2
7759 2
7760 2
7761 2
7762 2
7763 2
7764 2
7765 2
7766 2
7767 2
7768 2
7769 2
7770 2
7771 2
7772 1
7773 1
7774 1
7775 1
7776 1
7777 1
7778 1
7779 1
7780 1
7781 1
7782 1
7783 1
7784 1
7785 1
7786 1
7787 1
7788 1
7789 1
7790 1
7791 1
7792 1
7793 1
7794 1
7795 1
7796 1
7797 1
7798 1
7799 1
7800 1
7801 2
7802 2
7803 2
7804 2
7805 2
7806 2
7807 2
7808 2
7809 2
7810 2
7811 2
7812 2
7813 2
7814 2
7815 2
7816 2
7817 2
7818 2
7819 2
7820 2
7821 2
7822 2
7823 2
7824 2
7825 2
7826 2
7827 2
7828 2
7829 2
7830 2
7831 2
7832 2
7833 2
7834 2
7835 2
7836 2
7837 2
7838 2
7839 2
7840 2
7841 2
7842 2
7843 2
7844 2
7845 2
7846 2
7847 2
7848 2
7849 2
7850 2
7851 2
7852 2
7853 2
7854 1
7855 1
7856 1
7857 1
7858 1
7859 1
7860 1
7861 1
7862 1
7863 1
7864 1
7865 1
7866 1
7867 1
7868 1
7869 1
7870 1
7871 1
7872 1
7873 1
7874 1
7875 1
7876 1
7877 1
7878 1
7879 1
7880 1
7881 1
7882 1
7883 1
7884 1
7885 1
7886 1
7887 1
7888 1
7889 1
7890 1
7891 1
7892 1
7893 1
7894 1
7895 1
7896 1
7897 1
7898 1
7899 1
7900 1
7901 2
7902 2
7903 2
7904 2
7905 2
7906 2
7907 2
7908 2
7909 2
7910 2
7911 2
7912 2
7913 2
7914 2
7915 1
7916 1
7917 1
7918 1
7919 1
7920 1
7921 1
7922 1
7923 1
7924 1
7925 1
7926 1
7927 1
7928 1
7929 1
7930 1
7931 1
7932 1
7933 1
7934 1
7935 1
7936 1
7937 1
7938 1
7939 1
7940 1
7941 1
7942 1
7943 1
7944 1
7945 1
7946 1
7947 1
7948 1
7949 1
7950 1
7951 1
7952 1
7953 1
7954 1
7955 1
7956 1
7957 1
7958 1
7959 1
7960 1
7961 1
7962 1
7963 1
7964 1
7965 1
7966 1
7967 1
7968 1
7969 1
7970 1
7971 1
7972 1
7973 1
7974 1
7975 1
7976 1
7977 1
7978 1
7979 1
7980 1
7981 1
7982 1
7983 1
7984 1
7985 1
7986 1
7987 1
7988 1
7989 1
7990 1
7991 1
7992 1
7993 1
7994 1
7995 1
7996 1
7997 1
7998 1
7999 1
8000 1
8001 2
8002 2
8003 2
8004 2
8005 2
8006 2
8007 2
8008 2
8009 2
8010 2
8011 2
8012 2
8013 2
8014 2
8015 2
8016 2
8017 2
8018 2
8019 2
8020 2
8021 2
8022 2
8023 2
8024 2
8025 2
8026 2
8027 2
8028 2
8029 2
8030 2
8031 2
8032 2
8033 2
8034 2
8035 2
8036 2
8037 2
8038 2
8039 2
8040 2
8041 2
8042 2
8043 2
8044 2
8045 2
8046 2
8047 2
8048 2
8049 2
8050 2
8051 2
8052 2
8053 2
8054 2
8055 2
8056 2
8057 2
8058 2
8059 2
8060 2
8061 2
8062 2
8063 2
8064 2
8065 2
8066 2
8067 2
8068 2
8069 2
8070 2
8071 2
8072 2
8073 2
8074 2
8075 2
8076 2
8077 2
8078 2
8079 2
8080 2
8081 2
8082 2
8083 2
8084 2
8085 2
8086 2
8087 2
8088 2
8089 2
8090 2
8091 2
8092 2
8093 2
8094 2
8095 2
8096 2
8097 2
8098 2
8099 2
8100 2
8101 3
8102 3
8103 3
8104 3
8105 3
8106 3
8107 3
8108 3
8109 3
8110 3
8111 3
8112 3
8113 3
8114 3
8115 3
8116 3
8117 3
8118 3
8119 3
8120 3
8121 3
8122 3
8123 3
8124 3
8125 3
8126 3
8127 3
8128 3
8129 3
8130 3
8131 3
8132 3
8133 3
8134 3
8135 3
8136 3
8137 3
8138 3
8139 3
8140 3
8141 3
8142 3
8143 3
8144 3
8145 3
8146 3
8147 3
8148 3
8149 3
8150 3
8151 3
8152 3
8153 3
8154 3
8155 3
8156 3
8157 3
8158 3
8159 3
8160 3
8161 3
8162 3
8163 3
8164 3
8165 3
8166 3
8167 3
8168 3
8169 3
8170 3
8171 3
8172 3
8173 3
8174 3
8175 3
8176 3
8177 2
8178 2
8179 2
8180 2
8181 2
8182 2
8183 2
8184 2
8185 2
8186 2
8187 2
8188 2
8189 2
8190 2
8191 2
8192 2
8193 2
8194 2
8195 2
8196 2
8197 2
8198 2
8199 2
8200 2
8201 3
8202 3
8203 3
8204 3
8205 3
8206 3
8207 3
8208 3
8209 3
8210 3
8211 3
8212 3
8213 3
8214 3
8215 3
8216 3
8217 3
8218 3
8219 3
8220 3
8221 3
8222 3
8223 3
8224 3
8225 3
8226 3
8227 3
8228 3
8229 3
8230 3
8231 3
8232 3
8233 3
8234 3
8235 3
8236 3
8237 3
8238 3
8239 3
8240 3
8241 3
8242 3
8243 3
8244 3
8245 3
8246 3
8247 3
8248 3
8249 3
8250 3
8251 3
8252 3
8253 3
8254 3
8255 3
8256 3
8257 3
8258 3
8259 3
8260 3
8261 3
8262 3
8263 3
8264 2
8265 2
8266 2
8267 2
8268 2
8269 2
8270 2
8271 2
8272 2
8273 2
8274 2
8275 2
8276 2
8277 2
8278 2
8279 2
8280 2
8281 2
8282 2
8283 2
8284 2
8285 2
8286 2
8287 2
8288 2
8289 2
8290 2
8291 2
8292 2
8293 2
8294 2
8295 2
8296 2
8297 2
8298 2
8299 2
8300 2
8301 3
8302 3
8303 3
8304 2
8305 2
8306 2
8307 2
8308 2
8309 2
8310 2
8311 2
8312 2
8313 2
8314 2
8315 2
8316 2
8317 2
8318 2
8319 2
8320 2
8321 2
8322 2
8323 2
8324 2
8325 2
8326 2
8327 2
8328 2
8329 2
8330 2
8331 2
8332 2
8333 2
8334 2
8335 2
8336 2
8337 2
8338 2
8339 2
8340 2
8341 2
8342 2
8343 2
8344 2
8345 2
8346 2
8347 2
8348 2
8349 2
8350 2
8351 2
8352 2
8353 2
8354 2
8355 2
8356 2
8357 2
8358 2
8359 2
8360 2
8361 2
8362 2
8363 2
8364 2
8365 2
8366 2
8367 2
8368 2
8369 2
8370 2
8371 2
8372 2
8373 2
8374 2
8375 2
8376 2
8377 2
8378 2
8379 2
8380 2
8381 1
8382 1
8383 1
8384 1
8385 1
8386 1
8387 1
8388 1
8389 1
8390 1
8391 1
8392 1
8393 1
8394 1
8395 1
8396 1
8397 1
8398 1
8399 1
8400 1
8401 2
8402 2
8403 2
8404 2
8405 2
8406 2
8407 2
8408 2
8409 2
8410 2
8411 2
8412 2
8413 2
8414 2
8415 2
8416 2
8417 2
8418 2
8419 2
8420 2
8421 2
8422 2
8423 2
8424 2
8425 2
8426 2
8427 2
8428 2
8429 2
8430 2
8431 2
8432 2
8433 2
8434 2
8435 2
8436 2
8437 2
8438 2
8439 2
8440 2
8441 2
8442 2
8443 2
8444 2
8445 2
8446 2
8447 2
8448 2
8449 2
8450 2
8451 2
8452 2
8453 2
8454 2
8455 2
8456 2
8457 2
8458 2
8459 2
8460 2
8461 2
8462 2
8463 2
8464 2
8465 2
8466 2
8467 2
8468 2
8469 2
8470 2
8471 2
8472 2
8473 2
8474 2
8475 2
8476 2
8477 2
8478 2
8479 2
8480 2
8481 2
8482 2
8483 2
8484 2
8485 2
8486 2
8487 2
8488 2
8489 2
8490 2
8491 2
8492 2
8493 2
8494 2
8495 2
8496 2
8497 2
8498 2
8499 2
8500 2
8501 3
8502 3
8503 3
8504 3
8505 3
8506 3
8507 3
8508 3
8509 3
8510 3
8511 3
8512 3
8513 3
8514 3
8515 3
8516 3
8517 3
8518 3
8519 3
8520 3
8521 3
8522 3
8523 3
8524 3
8525 3
8526 3
8527 3
8528 3
8529 3
8530 3
8531 3
8532 3
8533 3
8534 3
8535 3
8536 3
8537 3
8538 3
8539 2
8540 2
8541 2
8542 2
8543 2
8544 2
8545 2
8546 2
8547 2
8548 2
8549 2
8550 2
8551 2
8552 2
8553 2
8554 2
8555 2
8556 2
8557 1
8558 1
8559 1
8560 1
8561 1
8562 1
8563 1
8564 1
8565 1
8566 1
8567 1
8568 1
8569 1
8570 1
8571 1
8572 1
8573 1
8574 1
8575 1
8576 1
8577 1
8578 1
8579 1
8580 1
8581 1
8582 1
8583 1
8584 1
8585 1
8586 1
8587 1
8588 1
8589 1
8590 1
8591 1
8592 1
8593 1
8594 1
8595 1
8596 1
8597 1
8598 1
8599 1
8600 1
8601 2
8602 2
8603 2
8604 2
8605 2
8606 2
8607 2
8608 2
8609 2
8610 2
8611 2
8612 2
8613 2
8614 2
8615 2
8616 2
8617 2
8618 1
8619 1
8620 1
8621 1
8622 1
8623 1
8624 1
8625 1
8626 1
8627 1
8628 1
8629 1
8630 1
8631 1
8632 1
8633 1
8634 1
8635 1
8636 1
8637 1
8638 1
8639 1
8640 1
8641 1
8642 1
8643 1
8644 1
8645 1
8646 1
8647 1
8648 1
8649 1
8650 1
8651 1
8652 1
8653 1
8654 1
8655 1
8656 1
8657 1
8658 1
8659 1
8660 1
8661 1
8662 1
8663 1
8664 1
8665 1
8666 1
8667 1
8668 1
8669 1
8670 1
8671 1
8672 1
8673 1
8674 1
8675 1
8676 1
8677 1
8678 1
8679 1
8680 1
8681 1
8682 1
8683 1
8684 1
8685 1
8686 1
8687 1
8688 1
8689 1
8690 1
8691 1
8692 1
8693 1
8694 1
8695 1
8696 1
8697 1
8698 1
8699 1
8700 1
8701 2
8702 2
8703 2
8704 2
8705 2
8706 2
8707 2
8708 2
8709 2
8710 2
8711 2
8712 2
8713 2
8714 2
8715 2
8716 2
8717 2
8718 2
8719 2
8720 2
8721 2
8722 2
8723 2
8724 2
8725 2
8726 2
8727 2
8728 2
8729 2
8730 2
8731 2
8732 2
8733 2
8734 2
8735 2
8736 2
8737 1
8738 1
8739 1
8740 1
8741 1
8742 1
8743 1
8744 1
8745 1
8746 1
8747 1
8748 1
8749 1
8750 1
8751 1
8752 1
8753 1
8754 1
8755 1
8756 1
8757 1
8758 1
8759 1
8760 1
8761 1
8762 1
8763 1
8764 1
8765 1
8766 1
8767 1
8768 1
8769 1
8770 1
8771 1
8772 1
8773 1
8774 1
8775 1
8776 1
8777 1
8778 1
8779 1
8780 1
8781 1
8782 1
8783 1
8784 1
8785 1
8786 1
8787 1
8788 1
8789 1
8790 1
8791 1
8792 1
8793 1
8794 1
8795 1
8796 1
8797 1
8798 1
8799 1
8800 1
8801 2
8802 2
8803 2
8804 2
8805 2
8806 2
8807 2
8808 2
8809 2
8810 2
8811 2
8812 2
8813 2
8814 2
8815 2
8816 2
8817 2
8818 2
8819 2
8820 2
8821 2
8822 2
8823 2
8824 2
8825 2
8826 2
8827 2
8828 2
8829 2
8830 2
8831 2
8832 2
8833 2
8834 2
8835 2
8836 2
8837 2
8838 1
8839 1
8840 1
8841 1
8842 1
8843 1
8844 1
8845 1
8846 1
8847 1
8848 1
8849 1
8850 1
8851 1
8852 1
8853 1
8854 1
8855 1
8856 1
8857 1
8858 1
8859 1
8860 1
8861 1
8862 1
8863 1
8864 1
8865 1
8866 1
8867 1
8868 1
8869 1
8870 1
8871 1
8872 1
8873 1
8874 1
8875 1
8876 1
8877 1
8878 1
8879 1
8880 1
8881 1
8882 1
8883 1
8884 1
8885 1
8886 1
8887 1
8888 1
8889 1
8890 1
8891 1
8892 1
8893 1
8894 1
8895 1
8896 1
8897 1
8898 1
8899 1
8900 1
8901 2
8902 2
8903 2
8904 2
8905 2
8906 2
8907 2
8908 2
8909 2
8910 2
8911 2
8912 2
8913 2
8914 2
8915 2
8916 2
8917 2
8918 1
8919 1
8920 1
8921 1
8922 1
8923 1
8924 1
8925 1
8926 1
8927 1
8928 1
8929 1
8930 1
8931 1
8932 1
8933 1
8934 1
8935 1
8936 1
8937 1
8938 1
8939 1
8940 1
8941 1
8942 1
8943 1
8944 1
8945 1
8946 1
8947 1
8948 1
8949 1
8950 1
8951 1
8952 1
8953 1
8954 1
8955 1
8956 1
8957 1
8958 1
8959 1
8960 1
8961 1
8962 1
8963 1
8964 1
8965 1
8966 1
8967 1
8968 1
8969 1
8970 1
8971 1
8972 1
8973 1
8974 1
8975 1
8976 1
8977 1
8978 1
8979 1
8980 1
8981 1
8982 1
8983 1
8984 1
8985 1
8986 1
8987 1
8988 1
8989 1
8990 1
8991 1
8992 1
8993 1
8994 1
8995 1
8996 1
8997 1
8998 1
8999 1
9000 1
9001 2
9002 2
9003 2
9004 2
9005 2
9006 1
9007 1
9008 1
9009 1
9010 1
9011 1
9012 1
9013 1
9014 1
9015 1
9016 1
9017 1
9018 1
9019 1
9020 1
9021 1
9022 1
9023 1
9024 1
9025 1
9026 1
9027 1
9028 1
9029 1
9030 1
9031 1
9032 1
9033 1
9034 1
9035 1
9036 1
9037 1
9038 1
9039 1
9040 1
9041 1
9042 1
9043 1
9044 1
9045 1
9046 1
9047 1
9048 1
9049 1
9050 1
9051 1
9052 1
9053 1
9054 1
9055 1
9056 1
9057 1
9058 1
9059 1
9060 1
9061 1
9062 1
9063 1
9064 1
9065 1
9066 1
9067 1
9068 1
9069 1
9070 1
9071 1
9072 1
9073 1
9074 1
9075 1
9076 1
9077 1
9078 1
9079 1
9080 1
9081 1
9082 1
9083 1
9084 1
9085 1
9086 1
9087 1
9088 1
9089 1
9090 1
9091 1
9092 1
9093 1
9094 1
9095 1
9096 1
9097 1
9098 1
9099 1
9100 1
9101 2
9102 2
9103 2
9104 2
9105 2
9106 2
9107 2
9108 2
9109 2
9110 2
9111 2
9112 2
9113 2
9114 2
9115 2
9116 2
9117 2
9118 2
9119 2
9120 2
9121 2
9122 2
9123 2
9124 2
9125 2
9126 2
9127 2
9128 2
9129 2
9130 2
9131 2
9132 2
9133 2
9134 2
9135 2
9136 2
9137 2
9138 2
9139 2
9140 2
9141 2
9142 2
9143 2
9144 2
9145 2
9146 2
9147 2
9148 2
9149 2
9150 2
9151 2
9152 2
9153 2
9154 2
9155 2
9156 2
9157 2
9158 2
9159 2
9160 2
9161 2
9162 2
9163 2
9164 2
9165 2
9166 2
9167 2
9168 2
9169 2
9170 2
9171 2
9172 2
9173 2
9174 2
9175 2
9176 2
9177 2
9178 2
9179 2
9180 2
9181 2
9182 2
9183 2
9184 2
9185 2
9186 2
9187 2
9188 2
9189 2
9190 2
9191 2
9192 2
9193 2
9194 2
9195 2
9196 2
9197 2
9198 2
9199 2
9200 2
9201 3
9202 3
9203 3
9204 3
9205 3
9206 3
9207 3
9208 3
9209 3
9210 3
9211 3
9212 3
9213 3
9214 3
9215 3
9216 3
9217 3
9218 3
9219 3
9220 3
9221 3
9222 3
9223 3
9224 3
9225 3
9226 3
9227 3
9228 3
9229 3
9230 3
9231 3
9232 3
9233 3
9234 3
9235 3
9236 3
9237 3
9238 3
9239 3
9240 3
9241 3
9242 3
9243 3
9244 3
9245 3
9246 3
9247 3
9248 3
9249 3
9250 3
9251 3
9252 3
9253 2
9254 2
9255 2
9256 2
9257 2
9258 2
9259 2
9260 2
9261 2
9262 2
9263 2
9264 2
9265 2
9266 2
9267 2
9268 2
9269 2
9270 2
9271 2
9272 2
9273 2
9274 2
9275 2
9276 2
9277 2
9278 2
9279 2
9280 2
9281 2
9282 2
9283 2
9284 2
9285 2
9286 2
9287 2
9288 2
9289 2
9290 2
9291 2
9292 2
9293 2
9294 2
9295 2
9296 2
9297 2
9298 2
9299 2
9300 2
9301 3
9302 3
9303 3
9304 3
9305 3
9306 3
9307 3
9308 3
9309 3
9310 3
9311 3
9312 3
9313 3
9314 3
9315 3
9316 3
9317 3
9318 3
9319 3
9320 3
9321 3
9322 3
9323 3
9324 3
9325 3
9326 3
9327 3
9328 3
9329 3
9330 3
9331 3
9332 3
9333 3
9334 3
9335 3
9336 3
9337 3
9338 3
9339 3
9340 3
9341 3
9342 3
9343 3
9344 3
9345 3
9346 3
9347 3
9348 3
9349 3
9350 3
9351 3
9352 3
9353 3
9354 3
9355 3
9356 3
9357 2
9358 2
9359 2
9360 2
9361 2
9362 2
9363 2
9364 2
9365 2
9366 2
9367 2
9368 2
9369 2
9370 2
9371 2
9372 2
9373 2
9374 2
9375 2
9376 2
9377 2
9378 2
9379 2
9380 2
9381 2
9382 2
9383 2
9384 2
9385 2
9386 2
9387 2
9388 2
9389 2
9390 2
9391 2
9392 2
9393 2
9394 2
9395 2
9396 2
9397 2
9398 2
9399 2
9400 2
9401 3
9402 3
9403 3
9404 3
9405 3
9406 3
9407 3
9408 3
9409 3
9410 3
9411 3
9412 3
9413 3
9414 3
9415 3
9416 3
9417 3
9418 3
9419 3
9420 3
9421 3
9422 3
9423 3
9424 3
9425 3
9426 3
9427 3
9428 3
9429 3
9430 3
9431 3
9432 3
9433 3
9434 3
9435 3
9436 3
9437 3
9438 3
9439 3
9440 3
9441 3
9442 3
9443 3
9444 3
9445 3
9446 3
9447 3
9448 3
9449 3
9450 3
9451 3
9452 3
9453 3
9454 3
9455 3
9456 3
9457 2
9458 2
9459 2
9460 2
9461 2
9462 2
9463 2
9464 2
9465 2
9466 2
9467 2
9468 2
9469 2
9470 2
9471 2
9472 2
9473 2
9474 2
9475 2
9476 2
9477 2
9478 2
9479 2
9480 2
9481 2
9482 2
9483 2
9484 2
9485 2
9486 2
9487 2
9488 2
9489 2
9490 2
9491 2
9492 2
9493 2
9494 2
9495 2
9496 2
9497 2
9498 2
9499 2
9500 2
9501 3
9502 3
9503 3
9504 3
9505 3
9506 3
9507 3
9508 3
9509 3
9510 3
9511 3
9512 3
9513 3
9514 3
9515 3
9516 3
9517 3
9518 3
9519 3
9520 3
9521 3
9522 2
9523 2
9524 2
9525 2
9526 2
9527 2
9528 2
9529 2
9530 2
9531 2
9532 2
9533 2
9534 2
9535 2
9536 2
9537 2
9538 2
9539 2
9540 2
9541 2
9542 2
9543 2
9544 2
9545 2
9546 2
9547 2
9548 2
9549 2
9550 2
9551 2
9552 2
9553 2
9554 2
9555 2
9556 2
9557 2
9558 2
9559 2
9560 2
9561 2
9562 2
9563 2
9564 2
9565 2
9566 2
9567 2
9568 2
9569 2
9570 2
9571 2
9572 2
9573 2
9574 2
9575 2
9576 2
9577 2
9578 2
9579 2
9580 2
9581 2
9582 2
9583 2
9584 2
9585 1
9586 1
9587 1
9588 1
9589 1
9590 1
9591 1
9592 1
9593 1
9594 1
9595 1
9596 1
9597 1
9598 1
9599 1
9600 1
9601 2
9602 2
9603 2
9604 2
9605 2
9606 2
9607 2
9608 2
9609 2
9610 2
9611 2
9612 2
9613 2
9614 2
9615 2
9616 2
9617 2
9618 2
9619 2
9620 2
9621 2
9622 2
9623 1
9624 1
9625 1
9626 1
9627 1
9628 1
9629 1
9630 1
9631 1
9632 1
9633 1
9634 1
9635 1
9636 1
9637 1
9638 1
9639 1
9640 1
9641 1
9642 1
9643 1
9644 1
9645 1
9646 1
9647 1
9648 1
9649 1
9650 1
9651 1
9652 1
9653 1
9654 1
9655 1
9656 1
9657 1
9658 1
9659 1
9660 1
9661 1
9662 1
9663 1
9664 1
9665 1
9666 1
9667 1
9668 1
9669 1
9670 1
9671 1
9672 1
9673 1
9674 1
9675 1
9676 1
9677 1
9678 1
9679 1
9680 1
9681 1
9682 1
9683 1
9684 1
9685 1
9686 1
9687 1
9688 1
9689 1
9690 1
9691 1
9692 1
9693 1
9694 1
9695 1
9696 1
9697 1
9698 1
9699 1
9700 1
9701 2
9702 2
9703 2
9704 2
9705 2
9706 2
9707 2
9708 2
9709 2
9710 2
9711 2
9712 2
9713 2
9714 2
9715 2
9716 2
9717 2
9718 2
9719 2
9720 2
9721 2
9722 2
9723 2
9724 2
9725 2
9726 2
9727 2
9728 2
9729 2
9730 2
9731 2
9732 2
9733 2
9734 2
9735 2
9736 2
9737 2
9738 2
9739 2
9740 2
9741 2
9742 2
9743 2
9744 2
9745 2
9746 2
9747 2
9748 2
9749 2
9750 2
9751 2
9752 2
9753 2
9754 2
9755 2
9756 2
9757 2
9758 2
9759 2
9760 2
9761 2
9762 2
9763 2
9764 2
9765 2
9766 2
9767 2
9768 2
9769 2
9770 2
9771 2
9772 2
9773 2
9774 2
9775 2
9776 2
9777 2
9778 2
9779 2
9780 2
9781 2
9782 2
9783 2
9784 2
9785 2
9786 2
9787 2
9788 2
9789 2
9790 2
9791 2
9792 2
9793 2
9794 2
9795 2
9796 2
9797 2
9798 2
9799 2
9800 2
9801 3
9802 3
9803 3
9804 3
9805 3
9806 3
9807 3
9808 3
9809 3
9810 3
9811 3
9812 3
9813 3
9814 3
9815 3
9816 3
9817 3
9818 3
9819 3
9820 3
9821 3
9822 3
9823 3
9824 3
9825 3
9826 3
9827 3
9828 3
9829 3
9830 3
9831 3
9832 3
9833 3
9834 3
9835 3
9836 3
9837 3
9838 3
9839 3
9840 3
9841 3
9842 3
9843 3
9844 3
9845 3
9846 3
9847 3
9848 3
9849 3
9850 3
9851 3
9852 3
9853 3
9854 3
9855 3
9856 3
9857 3
9858 3
9859 3
9860 3
9861 3
9862 3
9863 3
9864 3
9865 3
9866 3
9867 3
9868 3
9869 3
9870 3
9871 3
9872 3
9873 3
9874 2
9875 2
9876 2
9877 2
9878 2
9879 2
9880 2
9881 2
9882 2
9883 2
9884 2
9885 2
9886 2
9887 2
9888 2
9889 2
9890 2
9891 2
9892 2
9893 2
9894 2
9895 2
9896 2
9897 2
9898 2
9899 2
9900 2
9901 3
9902 3
9903 3
9904 3
9905 3
9906 3
9907 3
9908 3
9909 3
9910 3
9911 3
9912 3
9913 3
9914 3
9915 3
9916 3
9917 3
9918 3
9919 3
9920 3
9921 3
9922 3
9923 3
9924 3
9925 3
9926 3
9927 3
9928 3
9929 3
9930 3
9931 3
9932 3
9933 3
9934 3
9935 3
9936 3
9937 3
9938 3
9939 3
9940 3
9941 3
9942 3
9943 3
9944 3
9945 3
9946 3
9947 3
9948 3
9949 3
9950 3
9951 3
9952 3
9953 3
9954 3
9955 3
9956 3
9957 3
9958 3
9959 3
9960 3
9961 3
9962 3
9963 3
9964 3
9965 3
9966 3
9967 3
9968 3
9969 3
9970 3
9971 3
9972 3
9973 3
9974 3
9975 3
9976 3
9977 3
9978 3
9979 3
9980 3
9981 3
9982 3
9983 3
9984 3
9985 3
9986 3
9987 3
9988 3
9989 3
9990 3
9991 3
9992 3
9993 3
9994 2
9995 2
9996 2
9997 2
9998 2
9999 2
10000 2
10001 2
10002 2
10003 2
10004 2
10005 2
10006 2
10007 2
10008 2
10009 2
10010 2
10011 2
10012 2
10013 2
10014 2
10015 2
10016 2
10017 2
10018 2
10019 1
10020 0
10021 0
10022 0
10023 0
10024 0
10025 0
10026 0
10027 0
10028 0
10029 0
10030 0
10031 0
10032 0
10033 0
10034 0
10035 0
10036 0
10037 0
10038 0
10039 0
10040 0
10041 0
10042 0
10043 0
10044 0
10045 0
10046 0
10047 0
10048 0
10049 0
10050 0
10051 0
10052 0
10053 0
10054 0
10055 0
10056 0
10057 0
10058 0
10059 0
10060 0
10061 0
10062 0
10063 0
10064 0
10065 0
10066 0
10067 0
10068 0
10069 0
10070 0
10071 0
10072 0
10073 0
10074 0
10075 0
10076 0
10077 0
10078 0
10079 0
10080 0
10081 0
10082 0
10083 0
10084 0
10085 0
10086 0
10087 0
10088 0
10089 0
10090 0
10091 0
10092 0
10093 0
10094 0
10095 0
10096 0
10097 0
10098 0
10099 0
10100 0
10101 0
10102 0
10103 0
10104 0
10105 0
10106 0
10107 0
10108 0
10109 0
10110 0
10111 0
10112 0
10113 0
10114 0
10115 0
10116 0
10117 0
10118 0
10119 0
10120 0
10121 0
10122 0
10123 0
10124 0
10125 0
10126 0
10127 0
10128 0
10129 0
10130 0
10131 0
10132 0
10133 0
10134 0
10135 0
10136 0
10137 0
10138 0
10139 0
10140 0
10141 0
10142 0
10143 0
10144 0
10145 0
10146 0
10147 0
10148 0
10149 0
10150 0
10151 0
10152 0
10153 0
10154 0
10155 0
10156 0
10157 0
10158 0
10159 0
10160 0
10161 0
10162 0
10163 0
10164 0
10165 0
10166 0
10167 0
10168 0
10169 0
10170 0
10171 0
10172 0
10173 0
10174 0
10175 0
10176 0
10177 0
10178 0
10179 0
10180 0
10181 0
10182 0
10183 0
10184 0
10185 0
10186 0
10187 0
10188 0
10189 0
10190 0
10191 0
10192 0
10193 0
10194 0
10195 0
10196 0
10197 0
10198 0
10199 0
10200 0
10201 0
10202 0
10203 0
10204 0
10205 0
10206 0
10207 0
10208 0
10209 0
10210 0
10211 0
10212 0
10213 0
10214 0
10215 0
10216 0
10217 0
10218 0
10219 0
10220 0
10221 0
10222 0
10223 0
10224 0
10225 0
10226 0
10227 0
10228 0
10229 0
10230 0
10231 0
10232 0
10233 0
10234 0
10235 0
10236 0
10237 0
10238 0
10239 0
10240 0
10241 0
10242 0
10243 0
10244 0
10245 0
10246 0
10247 0
10248 0
10249 0
10250 0
10251 0
10252 0
10253 0
10254 0
10255 0
10256 0
10257 0
10258 0
10259 0
10260 0
10261 0
10262 0
10263 0
10264 0
10265 0
10266 0
10267 0
10268 0
10269 0
10270 0
10271 0
10272 0
10273 0
10274 0
10275 0
10276 0
10277 0
10278 0
10279 0
10280 0
10281 0
10282 0
10283 0
10284 0
10285 0
10286 0
10287 0
10288 0
10289 0
10290 0
10291 0
10292 0
10293 0
10294 0
10295 0
10296 0
10297 0
10298 0
10299 0
10300 0
10301 0
10302 0
10303 0
10304 0
10305 0
10306 0
10307 0
10308 0
10309 0
10310 0
10311 0
10312 0
10313 0
10314 0
10315 0
10316 0
10317 0
10318 0
10319 0
10320 0
10321 0
10322 0
10323 0
10324 0
10325 0
10326 0
10327 0
10328 0
10329 0
10330 0
10331 0
10332 0
10333 0
10334 0
10335 0
10336 0
10337 0
10338 0
10339 0
10340 0
10341 0
10342 0
10343 0
10344 0
10345 0
10346 0
10347 0
10348 0
10349 0
10350 0
10351 0
10352 0
10353 0
10354 0
10355 0
10356 0
10357 0
10358 0
10359 0
10360 0
10361 0
10362 0
10363 0
10364 0
10365 0
10366 0
10367 0
10368 0
10369 0
10370 0
10371 0
10372 0
10373 0
10374 0
10375 0
10376 0
10377 0
10378 0
10379 0
10380 0
10381 0
10382 0
10383 0
10384 0
10385 0
10386 0
10387 0
10388 0
10389 0
10390 0
10391 0
10392 0
10393 0
10394 0
10395 0
10396 0
10397 0
10398 0
10399 0
10400 0
10401 0
10402 0
10403 0
10404 0
10405 0
10406 0
10407 0
10408 0
10409 0
10410 0
10411 0
10412 0
10413 0
10414 0
10415 0
10416 0
10417 0
10418 0
10419 0
10420 0
10421 0
10422 0
10423 0
10424 0
10425 0
10426 0
10427 0
10428 0
10429 0
10430 0
10431 0
10432 0
10433 0
10434 0
10435 0
10436 0
10437 0
10438 0
10439 0
10440 0
10441 0
10442 0
10443 0
10444 0
10445 0
10446 0
10447 0
10448 0
10449 0
10450 0
10451 0
10452 0
10453 0
10454 0
10455 0
10456 0
10457 0
10458 0
10459 0
10460 0
10461 0
10462 0
10463 0
10464 0
10465 0
10466 0
10467 0
10468 0
10469 0
10470 0
10471 0
10472 0
10473 0
10474 0
10475 0
10476 0
10477 0
10478 0
10479 0
10480 0
10481 0
10482 0
10483 0
10484 0
10485 0
10486 0
10487 0
10488 0
10489 0
10490 0
10491 0
10492 0
10493 0
10494 0
10495 0
10496 0
10497 0
10498 0
10499 0
10500 0
10501 0
10502 0
10503 0
10504 0
10505 0
10506 0
10507 0
10508 0
10509 0
10510 0
10511 0
10512 0
10513 0
10514 0
10515 0
10516 0
10517 0
10518 0
10519 0
10520 0
10521 0
10522 0
10523 0
10524 0
10525 0
10526 0
10527 0
10528 0
10529 0
10530 0
10531 0
10532 0
10533 0
10534 0
10535 0
10536 0
10537 0
10538 0
10539 0
10540 0
10541 0
10542 0
10543 0
10544 0
10545 0
10546 0
10547 0
10548 0
10549 0
10550 0
10551 0
10552 0
10553 0
10554 0
10555 0
10556 0
10557 0
10558 0
10559 0
10560 0
10561 0
10562 0
10563 0
10564 0
10565 0
10566 0
10567 0
10568 0
10569 0
10570 0
10571 0
10572 0
10573 0
10574 0
10575 0
10576 0
10577 0
10578 0
10579 0
10580 0
10581 0
10582 0
10583 0
10584 0
10585 0
10586 0
10587 0
10588 0
10589 0
10590 0
10591 0
10592 0
10593 0
10594 0
10595 0
10596 0
10597 0
10598 0
10599 0
10600 0
10601 0
10602 0
10603 0
10604 0
10605 0
10606 0
10607 0
10608 0
10609 0
10610 0
10611 0
10612 0
10613 0
10614 0
10615 0
10616 0
10617 0
10618 0
10619 0
10620 0
10621 0
10622 0
10623 0
10624 0
10625 0
10626 0
10627 0
10628 0
10629 0
10630 0
10631 0
10632 0
10633 0
10634 0
10635 0
10636 0
10637 0
10638 0
10639 0
10640 0
10641 0
10642 0
10643 0
10644 0
10645 0
10646 0
10647 0
10648 0
10649 0
10650 0
10651 0
10652 0
10653 0
10654 0
10655 0
10656 0
10657 0
10658 0
10659 0
10660 0
10661 0
10662 0
10663 0
10664 0
10665 0
10666 0
10667 0
10668 0
10669 0
10670 0
10671 0
10672 0
10673 0
10674 0
10675 0
10676 0
10677 0
10678 0
10679 0
10680 0
10681 0
10682 0
10683 0
10684 0
10685 0
10686 0
10687 0
10688 0
10689 0
10690 0
10691 0
10692 0
10693 0
10694 0
10695 0
10696 0
10697 0
10698 0
10699 0
10700 0
10701 0
10702 0
10703 0
10704 0
10705 0
10706 0
10707 0
10708 0
10709 0
10710 0
10711 0
10712 0
10713 0
10714 0
10715 0
10716 0
10717 0
10718 0
10719 0
10720 0
10721 0
10722 0
10723 0
10724 0
10725 0
10726 0
10727 0
10728 0
10729 0
10730 0
10731 0
10732 0
10733 0
10734 0
10735 0
10736 0
10737 0
10738 0
10739 0
10740 0
10741 0
10742 0
10743 0
10744 0
10745 0
10746 0
10747 0
10748 0
10749 0
10750 0
10751 0
10752 0
10753 0
10754 0
10755 0
10756 0
10757 0
10758 0
10759 0
10760 0
10761 0
10762 0
10763 0
10764 0
10765 0
10766 0
10767 0
10768 0
10769 0
10770 0
10771 0
10772 0
10773 0
10774 0
10775 0
10776 0
10777 0
10778 0
10779 0
10780 0
10781 0
10782 0
10783 0
10784 0
10785 0
10786 0
10787 0
10788 0
10789 0
10790 0
10791 0
10792 0
10793 0
10794 0
10795 0
10796 0
10797 0
10798 0
10799 0
10800 0
10801 0
10802 0
10803 0
10804 0
10805 0
10806 0
10807 0
10808 0
10809 0
10810 0
10811 0
10812 0
10813 0
10814 0
10815 0
10816 0
10817 0
10818 0
10819 0
10820 0
10821 0
10822 0
10823 0
10824 0
10825 0
10826 0
10827 0
10828 0
10829 0
10830 0
10831 0
10832 0
10833 0
10834 0
10835 0
10836 0
10837 0
10838 0
10839 0
10840 0
10841 0
10842 0
10843 0
10844 0
10845 0
10846 0
10847 0
10848 0
10849 0
10850 0
10851 0
10852 0
10853 0
10854 0
10855 0
10856 0
10857 0
10858 0
10859 0
10860 0
10861 0
10862 0
10863 0
10864 0
10865 0
10866 0
10867 0
10868 0
10869 0
10870 0
10871 0
10872 0
10873 0
10874 0
10875 0
10876 0
10877 0
10878 0
10879 0
10880 0
10881 0
10882 0
10883 0
10884 0
10885 0
10886 0
10887 0
10888 0
10889 0
10890 0
10891 0
10892 0
10893 0
10894 0
10895 0
10896 0
10897 0
10898 0
10899 0
10900 0
10901 0
10902 0
10903 0
10904 0
10905 0
10906 0
10907 0
10908 0
10909 0
10910 0
10911 0
10912 0
10913 0
10914 0
10915 0
10916 0
10917 0
10918 0
10919 0
10920 0
10921 0
10922 0
10923 0
10924 0
10925 0
10926 0
10927 0
10928 0
10929 0
10930 0
10931 0
10932 0
10933 0
10934 0
10935 0
10936 0
10937 0
10938 0
10939 0
10940 0
10941 0
10942 0
10943 0
10944 0
10945 0
10946 0
10947 0
10948 0
10949 0
10950 0
10951 0
10952 0
10953 0
10954 0
10955 0
10956 0
10957 0
10958 0
10959 0
10960 0
10961 0
10962 0
10963 0
10964 0
10965 0
10966 0
10967 0
10968 0
10969 0
10970 0
10971 0
10972 0
10973 0
10974 0
10975 0
10976 0
10977 0
10978 0
10979 0
10980 0
10981 0
10982 0
10983 0
10984 0
10985 0
10986 0
10987 0
10988 0
10989 0
10990 0
10991 0
10992 0
10993 0
10994 0
10995 0
10996 0
10997 0
10998 0
10999 0
11000 0
11001 0
