timeStep pedestrianId x-PID4 y-PID4
1 1 1.3549703136685336 7.729530729879666
2 1 1.8133931171390225 7.613766360010158
3 1 2.9982668408508273 7.314506091238415
4 1 4.689994048873704 6.8873303611072485
5 1 6.774584457763511 6.659069158725331
6 1 8.767683120537697 6.3685606021659575
7 1 9.692841897175684 5.497766176225482
8 1 9.64668809069005 4.310835096337579
9 1 8.001613682525292 3.384448877845831
10 1 5.66873798697282 3.261178798438063
11 1 3.146492913248279 3.245648507632095
12 1 1.8999662205039418 3.241674422565374
13 2 1.3623439375449593 7.093252404050834
14 2 2.6914941950548426 6.873692781630898
15 2 4.602753134318963 6.7086566073816325
16 2 6.927547959633845 6.6468352053467425
17 2 9.005332394270129 6.24459190094231
18 2 9.769156106701628 5.141578540729892
19 2 9.215472140014105 3.8679483849104255
20 2 6.9249280378134435 3.315370726581528
21 2 4.260011241028597 3.2496316587209932
22 2 1.9305665390152553 3.242683700071266
24 3 2.114070537083927 7.81933762850585
25 3 4.185422791816304 7.206251313334087
26 3 7.198650028281184 6.629930041522118
27 3 9.532073201226801 5.729875482230831
28 3 9.194121429146918 3.850457519057697
29 3 5.589038214359663 3.2580237087652746
30 3 1.930685473867074 3.2425648835879666
35 4 1.9628566668070153 7.102401556988454
36 4 2.737781246161978 6.961773776508215
37 4 3.8441938294476774 6.76106707403719
38 4 5.200460498364576 6.705817621807188
39 4 6.722966649598032 6.659672454369212
40 4 8.209470529625683 6.546007503747992
41 4 9.21186290237206 6.120542629379432
42 4 9.704634950379694 5.473106547480347
43 4 9.76181493609132 4.678385333074333
44 4 9.303262873709462 3.9509788260377814
45 4 8.107653937361546 3.4053473937113794
46 4 6.579937273952989 3.2978923679854546
46 5 1.9651763611031188 6.713875109591608
47 4 4.936515698120067 3.2516175989719773
47 5 3.640224682325649 6.705394949026304
48 4 3.21432739429608 3.2451622333048236
48 5 6.032162714608897 6.695797421264242
49 4 1.9312866490920293 3.242299722059664
49 5 8.629241891459372 6.430855824331541
50 5 9.766657662448374 5.225724242707231
51 5 8.923171451408132 3.7064582121073766
52 5 6.004328500398063 3.2693215736498127
53 5 2.701015116241704 3.2442484163483827
54 5 1.8756580873371453 3.240496165458883
57 6 2.210923881885132 6.716214412596616
58 6 4.336680692510771 6.709082766828714
59 6 7.35902132285023 6.619633329195141
60 6 9.559354539696724 5.694503541862608
61 6 9.186866683160257 3.8453515668481
62 6 5.6506593347229614 3.2591925951060046
63 6 1.9396515385287416 3.242688780065649
68 7 2.0126905138294937 7.397711361104943
69 7 3.373834758686699 7.088184692209082
70 7 5.325423520960045 6.705173077400496
71 7 7.694577554915976 6.597188094756975
72 7 9.36235842178351 5.964987583063795
73 7 9.762161777770757 4.699026553799224
74 7 8.463709194484933 3.5324961287566814
75 7 5.909801441098903 3.2645983330312585
76 7 3.0881694336175896 3.245100694560082
77 7 1.890416511475863 3.2411679673900307
79 8 1.6474622196940523 8.748494180811305
80 8 2.2229434699516912 8.512772779906776
81 8 3.044594896921648 8.176240176081551
82 8 4.0379985997312176 7.769387668279658
83 8 5.151059207937256 7.313057739244511
84 8 6.347683660103263 6.8224085153069645
85 8 7.640826195233073 6.601601766804596
86 8 8.713392469257968 6.394954986215793
87 8 9.360553067469384 5.967503715609193
88 8 9.714009079667225 5.455032907267856
89 8 9.763512330742486 4.791477502658407
90 8 9.615356628617192 4.272562290746208
90 9 1.3993603905376428 7.949190376247486
91 8 8.950664996106044 3.721621402294211
91 9 2.7720516163547138 7.558520183456509
92 8 7.8818461826855035 3.3716259071586125
92 9 4.731871030579042 7.000594761546008
93 8 6.638613562491749 3.300824759937978
93 9 7.164982943845776 6.631020279362208
94 8 5.3167723591484854 3.2545611994643004
94 9 9.17693811025901 6.142641050677629
95 8 3.9398711351155216 3.2470095589962558
95 9 9.764204935061246 4.841542405936742
96 8 2.525203821765938 3.24379415746954
96 9 8.673136907650504 3.612364456633353
97 8 1.917550739469993 3.2419325467276043
97 9 6.08757631245377 3.2733007467945536
98 9 3.2098388798603197 3.24542655115043
99 9 1.8917411261072923 3.2412301079327035
101 10 1.2623390557255807 8.775040896265162
102 10 2.065432538205997 8.45862442524814
103 10 3.2130396093932867 8.009246383566447
104 10 4.600609481964104 7.4661618529967795
105 10 6.155422675290809 6.857258462334973
106 10 7.858954013627473 6.585568924625201
107 10 9.121002981143672 6.181187026817069
108 10 9.695846216139593 5.492984107816656
109 10 9.758857014601187 4.627507199180047
110 10 9.136410364664483 3.8103900287971926
111 10 7.667453565210244 3.3578114516311417
112 10 5.952469939805587 3.266896968890296
113 10 4.124233520387097 3.248224930995287
113 11 1.5310491209815886 6.712728618992829
114 10 2.2184030670139214 3.243560941835008
114 11 3.2393999945034677 6.7124107925104415
115 10 1.8965820759832097 3.241399592109733
115 11 5.678874989093694 6.7007255328078665
116 11 8.419720222665163 6.489682710526606
117 11 9.747533375990374 5.358846048276515
118 11 9.017993907470096 3.7452444838298007
119 11 6.041132796227414 3.270953506873365
120 11 2.667018590588958 3.244434666160633
121 11 1.8744594280057152 3.2405343124730965
124 12 2.3451758785493864 7.991133227925526
125 12 3.8823838993023516 7.477130403926161
126 12 6.077118371710998 6.743220754439576
127 12 8.586232228695863 6.443796961181574
128 12 9.753644783619903 5.330868492650638
129 12 9.134491262271327 3.8075092116453995
130 12 6.368527121654946 3.2874050510895194
131 12 3.192743217622784 3.246359130978409
132 12 1.8844863942663848 3.2413042677291166
135 13 1.7908567468642607 6.673118083648584
136 13 3.5429604369073346 6.710136146105635
137 13 6.052770410299316 6.696608595647178
138 13 8.73349480568547 6.3847371010505
139 13 9.766968620367056 5.036398221548656
140 13 8.541603819961084 3.5617082253553423
141 13 5.393798797999127 3.2576933995352717
142 13 1.9838786796689725 3.2435186583003146
146 14 2.1771626450659576 7.094704241640844
147 14 3.303480051285621 6.8848631197793475
148 14 4.924331124713949 6.706997078952286
149 14 6.901033053085558 6.649289710952732
150 14 8.752971834096066 6.375875749069471
151 14 9.650263847618483 5.569561320099833
152 14 9.73149735724347 4.490795530128857
153 14 8.447025578579776 3.5262348708586013
154 14 6.334054169692043 3.285583091027257
155 14 4.00446321676617 3.248688386761764
156 14 1.9382794176333258 3.2429070456712585
157 15 1.6554738871725927 6.718042595114884
158 15 3.1081042008327806 6.714241620180642
159 15 5.183427369815635 6.704216451140511
160 15 7.655817691655832 6.599192724527688
161 15 9.385881317646191 5.9318346626047935
162 15 9.758709819805242 4.631861202029677
163 15 8.219822293570903 3.441071529112405
164 15 5.513242579499214 3.2567045621029895
165 15 2.556554600105195 3.2444839617283208
166 15 1.8798721550130524 3.2409101391303787
168 16 1.2645065208674977 6.6928968630373635
169 16 2.7335818062226416 6.714084482081552
170 16 4.8339056101227955 6.704453660299295
171 16 7.360122262889789 6.620254967856085
172 16 9.281984831813224 6.058935648252476
173 16 9.762097146595426 4.707664239104643
174 16 8.339793321931456 3.4860008611385807
175 16 5.612952617330357 3.2584031957094988
176 16 2.6231694494029245 3.244489363870012
177 16 1.879752625272174 3.2408640691288872
179 17 1.7310023728006974 7.419413397885568
180 17 3.1312344247137 7.10944867639207
181 17 5.136439762505758 6.7075260834906425
182 17 7.596234741630234 6.602999721430065
183 17 9.350479601340876 5.980135624727202
184 17 9.76156462730423 4.680452843822538
185 17 8.354484948230748 3.4915258213863893
186 17 5.704881878064803 3.2606513580984218
187 17 2.7944551543237113 3.244755026116877
188 17 1.8839632640532777 3.2410101065203487
190 18 1.6305243293164335 8.062304528721006
191 18 3.4036606742682975 7.512036725094262
192 18 5.9372075387848025 6.732931879212807
193 18 8.769745399786675 6.367606969910438
194 18 9.765828654289379 4.9011804586034575
195 18 8.154752375773668 3.4187599650168448
196 18 4.740154151247812 3.2515263912837247
197 18 1.9130512314067474 3.2420207703063713
201 19 2.6980487175408934 6.906942651779189
202 19 5.102492481616552 6.705425975281243
203 19 8.362090656894422 6.5049954037209075
204 19 9.765103459814002 4.902510343414442
205 19 7.476567634986609 3.345279318752279
206 19 3.1665701226745258 3.24593718117006
207 19 1.8663756939560474 3.240225570248732
213 20 2.235738361997283 8.21311159689505
214 20 3.5563808240157204 7.73317098174861
215 20 5.441946738336049 7.0479839461352505
216 20 7.76450199847989 6.592336052853762
217 20 9.396553369522124 5.91799571726098
218 20 9.761069041582392 4.65728535181187
219 20 8.356818664278704 3.492415944957619
220 20 5.765631201235969 3.261847981559368
221 20 2.917038345978043 3.2449536608337977
222 20 1.8870417206177912 3.2411191899423177
224 21 2.3715436636305967 8.503814921196
225 21 4.467661479784921 7.628013709519373
226 21 7.498900344942148 6.611190625982903
227 21 9.659161967816875 5.556370453282207
228 21 8.670194237667346 3.6101490314435063
229 21 4.7400462030081485 3.2521870283136116
230 21 1.8936107003398899 3.2414636497159544
235 22 1.3309292528489907 6.852773640853153
236 22 2.4717499753554777 6.720661635546135
237 22 4.112026011417519 6.710951970061042
238 22 6.094517681322624 6.697616469309585
239 22 8.174292343647398 6.55414014362693
240 22 9.4478543343348 5.846824680663664
241 22 9.763228766240932 4.763196981581518
242 22 8.971091624136882 3.7256205254077024
243 22 6.939320517482118 3.316051087438789
244 22 4.637082673068138 3.2513377956255116
245 22 2.1911944355357478 3.243909884015503
246 22 1.8845193639091489 3.241146617189273
246 23 1.7130433425703073 8.697486049955756
247 23 2.6769404575077935 8.30620602130548
248 23 4.053085089248359 7.74740785996027
249 23 5.716727032750218 7.071445703546143
250 23 7.620613887207889 6.603183661478698
251 23 9.127866498767395 6.1771413578983045
252 23 9.754716617623286 5.326649775633961
253 23 9.644250260021785 4.311993312750793
254 23 8.30082094467925 3.4715027861622807
255 23 6.335330660840835 3.2856481792810426
256 23 4.1933920077117 3.249737764979552
257 23 2.0061276329697106 3.2435461837963824
257 24 2.124135519197891 7.545336441289267
258 24 3.143606135774346 7.286303786210304
259 24 4.599060974297211 6.9160951860050455
260 24 6.389291481289396 6.681211310599573
261 24 8.260776494138458 6.531426819334432
262 24 9.412894102771952 5.895970942900673
263 24 9.765528054498008 4.902466162434196
264 24 9.304724262022493 3.9524240911092634
265 24 7.63674468136543 3.3552017507965197
266 24 5.579953332596922 3.2596786457880835
267 24 3.3754232456386086 3.246432118082276
268 24 1.916657055564862 3.242315436136452
268 25 1.8271892495978619 6.717266150514759
269 25 4.289561332551291 6.708290746061378
270 25 7.759833840117701 6.591460227790953
271 25 9.766421592290756 5.2585705626851285
272 25 7.87820249231228 3.3723678358392264
273 25 3.4859148097603248 3.2467220898304414
274 25 1.8683788839607596 3.2403164807000064
279 26 1.4280409548292823 6.664833802828488
280 26 2.866977360422338 6.714948380905513
281 26 4.933256900733655 6.706344589162455
282 26 7.414984172744659 6.616222075639599
283 26 9.285556188235327 6.056001898884483
284 26 9.762673063750045 4.724985807274992
285 26 8.424536264120706 3.5177633485245936
286 26 5.760570053141331 3.261859988559198
287 26 2.8276133453129044 3.2447780754152578
288 26 1.8840141795610692 3.2409948240178137
290 27 2.153007130259485 8.560411139439653
291 27 4.448042933138123 7.613583714976385
292 27 7.771412071381798 6.590736754360377
293 27 9.765699605689523 5.22438253595925
294 27 7.784041897433666 3.365193262302165
295 27 3.3385798796016815 3.2464870493365034
296 27 1.8664885993867448 3.2402512939430617
301 28 2.1920381145939314 7.17393481117058
302 28 4.368211241424592 6.741960946438121
303 28 7.5256827251002365 6.608814569977685
304 28 9.643629937675566 5.578905531210348
305 28 8.808186261968343 3.66267975482758
306 28 5.001688934094584 3.255107638109473
307 28 1.9034679232589027 3.242370580409369
313 29 1.6656607819509561 8.671362069260054
314 29 3.8402312128034897 7.802747750606564
315 29 6.964527626040105 6.647056399178329
316 29 9.556226908809917 5.6991419980763665
317 29 8.848297356892834 3.678427232899507
318 29 4.794280627257854 3.252527893445347
319 29 1.8914339542930487 3.241370141142963
324 30 1.40523762175274 6.6957253646985055
325 30 2.2854660944199185 6.716162417752125
326 30 3.5435991086547065 6.712644395686731
327 30 5.065042800069617 6.705621428148893
328 30 6.766282570503188 6.658473441108075
329 30 8.395222760842266 6.495948664304622
330 30 9.379469007231275 5.941712190838506
331 30 9.769948778804622 5.12183973021967
332 30 9.644153277362406 4.307402446987218
333 30 8.55940185918583 3.568390479318517
334 30 6.92961493374364 3.315586517528567
335 30 5.12587163245839 3.2530873393685096
335 31 1.362119795487852 7.83587736337007
336 30 3.2233611764036905 3.245211263323867
336 31 2.8408351678072434 7.440160620164617
337 30 1.926026614907317 3.2421166332176643
337 31 4.952127406215736 6.875382726503281
338 31 7.549928366786929 6.607417240700752
339 31 9.398614619804304 5.909045689111349
340 31 9.742790550467639 4.537951284114705
341 31 7.868839065725259 3.370775810685159
342 31 4.963481395433967 3.253237326675869
343 31 1.9669137526421436 3.243945313738793
346 32 1.0935265557808227 8.782579941062629
347 32 1.8282045929753103 8.512960292946186
348 32 2.8719415483763515 8.110523563586831
349 32 4.133713209000938 7.623633005987717
350 32 5.5476939082505865 7.078057987157826
351 32 7.105966739944376 6.6360846219751295
352 32 8.549103331046336 6.454291231272416
353 32 9.397561783181706 5.914447617811908
354 32 9.770352096036845 5.205284148686814
355 32 9.724661244499142 4.469631192338209
356 32 8.981394686248658 3.7303116088989663
357 32 7.610217299177856 3.3526850882913215
357 33 2.3875743273076413 6.7120463851609244
358 32 6.036873925567757 3.2706677535268582
358 33 4.624927795736285 6.69825537810011
359 32 4.36593022083282 3.2485319656812948
359 33 7.776807564169627 6.590657003962847
360 32 2.627978707041013 3.2439695802320148
360 33 9.71314691107448 5.456772310516108
361 32 1.9094098642113218 3.2417011258271646
361 33 8.538380975217905 3.560508402139891
362 33 4.6643291196546315 3.2524565500019813
363 33 1.8940631492170374 3.241576064194404
368 34 2.3080569101279274 7.625926964515286
369 34 4.57008425854611 7.004991782100035
370 34 7.822752629112215 6.587770904736207
371 34 9.75167204165451 5.341560533152779
372 34 8.195766754820887 3.432325984933743
373 34 4.0549046589355004 3.24959236666487
374 34 1.8781385743453445 3.241013316773158
379 35 1.9631311584528912 8.707534399089223
380 35 3.3384706749407504 8.126122978782176
381 35 5.302000335295543 7.2957465358233895
382 35 7.71153721864331 6.596422773597821
383 35 9.436200738831118 5.86281979960155
384 35 9.74311779522092 4.53454602514494
385 35 7.9426273013331805 3.378566664495782
386 35 5.120968144659754 3.252824448293452
387 35 2.067470267391033 3.2439125707776477
390 36 1.8340865945669307 7.880789243956216
391 36 3.3276032850763597 7.4433843195268565
392 36 5.4599575372170275 6.818826626252663
393 36 8.029157103647377 6.572286407683866
394 36 9.579950986463393 5.665227387251396
395 36 9.587759971576286 4.236164597479939
396 36 7.303720422163058 3.334975443524863
397 36 4.3135287650631575 3.249499746222213
398 36 1.9163221557909504 3.2421991900487233
402 37 1.2286296850329343 7.687872939334487
403 37 1.5577715075415133 7.6081707469315205
404 37 2.0276522648660795 7.494159775960184
405 37 2.595738197885829 7.356275914577012
406 37 3.2323574291794377 7.201811040423837
407 37 3.916757753822691 7.035640793636948
408 37 4.634527556815319 6.861444050240023
409 37 5.380258728326564 6.708465083532713
410 37 6.158720791879186 6.694492387426156
411 37 6.9452521446168625 6.647182045961148
412 37 7.702713263696106 6.595760438571705
413 37 8.348847001583714 6.5068768317766645
413 38 1.5000493293721004 6.717255291725028
414 37 8.87053552177348 6.31430242357893
414 38 3.010407861552898 6.7147374499068295
415 37 9.210573826392247 6.121584604648334
415 38 5.1674622246691495 6.704858329446523
416 37 9.467498319124115 5.825514383090113
416 38 7.679199671683365 6.602119538454392
417 37 9.732588167564735 5.4300648131369655
417 38 8.535617564277018 6.471240154808266
418 37 9.773619582888463 4.840787032431152
418 38 8.974409308951016 6.278530422792303
419 37 9.677767967313201 4.344539052447167
419 38 9.231389341873466 6.119992317854221
420 37 9.239941007002438 3.8817696065686
420 38 9.53992036193589 5.740538728213904
421 37 8.60478198680937 3.583118137781277
421 38 9.77369802180519 5.248489609914204
422 37 7.896771251841236 3.3722534424711936
422 38 9.747799166632781 4.545340051590193
423 37 7.133070022935935 3.3257759689454343
423 38 9.012157005196347 3.742127005016057
424 37 6.352984082449142 3.2864803939027345
424 38 7.985949472512279 3.383520857458887
424 39 1.3668155659291374 7.218911387138663
425 37 5.561403186837377 3.257588778412443
425 38 7.0991752620472575 3.3229997934862907
425 39 2.4054402350334194 7.029271524757579
426 37 4.761508928538785 3.250435503102972
426 38 6.298841647064377 3.2794744024848197
426 39 3.8883061553865113 6.758340940962261
427 37 3.9561816159904484 3.2470719247067996
427 38 5.506562633912491 3.2516435151926113
427 39 5.7131832337133766 6.693735097980427
428 37 3.1470784189144885 3.2449758276189904
428 38 4.707642143988766 3.2458333127235197
428 39 7.718864461961735 6.593394832268018
429 37 2.3353426077827066 3.2434911702924003
429 38 3.9014325837415 3.2425605112378255
429 39 9.185442178097079 6.139147388677077
430 37 1.9375334598209122 3.2423954856829593
430 38 3.219350638180584 3.239588951105257
430 39 9.768356489249507 5.206153851981849
431 38 1.9243784725894786 3.2385359972570127
431 39 9.541974357928655 4.186843528782477
432 39 8.07056393990023 3.396737995893488
433 39 6.040181995278562 3.2709527243473002
434 39 3.8498919679164056 3.247118588067829
435 39 1.9426015265993126 3.242558020975879
435 40 1.6171714376785378 6.888869792994217
436 40 2.543964911451058 6.757215656498016
437 40 3.8784537603796707 6.7117989065385135
438 40 5.494499869577959 6.702954630086481
439 40 7.294665941716208 6.624695044545367
440 40 8.834645595361732 6.3330821179675345
441 40 9.59906269451096 5.640349131108785
442 40 9.762824125065583 4.731278229322901
443 40 9.221762229641797 3.873408655049567
444 40 7.6759572892929775 3.357273796960952
445 40 5.830705526530441 3.263131628220822
446 40 3.858319618885868 3.2470801277989954
446 41 2.337396108815053 8.46123870704884
447 40 1.964182571743092 3.242839219526176
447 41 4.343217440697373 7.641347728063933
448 41 7.244939183543348 6.629181761316206
449 41 9.55106152853746 5.705325293987301
450 41 9.145420786145122 3.8146962422823942
451 41 5.500287299171339 3.256981302117745
452 41 1.9270610252907918 3.2425267452094
457 42 1.4073970439708245 6.708466265249401
458 42 2.9286625530326 6.713999250409658
459 42 5.1016495581442385 6.70517151142976
460 42 7.6887339159494 6.596807697033392
461 42 9.446285218209203 5.849871619899533
462 42 9.732046051270578 4.492228702824973
463 42 7.804639365178265 3.367928804083389
464 42 4.916096659029334 3.2526538903819358
465 42 1.9661379338319205 3.2437504073447285
468 43 1.7379146588749255 7.353472213692416
469 43 2.3855803810997442 7.216220059213741
470 43 3.3102619579102828 7.020147857747592
471 43 4.428192676394379 6.782952582449152
472 43 5.7022413903538105 6.7023708914513564
473 43 7.073584562717334 6.63899342987104
474 43 8.333595713871848 6.512859481702613
475 43 9.183742906587216 6.140486241981576
476 43 9.633854220325697 5.592542098193939
477 43 9.763145515711901 4.914173169315062
478 43 9.680431037488226 4.366742926632575
479 43 9.034018333125264 3.7536093077117516
479 44 1.1223102855697658 7.303495941635041
480 43 7.909229105984142 3.374896806074395
480 44 2.0979874062961072 7.126442159782662
481 43 6.594233700046865 3.2987196377265966
481 44 3.489494693114496 6.863548717438248
482 43 5.192814875754586 3.253500808071035
482 44 5.214679528694736 6.696589110344137
483 43 3.7311048428497378 3.246424455991038
483 44 7.129493443396298 6.6341688290316165
484 43 2.227949404947139 3.2433373813643827
484 44 8.803947739181915 6.348641909087923
485 43 1.9061498129850951 3.2416127634276855
485 44 9.61780013662299 5.612639641670564
486 44 9.760898564817127 4.6557931127788
487 44 8.992099943562346 3.7345137493190377
488 44 7.246880169595118 3.331938779752299
489 44 5.258568984994213 3.2543968723647154
490 44 3.146056993792226 3.2450672278997277
490 45 2.039322668728094 7.305902963593555
491 44 1.9128688556612876 3.2418271823565337
491 45 4.469900693469349 6.784539915756492
492 45 7.933163191124928 6.580277040463243
493 45 9.767770056540245 5.101194530605635
494 45 7.625956067084243 3.3547769852308194
495 45 3.168210634076077 3.245986378995353
496 45 1.8650194925148582 3.240143686494606
502 46 0.9565257049784497 9.09008397804756
503 46 1.570542070284986 8.67763781855799
504 46 2.573132513322731 8.281779439554166
505 46 3.785215793349672 7.802998652534404
506 46 5.1435128199613755 7.266503159190373
507 46 6.6047786213838 6.692653853479024
508 46 8.122784237509844 6.563906562654594
509 46 9.170148818594859 6.149968805301624
510 46 9.677220381870383 5.526171915919044
511 46 9.762862574909121 4.736406627751451
512 46 9.39901731008081 4.044927660365782
513 46 8.327472639122943 3.4815858719476713
513 47 1.9569732649256144 7.684397918598734
514 46 6.884970686442134 3.313741753473518
514 47 2.866287900571853 7.440078142085956
515 46 5.316076712096633 3.254063196057236
515 47 4.164526544245743 7.091116200794411
516 46 3.6694074404257893 3.2460929400196994
516 47 5.740469051163163 6.704116489898163
517 46 2.011248406914319 3.2428609908603954
517 47 7.541345946517402 6.606841076671597
518 47 8.991468658334373 6.251760593858557
519 47 9.660967408002152 5.553089928888373
520 47 9.759471254108371 4.633780372392869
521 47 9.040834925760139 3.755914391865265
522 47 7.406500801070676 3.3409320051431437
523 47 5.52996393166911 3.2573955306192586
524 47 3.532040844490197 3.245960831273378
524 48 1.6903484862938083 8.481474635764922
525 47 1.9340627292882457 3.2423300890045215
525 48 2.9772668480616264 8.000864916248243
526 48 4.814705854869841 7.314779459179368
527 48 7.075722466170384 6.638516272874783
528 48 9.101088604557727 6.192894292399344
529 48 9.767904056797459 5.000263967993497
530 48 9.018132351612309 3.747192027264118
531 48 6.598414300760421 3.298853448648743
532 48 3.857381737560148 3.2476683411603813
533 48 1.9119561743463502 3.242063653991329
535 49 2.4762731842266885 8.52707242307155
536 49 4.841398405639549 7.51331341166537
537 49 8.202276873454249 6.545112610440436
538 49 9.765019688314128 4.850956108243183
539 49 7.071624777315065 3.322810023623705
540 49 2.411513705829333 3.2445733572468867
541 49 1.8583257619067433 3.2397536773949636
546 50 2.2124186195759914 7.408703083455048
547 50 3.855180001610675 7.020474705643489
548 50 6.229402283281073 6.690642395578985
549 50 8.77337765353601 6.366170212855507
550 50 9.76886064750461 5.084447301383663
551 50 8.735971374110218 3.635233917400125
552 50 5.7618605323468355 3.260357337751501
553 50 2.4193252740942692 3.2439440678814258
554 50 1.8723575624635844 3.240401465823625
557 51 1.1718213886893327 8.594202459451777
558 51 1.8130437924790979 8.3664445443354
559 51 2.726480161775768 8.034587703949263
560 51 3.830834753757449 7.633337297268774
561 51 5.0684234181684165 7.183768822999026
562 51 6.399904077323809 6.703480527786635
563 51 7.827010519009875 6.588389810969201
564 51 8.928375501252816 6.284521968060873
565 51 9.509692746184495 5.7615619947343975
566 51 9.769909194328214 5.13805998914658
567 51 9.741970898013031 4.527035904270686
568 51 9.225422958375626 3.8767251507197225
568 52 1.6327728453141181 8.643153884774883
569 51 8.13902607090823 3.4140329078370777
569 52 3.3570018862022666 7.964574863794989
570 51 6.807500750686193 3.3094300563501506
570 52 5.818500472650743 6.99504522630061
571 51 5.378695144580445 3.2552192478629527
571 52 8.657904958906972 6.420367289568152
572 51 3.884092202215994 3.246837790356351
572 52 9.76220865284012 4.967614726140222
573 51 2.3443759118519445 3.243500062772392
573 52 8.248235964860097 3.4519117038230265
574 51 1.9082581663154352 3.241658352595162
574 52 4.849705460607338 3.2535212531216153
575 52 1.9173524457222357 3.2430605021796093
579 53 1.886881231114448 8.865456918677786
580 53 2.302793952730205 8.63476800890579
581 53 2.935919428218702 8.360005519136177
582 53 3.7013762177172214 8.027798653613946
583 53 4.559150843946261 7.655499217069071
584 53 5.481184032940353 7.254883661640837
585 53 6.448007816518551 6.83441837771867
586 53 7.487810842858534 6.611185630593764
587 53 8.404721802127778 6.493457260527902
588 53 9.081269356351518 6.201672983563214
589 53 9.460818645554276 5.82956419358807
590 53 9.707240393437537 5.46950568414093
590 54 1.458359925837858 6.714970911653658
591 53 9.764592781623001 4.943593423842281
591 54 2.761670702947817 6.715489310337158
592 53 9.751419829085618 4.571747546414625
592 54 4.62248269516997 6.70849115393173
593 53 9.489388356819779 4.132071380387333
593 54 6.871059255236692 6.640928772635531
594 53 8.955603461123019 3.718535294814887
594 54 8.93462946963042 6.279202424681572
595 53 8.130345842498311 3.4114538264472825
595 54 9.758363782309408 5.277555757815138
596 53 7.164655452194028 3.3274045233567575
596 54 9.356169267980494 4.002599640958828
597 53 6.135796715690602 3.275613917493224
597 54 7.844178713396285 3.3682811488428386
598 53 5.0645143184905335 3.2523822186308173
598 54 6.689173774642277 3.3012567352713345
599 53 3.963953438292595 3.247093992818278
599 54 5.622212495251176 3.2528866997856394
600 53 2.8431938949697044 3.2443648043188635
600 54 4.534369767097863 3.2459421804255033
601 53 1.9521496685303907 3.242594520736364
601 54 3.466392505860249 3.2427160397144568
602 54 1.930290250803972 3.2405959329625147
602 55 1.3860525489997408 6.788340502737408
603 55 1.9302282913537738 6.72791345229093
604 55 2.71186283350323 6.715859929482931
605 55 3.657118501261789 6.712977639821361
606 55 4.716388288762333 6.708089688177739
607 55 5.854860533854273 6.700902813460042
608 55 7.042994534293126 6.639706658861432
609 55 8.139960288126154 6.560895851576913
610 55 8.984857198343397 6.255300636394785
611 55 9.449343192658452 5.846384222340728
612 55 9.72875430028646 5.418713442567276
613 55 9.76359549025392 4.82478154727114
613 56 1.8592143233356941 6.718483046418212
614 55 9.694555392622092 4.394235929650141
614 56 4.35272914286609 6.710235709577477
615 55 9.228505358784165 3.879242631102197
615 56 7.863225829437423 6.583931279127079
616 55 8.37544701399059 3.499102631129123
616 56 9.777465409490668 5.153639630472098
617 55 7.327220342436245 3.3358652848151973
617 56 8.946732375926533 3.708408216799657
618 55 6.183122872042337 3.2779812398995674
618 56 7.629593301227721 3.350296040149297
619 55 4.984451016768665 3.252019420236977
619 56 6.455856711195189 3.287771242221344
620 55 3.7481402464008577 3.2465329928943274
620 56 5.264572979580918 3.251432458616504
621 55 2.4857963085152566 3.243783265157059
621 56 4.028775362432537 3.2440734519490744
622 55 1.9226990209403607 3.242090441340587
622 56 3.066053942376275 3.239267962956248
623 56 1.890945425831567 3.2379173320529766
624 57 2.368868614049883 6.958063891736216
625 57 3.9839033134521467 6.713330338682412
626 57 6.317396882113396 6.6820705855706795
627 57 8.768329031175636 6.366708537345496
628 57 9.764843867793505 5.161108065738791
629 57 8.919569277525746 3.7056146852984684
630 57 6.082660862518308 3.273015811014642
631 57 2.86535803686865 3.244533028953848
632 57 1.8790166449906376 3.2406424613026066
635 58 1.9636817529960955 7.809066990569469
636 58 3.380912802655264 7.401505782137619
637 58 5.40418192033136 6.818971797039593
638 58 7.867711156483093 6.585086386877542
639 58 9.479368274429982 5.8036983784479865
640 58 9.731760217943393 4.496253259421863
641 58 7.907933757573423 3.374946019378949
642 58 5.123102108740231 3.2563585820747063
643 58 2.104217120229717 3.2443368392128185
644 58 1.8733740774481018 3.240919602684209
646 59 1.8552301430154028 8.094795352654547
647 59 3.8112966513455264 7.458029117340273
648 59 6.637510538681931 6.665805949476111
649 59 9.276908848866283 6.064828016866331
650 59 9.626591547005908 4.284274823333937
651 59 6.582130640009474 3.2980118824642504
652 59 2.6669139653476424 3.244530492180623
653 59 1.8672057518515857 3.240178236102538
657 60 1.7569614229183175 8.048849493392366
658 60 3.4413769867980246 7.519973765682383
659 60 5.845992196343639 6.763881391405877
660 60 8.595304385222498 6.43973577902914
661 60 9.767012768959919 5.134233825723649
662 60 8.644864668383802 3.600547216436254
663 60 5.491095545023197 3.2566145294577127
664 60 2.012987144718717 3.2434520611519897
668 61 1.776621379993676 8.478926137718409
669 61 3.4146469813013387 7.860140156876734
670 61 5.75301779585595 6.975817970329038
671 61 8.48955705197496 6.470258976096639
672 61 9.76678897550713 5.250306441955646
673 61 8.808922492167575 3.6629991558294783
674 61 5.710770999686741 3.2603980014829737
675 61 2.231916919998029 3.2437076635383875
676 61 1.8688974746555098 3.240249958116719
679 62 1.2967462994239525 6.703634803190637
680 62 2.162177143416613 6.715994532956778
681 62 3.398410665919977 6.713067250508501
682 62 4.893329312243295 6.706096500582991
683 62 6.567613123275647 6.670052953583886
684 62 8.215338659884472 6.541148845798857
685 62 9.281530624047656 6.059423679046649
686 62 9.761494864657017 5.294693779821363
687 62 9.720623987558723 4.461498935142413
688 62 8.836065391672866 3.674251852554314
689 62 7.289952947828144 3.334589740283196
690 62 5.541322322031114 3.25822992638932
690 63 2.184119160600867 7.789858785412215
691 62 3.6882587692382214 3.2464839962324534
691 63 4.204711409551678 7.194321093863788
692 62 1.9589209586281655 3.2427541160652362
692 63 7.135065309924918 6.635455490581216
693 63 9.485139852763753 5.795167089134002
694 63 9.324342165831942 3.971564831080032
695 63 5.937453586028434 3.266347758819426
696 63 2.0097758156816092 3.242975636383335
702 64 1.8723892101184796 8.6731915320375
703 64 3.5747552764635815 7.971383816713965
704 64 6.005060529695233 6.968774339641885
705 64 8.762084589988367 6.368625501031072
706 64 9.765878858475997 4.916295558999115
707 64 8.20606461345022 3.4361774421925046
708 64 4.828290175503871 3.2528122133531956
709 64 1.9172615860489794 3.2422855984891994
713 65 1.1178910214770108 6.685283972184947
714 65 1.7565746588386935 6.717541144058656
715 65 2.6705728792288834 6.7153736995910505
716 65 3.7757286786865363 6.710285805502835
717 65 5.0144423167188075 6.705051256887415
718 65 6.345774837384827 6.6824048262940305
719 65 7.7002559543940485 6.595094839589123
720 65 8.783234180135464 6.358841411574314
721 65 9.408711158065634 5.899477648207584
722 65 9.744305078072983 5.371497940251667
723 65 9.762459997878539 4.710393806718978
724 65 9.496405983459493 4.140420523694684
724 66 1.1073560698247815 8.882604343923155
725 65 8.703933131590434 3.623481022386751
725 66 1.995723610095725 8.488904402387986
726 65 7.548630212739017 3.34980304710948
726 66 3.2922706571336886 7.980838764446723
727 65 6.245440398912485 3.2813225388721463
727 66 4.85967915707995 7.366204753219314
728 65 4.868251513683117 3.2510127536270024
728 66 6.618595101298812 6.684558264605529
729 65 3.439805021676186 3.2456228229556827
729 66 8.431504782765247 6.486146109912827
730 65 2.014547611768984 3.242931157304992
730 66 9.462122609282341 5.819890354829557
731 66 9.765519516436765 4.8748871429461955
732 66 9.331996689901395 3.97911046918428
733 66 7.804881696178949 3.3666042609355853
734 66 5.889090862301667 3.263660783009188
735 66 3.8385664747065613 3.246934981345772
735 67 1.4684240373828583 6.686830513183454
736 66 1.9513259408612147 3.242669156801788
736 67 3.60909298450361 6.712720522972412
737 67 6.668988000001215 6.663957044035063
738 67 9.349197264850707 5.98230740529787
739 67 9.461233641263645 4.105480689212227
740 67 6.10915406684941 3.2743243157188378
741 67 2.0259482470456653 3.2433098048066595
746 68 1.3559659623568254 6.676783574788423
747 68 3.0204396989663596 6.714239665311308
748 68 5.404459791797197 6.702001876998238
749 68 8.151130864216258 6.558776076670015
750 68 9.670515480435363 5.538656422286649
751 68 9.293130294527 3.9410755756423836
752 68 6.526172521647914 3.2952203561816114
753 68 3.255270443941447 3.2459196712558636
754 68 1.884339796327164 3.2410567993023993
757 69 1.7739383782671547 7.955102020557175
758 69 3.5116793901782555 7.432002653294889
759 69 5.997237571052488 6.7061741218201325
760 69 8.768728144349915 6.364460403246412
761 69 9.764804204108927 4.940290526247255
762 69 8.300417949685533 3.4713205411353916
763 69 4.996794079156847 3.254710702012282
764 69 1.9278593063415421 3.2432214950899234
768 70 2.0211793805487885 7.83299207754933
769 70 3.1594269537574826 7.498616491832059
770 70 4.784386217268783 7.020617658252288
771 70 6.785413946189316 6.6575189759963
772 70 8.72844221702933 6.389257573692221
773 70 9.663505414116939 5.549621225503138
774 70 9.703931758866737 4.4184513809288415
775 70 8.248431832066512 3.451747305614648
776 70 6.018976692409067 3.2699651724926198
777 70 3.588356958799351 3.2463870393915024
778 70 1.916007553337557 3.241995045865916
779 71 2.1685736588966766 7.452956818690247
780 71 4.330330860145152 6.930777736253788
781 71 7.462004127664139 6.611432849413827
782 71 9.630812755086376 5.59676074436823
783 71 8.837429520244353 3.673574798251869
784 71 5.024067524865797 3.2537885335112215
785 71 1.9035158297923926 3.2423137314063792
790 72 1.9162248705801173 6.897237991210689
791 72 2.7356534588026946 6.774605409394911
792 72 3.915137770187458 6.711712634353548
793 72 5.345287862953088 6.7045967768708294
794 72 6.945186853712175 6.646514731861534
795 72 8.446771434686951 6.481092308855211
796 72 9.361759493635738 5.965805499881148
797 72 9.768392167323421 5.231566281540234
798 72 9.719893731713725 4.4557620386475
799 72 8.89742718588777 3.6968837810808384
800 72 7.435855157805466 3.342675630392098
801 72 5.771316945739472 3.260160246301892
802 72 4.003742371397564 3.2470895931999553
802 73 2.651517577513757 7.206764813379434
803 72 2.1656123483086303 3.243167522080325
803 73 5.155282202348589 6.704712323774285
804 72 1.8966205705991035 3.241223840114894
804 73 8.523588522261257 6.460216838388468
805 73 9.762511133345127 4.72179849603702
806 73 6.905188545653811 3.314436146479429
807 73 2.334531600550628 3.2445900004280555
808 73 1.8584985036951795 3.23982923569118
813 74 1.6399872346198339 8.111456715984675
814 74 3.3088696121270678 7.581367066758859
815 74 5.69160842962069 6.824496291141864
816 74 8.472978774112994 6.473991504326307
817 74 9.761481838019773 5.269882798875673
818 74 8.832739104899328 3.6722724831897313
819 74 5.7416038355543835 3.2616673787065373
820 74 2.266262187840095 3.2437464608681776
821 74 1.869014127115788 3.24026021334538
824 75 1.4219524296491313 8.712293926624975
825 75 3.359029632136364 7.953323274218151
826 75 6.124640606914024 6.869557918643647
827 75 9.082346952747944 6.202031138339072
828 75 9.732034173051591 4.496104740623199
829 75 6.88677292028367 3.313412907773019
830 75 2.9367348178879538 3.2460978123132236
831 75 1.8696577225760167 3.240629797904201
835 76 1.5883067180367705 8.230686351029036
836 76 2.7003231629086017 7.861032183466894
837 76 4.288020746156175 7.333304247329371
838 76 6.2101857153262925 6.70460408931826
839 76 8.302824964560143 6.520689826795083
840 76 9.508820255041133 5.759157637479625
841 76 9.761798747174874 4.67517522624252
842 76 8.745873865786814 3.6391389172575836
843 76 6.628037413415335 3.300405095401907
844 76 4.260962807118516 3.250696445894083
845 76 1.9574094712215375 3.243562510522643
846 77 2.0576836146202178 6.784318208345894
847 77 4.440792307377243 6.709566285647903
848 77 7.8044081627071415 6.589053702084468
849 77 9.750996005959637 5.307813156443598
850 77 8.064793028206452 3.395489249183762
851 77 3.824088948621629 3.2476175030841268
852 77 1.8737273199382125 3.2405748486695996
857 78 2.1675401920893806 7.973097746998964
858 78 3.271965740184299 7.6171208215627635
859 78 4.848728726439909 7.108621995866856
860 78 6.788119032553554 6.656686842911547
861 78 8.694331182200045 6.4054131938814765
862 78 9.639993467356337 5.584297634501882
863 78 9.731987634203508 4.492607339288995
864 78 8.419020922879438 3.5157841249610695
865 78 6.269449916565987 3.28237898008997
866 78 3.9050514925001405 3.2479119029917842
867 78 1.929967141092148 3.242606603375507
868 79 1.9776982793247373 8.4931608600878
869 79 3.881419124001906 7.747681302608545
870 79 6.601241768989155 6.689044839152675
871 79 9.253763168897155 6.086165268947512
872 79 9.65412501597891 4.324093276102533
873 79 6.670027650926338 3.302495275958343
874 79 2.7837582202228655 3.2451024760336784
875 79 1.869480270975786 3.240379902102136
879 80 1.4455383111702214 8.747120034587953
880 80 3.1349766135829578 8.074735738204978
881 80 5.547313975580855 7.115341328947105
882 80 8.402627819958951 6.494203124146509
883 80 9.764747064784622 5.239193603160414
884 80 8.666987889271452 3.608990186067385
885 80 5.4059530073944675 3.258252604352294
886 80 1.9605722955672649 3.2433231371788684
890 81 2.1702011048250514 7.642683920833845
891 81 3.9178102896484703 7.169098764295779
892 81 6.442834976060481 6.6770279236538785
893 81 9.025168434222794 6.234501750618384
894 81 9.76341600387404 4.7674178638163225
895 81 8.006616616324365 3.3859235155231193
896 81 4.677813662624411 3.2520404747859586
897 81 1.915110605376249 3.2422198260369535
902 82 1.8406726616072198 8.371248689036456
903 82 3.1345293516591783 7.898447221268894
904 82 4.981727556416612 7.223114152568784
905 82 7.258260755703507 6.627196189504178
906 82 9.172383636293922 6.14843908943817
907 82 9.765531887125086 4.903337309435046
908 82 8.872142384629399 3.6879751372634035
909 82 6.419589778459474 3.2899388460730985
910 82 3.661024779343447 3.246716182058427
911 82 1.9063762037183327 3.241749431578209
913 83 1.45908101207414 7.675251664533413
914 83 2.8690893802500277 7.3246359973862365
915 83 4.882107466577984 6.823552317405532
916 83 7.369641193574487 6.618567261228583
917 83 9.27336326889952 6.0678302554495644
918 83 9.76260456161442 4.730681278896561
919 83 8.424504293701464 3.5177539809770053
920 83 5.747064145337593 3.261718529745944
921 83 2.7999304018317592 3.244744061703324
922 83 1.883132159706256 3.2409748676653947
924 84 1.8511945781398267 8.76664834700352
925 84 2.720468272013702 8.396976970222912
926 84 3.961938626463392 7.870009238122878
927 84 5.4628511058650515 7.23276996588624
928 84 7.1759318663201475 6.6315759325380155
929 84 8.772574195339963 6.366041550504169
930 84 9.58176376166537 5.664178006603304
931 84 9.763041255057221 4.742380531210004
932 84 9.222095017975276 3.8736620498400205
933 84 7.654440664178342 3.3581440688874435
934 84 5.787680921625208 3.2621640289320624
935 84 3.7939913490594037 3.2473670616053516
935 85 1.1730500111750883 8.613240212729744
936 84 1.9553867865248145 3.2429354010609703
936 85 1.612612753311283 8.457466006998223
937 85 2.2381979324903267 8.228582005756698
938 85 2.9945066632748936 7.951753098331596
939 85 3.842042843695114 7.641542185321722
940 85 4.753310928515515 7.308271589873172
941 85 5.708841082101161 6.958362163111623
942 85 6.712729636352935 6.667096885134603
943 85 7.738759616648769 6.59360658618819
944 85 8.573142683618412 6.447696780945883
945 85 9.160611898857745 6.1563885250510175
946 85 9.511435837248762 5.7605709450473555
946 86 1.940481911250679 7.455726422433391
947 85 9.730423182997281 5.414566987232645
947 86 2.745503486474764 7.267578694787547
948 85 9.759325566066526 4.904695197927037
948 86 3.894867149542561 6.998922898511688
949 85 9.748373855146477 4.555522646063971
949 86 5.289970158453682 6.7079483152634625
950 85 9.486541435494333 4.1295557308442445
950 86 6.884498096492258 6.651458813656648
951 85 8.977157134747507 3.727249254795598
951 86 8.400759238086152 6.493813297316593
952 85 8.183297303755788 3.428011643655497
952 86 9.33742881552263 5.997556882197291
953 85 7.254786864890466 3.3320719028447914
953 86 9.763901929481861 5.275123520693464
954 85 6.262435388470802 3.2819493377628666
954 86 9.730616410988656 4.497670214560125
955 85 5.229093926115682 3.2537232185425764
955 86 8.984939384219935 3.7328580870555075
956 85 4.167189243975673 3.2477725764831473
956 86 7.557588021211625 3.350214545737928
957 85 3.0856862794160578 3.2448399870018227
957 86 5.912519663171948 3.2676624247754082
957 87 1.1629417234511208 6.787733036318895
958 85 2.0213960344336406 3.242958496965056
958 86 4.160196560447124 3.24872330722959
958 87 1.8693108472704831 6.722050787091779
959 86 2.3338810407422743 3.243896485080883
959 87 2.8825227810346403 6.7153220831768135
960 86 1.9002778918260865 3.2416450979987856
960 87 4.107607825112858 6.71080947716139
961 87 5.480661926355475 6.702993281316428
962 87 6.9528270379200885 6.646359580145145
963 87 8.32133378755876 6.514654836857734
964 87 9.217898435750866 6.115667198108621
965 87 9.679036259930836 5.524480775352217
966 87 9.76237039375433 4.781075248557273
967 87 9.512790927097312 4.159652664125209
968 87 8.617988347078606 3.5908577914716617
968 88 1.8682499582450935 8.70526168226286
969 87 7.32035026400295 3.3376142968073217
969 88 2.365859145748501 8.497995925349805
970 87 5.870841936144346 3.2634453736171136
970 88 3.0763249382902886 8.202081422419713
971 87 4.340245700867507 3.248934621692288
971 88 3.9352949698431963 7.844317005322691
972 87 2.7541805945317903 3.244422142678768
972 88 4.897797787764525 7.443220836600652
973 87 1.9196897930179078 3.2421042600183894
973 88 5.9325098341534925 7.011838255793947
974 88 7.036216430879075 6.656594260306437
975 88 8.11730923489073 6.564558321721501
976 88 8.959240854824923 6.26834052071931
977 88 9.429434237951488 5.873504279269387
978 88 9.71473590433368 5.453590020000825
979 88 9.772509916426815 4.865054770104811
979 89 1.869899706144541 8.009450756045359
980 88 9.724268104752205 4.440866679923595
980 89 2.9668246013116097 7.66564838586528
981 88 9.283760225519801 3.932652509504019
981 89 4.5329326922151925 7.174697454399525
982 88 8.48735206297958 3.541310802177707
982 89 6.456702076015155 6.674775506803905
983 88 7.474032251686607 3.343811082080879
983 89 8.461637029007072 6.477660437760083
984 88 6.354283970766208 3.2865457015514563
984 89 9.556170986592214 5.6955179030342835
985 88 5.179122073896828 3.2532801707192935
985 89 9.758717678623995 4.632391400234952
986 88 3.9652726565391365 3.2470893306599344
986 89 8.69271237366719 3.6198151776568888
987 88 2.7248443150324433 3.244141205088364
987 89 6.61153396748885 3.2997146048592723
988 88 1.9346777090356815 3.242314015511454
988 89 4.288875254080327 3.248285733123188
989 89 1.9698471457606814 3.242780165108027
990 90 1.6494382638867995 8.089094501371958
991 90 3.4504440849477316 7.521764230720713
992 90 6.023362486913333 6.717938677310441
993 90 8.865927043124124 6.317506507788472
994 90 9.763741022332274 4.80667431294868
995 90 7.924250417032683 3.375882112222144
996 90 4.426864739299174 3.250350135149713
997 90 1.9011714040110381 3.241763875165998
1002 91 1.4466896639342155 7.619347079062814
1003 91 3.2400083371491966 7.188341690446394
1004 91 5.817738358914424 6.70120906644219
1005 91 8.677724194103964 6.412467556548417
1006 91 9.76709868643088 4.978185698777172
1007 91 8.298178280247484 3.4705244142661655
1008 91 4.930400566387598 3.2540522635089326
1009 91 1.9213746052156404 3.2431085337726557
1013 92 2.3232205566316644 8.044176714529488
1014 92 4.206080701376863 7.400941798708354
1015 92 6.926678985215948 6.648953855304252
1016 92 9.342591257401832 5.99010467850145
1017 92 9.626484212039777 4.2825654553278705
1018 92 6.720165629564165 3.304980483122962
1019 92 2.952893579854207 3.245857949472254
1020 92 1.8719983628553172 3.2406825775331707
1024 93 1.62347836826976 6.716514582427812
1025 93 3.6532620691164888 6.712074802608395
1026 93 6.551863947791551 6.671676699129696
1027 93 9.223050133097226 6.111801361514057
1028 93 9.68651575805712 4.382035714919527
1029 93 6.793358536569751 3.308691550145969
1030 93 2.9445734844757916 3.246018958549691
1031 93 1.8704816581130823 3.2406771905310325
1035 94 2.405743280840062 7.6316034102949
1036 94 4.5135892984839785 7.042534302735298
1037 94 7.566954409223554 6.6062026931670275
1038 94 9.64033841564745 5.583430902519
1039 94 8.8717979720723 3.687574212090526
1040 94 5.137976824876412 3.253143379428348
1041 94 1.90982316412778 3.242368984236189
1046 95 2.190683721406703 8.67171070305392
1047 95 3.3934606775879708 8.151930518280986
1048 95 5.110547514078592 7.409400297550451
1049 95 7.214209633232076 6.629871963918179
1050 95 9.10844703689205 6.188148488373207
1051 95 9.766975536557743 5.073527651464858
1052 95 9.21011236817789 3.8640839637209954
1053 95 6.998238552904191 3.319147592456444
1054 95 4.416935534725063 3.2509379381967
1055 95 1.949235923278974 3.2431642603653366
1057 96 1.1626030924243167 8.838858173071962
1058 96 2.043192519960831 8.46986696060679
1059 96 3.3148046635154413 7.971622047501636
1060 96 4.852243043161085 7.369312003150895
1061 96 6.577177260712089 6.700225321570991
1062 96 8.370578807608032 6.501207857824561
1063 96 9.42532431114927 5.8770138735669875
1064 96 9.766488739355665 4.950835418567053
1065 96 9.422808625863228 4.067817434339222
1066 96 8.015501367472945 3.386356737484663
1067 96 6.153316901632417 3.2765222685056496
1068 96 4.153706291593433 3.24941874689267
1068 97 1.5870812890839596 6.445579404908147
1069 96 2.0677663338080468 3.2436944104296783
1069 97 2.405622855703684 6.715162652751274
1070 97 3.705445734415345 6.711964812597044
1071 97 5.277216187973502 6.70444072554862
1072 97 7.033833934894539 6.641447771447705
1073 97 8.621007305491998 6.433551678501596
1074 97 9.501070834576803 5.772407014419806
1075 97 9.765843554919975 4.89492605059861
1076 97 9.428380359273097 4.073120469054359
1077 97 8.122785153075736 3.4094685863540573
1078 97 6.3674024266820615 3.2873340607592088
1079 97 4.475016393481368 3.2496724551694207
1079 98 1.363261828199655 6.701223815606082
1080 97 2.4898551245196097 3.2439812090291302
1080 98 2.3941652397917457 6.711742895169978
1081 97 1.8994902377369747 3.241506771623332
1081 98 3.8667365300544088 6.711769846576709
1082 98 5.648628997798053 6.700697743583948
1083 98 7.6129878399025985 6.602060816225618
1084 98 9.11606424876 6.184039076325656
1085 98 9.747228088192537 5.358189873462966
1086 98 9.670355707751128 4.350449018347553
1087 98 8.38185818565492 3.5018487157939067
1088 98 6.448495936559211 3.2913965797816256
1089 98 4.331571825642997 3.2491413855552356
1090 98 2.1027698013972813 3.2433899580907433
1090 99 1.7794685411331383 7.820972005343568
1091 98 1.8867143787231613 3.241058653271068
1091 99 2.2626504710856405 7.684893838599238
1092 99 2.9525111741204584 7.490598317287657
1093 99 3.786557789625795 7.255654529722536
1094 99 4.721183699075257 6.992295598002272
1095 99 5.727811582158312 6.716823275546327
1096 99 6.818902515518093 6.6552557739052185
1097 99 7.87844969450682 6.584015111481451
1098 99 8.726677182966162 6.388571368039476
1099 99 9.26692222156905 6.073894126510551
1100 99 9.603552984453962 5.634493232707026
1101 99 9.76991572373924 5.183464725040399
1102 99 9.76240826992191 4.710517093996515
1102 100 1.3021790255035897 6.696018144380418
1103 99 9.639919394970482 4.30172583471907
1103 100 2.8760423784811717 6.71513144065575
1104 99 9.1810605886456 3.8404948165700494
1104 100 5.125263351627077 6.702814983915517
1105 99 8.381867362961966 3.501725028840143
1105 100 7.797947804916227 6.588051887595496
1106 99 7.422296965927425 3.340969382152143
1106 100 9.517104254967274 5.749209445353796
1107 99 6.3725095138372385 3.2874579418673666
1107 100 9.656728779667628 4.318841597434701
1108 99 5.273311418268168 3.254132014930055
1108 100 7.374522537176996 3.339047359121176
1109 99 4.139514481756983 3.247672871452356
1109 100 5.682348492506873 3.2544017721398806
1110 99 2.981999964967862 3.244628569370692
1110 100 4.541070622139299 3.2455638300301684
1111 99 1.9663010122924636 3.242714018590481
1111 100 3.443790009456186 3.2416341427616553
1112 100 1.9147929826830077 3.239672238926488
