timeStep pedestrianId x-PID4 y-PID4
1 1 1.3549703136685336 7.729530729879666
2 1 1.8133931171390225 7.613766360010158
3 1 2.9982668408508273 7.314506091238415
4 1 4.689994048873704 6.8873303611072485
5 1 6.774584457763511 6.659069158725331
6 1 8.767683120537697 6.3685606021659575
7 1 9.692841897175684 5.497766176225482
8 1 9.64668809069005 4.310835096337579
9 1 8.001613682525292 3.384448877845831
10 1 5.66873798697282 3.261178798438063
11 1 3.146492913248279 3.245648507632095
12 1 1.8999662205039418 3.241674422565374
13 2 1.3623439375449593 7.093252404050834
14 2 2.6914941950548426 6.873692781630898
15 2 4.602753134318963 6.7086566073816325
16 2 6.927547959633845 6.6468352053467425
17 2 9.005332394270129 6.24459190094231
18 2 9.769156106701628 5.141578540729892
19 2 9.215472140014105 3.8679483849104255
20 2 6.9249280378134435 3.315370726581528
21 2 4.260011241028597 3.2496316587209932
22 2 1.9305665390152553 3.242683700071266
24 3 2.114070537083927 7.81933762850585
25 3 4.185422791816304 7.206251313334087
26 3 7.198650028281184 6.629930041522118
27 3 9.532073201226801 5.729875482230831
28 3 9.194121429146918 3.850457519057697
29 3 5.589038214359663 3.2580237087652746
30 3 1.930685473867074 3.2425648835879666
35 4 1.9628566668070153 7.102401556988454
36 4 2.737781246161978 6.961773776508215
37 4 3.8441938294476774 6.76106707403719
38 4 5.200460498364576 6.705817621807188
39 4 6.722966649598032 6.659672454369212
40 4 8.209470529625683 6.546007503747992
41 4 9.21186290237206 6.120542629379432
42 4 9.704634950379694 5.473106547480347
43 4 9.76181493609132 4.678385333074333
44 4 9.303262873709462 3.9509788260377814
45 4 8.107653937361546 3.4053473937113794
46 4 6.579937273952989 3.2978923679854546
46 5 1.9651763611031188 6.713875109591608
47 4 4.936515698120067 3.2516175989719773
47 5 3.640224682325649 6.705394949026304
48 4 3.21432739429608 3.2451622333048236
48 5 6.032162714608897 6.695797421264242
49 4 1.9312866490920293 3.242299722059664
49 5 8.629241891459372 6.430855824331541
50 5 9.766657662448374 5.225724242707231
51 5 8.923171451408132 3.7064582121073766
52 5 6.004328500398063 3.2693215736498127
53 5 2.701015116241704 3.2442484163483827
54 5 1.8756580873371453 3.240496165458883
57 6 2.210923881885132 6.716214412596616
58 6 4.336680692510771 6.709082766828714
59 6 7.35902132285023 6.619633329195141
60 6 9.559354539696724 5.694503541862608
61 6 9.186866683160257 3.8453515668481
62 6 5.6506593347229614 3.2591925951060046
63 6 1.9396515385287416 3.242688780065649
68 7 2.0126905138294937 7.397711361104943
69 7 3.373834758686699 7.088184692209082
70 7 5.325423520960045 6.705173077400496
71 7 7.694577554915976 6.597188094756975
72 7 9.36235842178351 5.964987583063795
73 7 9.762161777770757 4.699026553799224
74 7 8.463709194484933 3.5324961287566814
75 7 5.909801441098903 3.2645983330312585
76 7 3.0881694336175896 3.245100694560082
77 7 1.890416511475863 3.2411679673900307
79 8 1.6474622196940523 8.748494180811305
80 8 2.2229434699516912 8.512772779906776
81 8 3.044594896921648 8.176240176081551
82 8 4.0379985997312176 7.769387668279658
83 8 5.151059207937256 7.313057739244511
84 8 6.347683660103263 6.8224085153069645
85 8 7.640826195233073 6.601601766804596
86 8 8.713392469257968 6.394954986215793
87 8 9.360553067469384 5.967503715609193
88 8 9.714009079667225 5.455032907267856
89 8 9.763512330742486 4.791477502658407
90 8 9.615356628617192 4.272562290746208
90 9 1.3993603905376428 7.949190376247486
91 8 8.950664996106044 3.721621402294211
91 9 2.7720516163547138 7.558520183456509
92 8 7.8818461826855035 3.3716259071586125
92 9 4.731871030579042 7.000594761546008
93 8 6.638613562491749 3.300824759937978
93 9 7.164982943845776 6.631020279362208
94 8 5.3167723591484854 3.2545611994643004
94 9 9.17693811025901 6.142641050677629
95 8 3.9398711351155216 3.2470095589962558
95 9 9.764204935061246 4.841542405936742
96 8 2.525203821765938 3.24379415746954
96 9 8.673136907650504 3.612364456633353
97 8 1.917550739469993 3.2419325467276043
97 9 6.08757631245377 3.2733007467945536
98 9 3.2098388798603197 3.24542655115043
99 9 1.8917411261072923 3.2412301079327035
101 10 1.2623390557255807 8.775040896265162
102 10 2.065432538205997 8.45862442524814
103 10 3.2130396093932867 8.009246383566447
104 10 4.600609481964104 7.4661618529967795
105 10 6.155422675290809 6.857258462334973
106 10 7.858954013627473 6.585568924625201
107 10 9.121002981143672 6.181187026817069
108 10 9.695846216139593 5.492984107816656
109 10 9.758857014601187 4.627507199180047
110 10 9.136410364664483 3.8103900287971926
111 10 7.667453565210244 3.3578114516311417
112 10 5.952469939805587 3.266896968890296
113 10 4.124233520387097 3.248224930995287
113 11 1.5310491209815886 6.712728618992829
114 10 2.2184030670139214 3.243560941835008
114 11 3.2393999945034677 6.7124107925104415
115 10 1.8965820759832097 3.241399592109733
115 11 5.678874989093694 6.7007255328078665
116 11 8.419720222665163 6.489682710526606
117 11 9.747533375990374 5.358846048276515
118 11 9.017993907470096 3.7452444838298007
119 11 6.041132796227414 3.270953506873365
120 11 2.667018590588958 3.244434666160633
121 11 1.8744594280057152 3.2405343124730965
124 12 2.3451758785493864 7.991133227925526
125 12 3.8823838993023516 7.477130403926161
126 12 6.077118371710998 6.743220754439576
127 12 8.586232228695863 6.443796961181574
128 12 9.753644783619903 5.330868492650638
129 12 9.134491262271327 3.8075092116453995
130 12 6.368527121654946 3.2874050510895194
131 12 3.192743217622784 3.246359130978409
132 12 1.8844863942663848 3.2413042677291166
135 13 1.7908567468642607 6.673118083648584
136 13 3.5429604369073346 6.710136146105635
137 13 6.052770410299316 6.696608595647178
138 13 8.73349480568547 6.3847371010505
139 13 9.766968620367056 5.036398221548656
140 13 8.541603819961084 3.5617082253553423
141 13 5.393798797999127 3.2576933995352717
142 13 1.9838786796689725 3.2435186583003146
146 14 2.1771626450659576 7.094704241640844
147 14 3.303480051285621 6.8848631197793475
148 14 4.924331124713949 6.706997078952286
149 14 6.901033053085558 6.649289710952732
150 14 8.752971834096066 6.375875749069471
151 14 9.650263847618483 5.569561320099833
152 14 9.73149735724347 4.490795530128857
153 14 8.447025578579776 3.5262348708586013
154 14 6.334054169692043 3.285583091027257
155 14 4.00446321676617 3.248688386761764
156 14 1.9382794176333258 3.2429070456712585
157 15 1.6554738871725927 6.718042595114884
158 15 3.1081042008327806 6.714241620180642
159 15 5.183427369815635 6.704216451140511
160 15 7.655817691655832 6.599192724527688
161 15 9.385881317646191 5.9318346626047935
162 15 9.758709819805242 4.631861202029677
163 15 8.219822293570903 3.441071529112405
164 15 5.513242579499214 3.2567045621029895
165 15 2.556554600105195 3.2444839617283208
166 15 1.8798721550130524 3.2409101391303787
168 16 1.2645065208674977 6.6928968630373635
169 16 2.7335818062226416 6.714084482081552
170 16 4.8339056101227955 6.704453660299295
171 16 7.360122262889789 6.620254967856085
172 16 9.281984831813224 6.058935648252476
173 16 9.762097146595426 4.707664239104643
174 16 8.339793321931456 3.4860008611385807
175 16 5.612952617330357 3.2584031957094988
176 16 2.6231694494029245 3.244489363870012
177 16 1.879752625272174 3.2408640691288872
179 17 1.7310023728006974 7.419413397885568
180 17 3.1312344247137 7.10944867639207
181 17 5.136439762505758 6.7075260834906425
182 17 7.596234741630234 6.602999721430065
183 17 9.350479601340876 5.980135624727202
184 17 9.76156462730423 4.680452843822538
185 17 8.354484948230748 3.4915258213863893
186 17 5.704881878064803 3.2606513580984218
187 17 2.7944551543237113 3.244755026116877
188 17 1.8839632640532777 3.2410101065203487
190 18 1.6305243293164335 8.062304528721006
191 18 3.4036606742682975 7.512036725094262
192 18 5.9372075387848025 6.732931879212807
193 18 8.769745399786675 6.367606969910438
194 18 9.765828654289379 4.9011804586034575
195 18 8.154752375773668 3.4187599650168448
196 18 4.740154151247812 3.2515263912837247
197 18 1.9130512314067474 3.2420207703063713
201 19 2.6980487175408934 6.906942651779189
202 19 5.102492481616552 6.705425975281243
203 19 8.362090656894422 6.5049954037209075
204 19 9.765103459814002 4.902510343414442
205 19 7.476567634986609 3.345279318752279
206 19 3.1665701226745258 3.24593718117006
207 19 1.8663756939560474 3.240225570248732
213 20 2.235738361997283 8.21311159689505
214 20 3.5563808240157204 7.73317098174861
215 20 5.441946738336049 7.0479839461352505
216 20 7.76450199847989 6.592336052853762
217 20 9.396553369522124 5.91799571726098
218 20 9.761069041582392 4.65728535181187
219 20 8.356818664278704 3.492415944957619
220 20 5.765631201235969 3.261847981559368
221 20 2.917038345978043 3.2449536608337977
222 20 1.8870417206177912 3.2411191899423177
224 21 2.3715436636305967 8.503814921196
225 21 4.467661479784921 7.628013709519373
226 21 7.498900344942148 6.611190625982903
227 21 9.659161967816875 5.556370453282207
228 21 8.670194237667346 3.6101490314435063
229 21 4.7400462030081485 3.2521870283136116
230 21 1.8936107003398899 3.2414636497159544
235 22 1.3309292528489907 6.852773640853153
236 22 2.4717499753554777 6.720661635546135
237 22 4.112026011417519 6.710951970061042
238 22 6.094517681322624 6.697616469309585
239 22 8.174292343647398 6.55414014362693
240 22 9.4478543343348 5.846824680663664
241 22 9.763228766240932 4.763196981581518
242 22 8.971091624136882 3.7256205254077024
243 22 6.939320517482118 3.316051087438789
244 22 4.637082673068138 3.2513377956255116
245 22 2.1911944355357478 3.243909884015503
246 22 1.8845193639091489 3.241146617189273
246 23 1.7130433425703073 8.697486049955756
247 23 2.6769404575077935 8.30620602130548
248 23 4.053085089248359 7.74740785996027
249 23 5.716727032750218 7.071445703546143
250 23 7.620613887207889 6.603183661478698
251 23 9.127866498767395 6.1771413578983045
252 23 9.754716617623286 5.326649775633961
253 23 9.644250260021785 4.311993312750793
254 23 8.30082094467925 3.4715027861622807
255 23 6.335330660840835 3.2856481792810426
256 23 4.1933920077117 3.249737764979552
257 23 2.0061276329697106 3.2435461837963824
257 24 2.124135519197891 7.545336441289267
258 24 3.143606135774346 7.286303786210304
259 24 4.599060974297211 6.9160951860050455
260 24 6.389291481289396 6.681211310599573
261 24 8.260776494138458 6.531426819334432
262 24 9.412894102771952 5.895970942900673
263 24 9.765528054498008 4.902466162434196
264 24 9.304724262022493 3.9524240911092634
265 24 7.63674468136543 3.3552017507965197
266 24 5.579953332596922 3.2596786457880835
267 24 3.3754232456386086 3.246432118082276
268 24 1.916657055564862 3.242315436136452
268 25 1.8271892495978619 6.717266150514759
269 25 4.289561332551291 6.708290746061378
270 25 7.759833840117701 6.591460227790953
271 25 9.766421592290756 5.2585705626851285
272 25 7.87820249231228 3.3723678358392264
273 25 3.4859148097603248 3.2467220898304414
274 25 1.8683788839607596 3.2403164807000064
279 26 1.4280409548292823 6.664833802828488
280 26 2.866977360422338 6.714948380905513
281 26 4.933256900733655 6.706344589162455
282 26 7.414984172744659 6.616222075639599
283 26 9.285556188235327 6.056001898884483
284 26 9.762673063750045 4.724985807274992
285 26 8.424536264120706 3.5177633485245936
286 26 5.760570053141331 3.261859988559198
287 26 2.8276133453129044 3.2447780754152578
288 26 1.8840141795610692 3.2409948240178137
290 27 2.153007130259485 8.560411139439653
291 27 4.448042933138123 7.613583714976385
292 27 7.771412071381798 6.590736754360377
293 27 9.765699605689523 5.22438253595925
294 27 7.784041897433666 3.365193262302165
295 27 3.3385798796016815 3.2464870493365034
296 27 1.8664885993867448 3.2402512939430617
301 28 2.1920381145939314 7.17393481117058
302 28 4.368211241424592 6.741960946438121
303 28 7.5256827251002365 6.608814569977685
304 28 9.643629937675566 5.578905531210348
305 28 8.808186261968343 3.66267975482758
306 28 5.001688934094584 3.255107638109473
307 28 1.9034679232589027 3.242370580409369
313 29 1.6656607819509561 8.671362069260054
314 29 3.8402312128034897 7.802747750606564
315 29 6.964527626040105 6.647056399178329
316 29 9.556226908809917 5.6991419980763665
317 29 8.848297356892834 3.678427232899507
318 29 4.794280627257854 3.252527893445347
319 29 1.8914339542930487 3.241370141142963
324 30 1.40523762175274 6.6957253646985055
325 30 2.2854660944199185 6.716162417752125
326 30 3.5435991086547065 6.712644395686731
327 30 5.065042800069617 6.705621428148893
328 30 6.766282570503188 6.658473441108075
329 30 8.395222760842266 6.495948664304622
330 30 9.379469007231275 5.941712190838506
331 30 9.769948778804622 5.12183973021967
332 30 9.644153277362406 4.307402446987218
333 30 8.55940185918583 3.568390479318517
334 30 6.92961493374364 3.315586517528567
335 30 5.12587163245839 3.2530873393685096
335 31 1.362119795487852 7.83587736337007
336 30 3.2233611764036905 3.245211263323867
336 31 2.8408351678072434 7.440160620164617
337 30 1.926026614907317 3.2421166332176643
337 31 4.952127406215736 6.875382726503281
338 31 7.549928366786929 6.607417240700752
339 31 9.398614619804304 5.909045689111349
340 31 9.742790550467639 4.537951284114705
341 31 7.868839065725259 3.370775810685159
342 31 4.963481395433967 3.253237326675869
343 31 1.9669137526421436 3.243945313738793
346 32 1.0935265557808227 8.782579941062629
347 32 1.8282045929753103 8.512960292946186
348 32 2.8719415483763515 8.110523563586831
349 32 4.133713209000938 7.623633005987717
350 32 5.5476939082505865 7.078057987157826
351 32 7.105966739944376 6.6360846219751295
352 32 8.549103331046336 6.454291231272416
353 32 9.397561783181706 5.914447617811908
354 32 9.770352096036845 5.205284148686814
355 32 9.724661244499142 4.469631192338209
356 32 8.981394686248658 3.7303116088989663
357 32 7.610217299177856 3.3526850882913215
357 33 2.3875743273076413 6.7120463851609244
358 32 6.036873925567757 3.2706677535268582
358 33 4.624927795736285 6.69825537810011
359 32 4.36593022083282 3.2485319656812948
359 33 7.776807564169627 6.590657003962847
360 32 2.627978707041013 3.2439695802320148
360 33 9.71314691107448 5.456772310516108
361 32 1.9094098642113218 3.2417011258271646
361 33 8.538380975217905 3.560508402139891
362 33 4.6643291196546315 3.2524565500019813
363 33 1.8940631492170374 3.241576064194404
368 34 2.3080569101279274 7.625926964515286
369 34 4.57008425854611 7.004991782100035
370 34 7.822752629112215 6.587770904736207
371 34 9.75167204165451 5.341560533152779
372 34 8.195766754820887 3.432325984933743
373 34 4.0549046589355004 3.24959236666487
374 34 1.8781385743453445 3.241013316773158
379 35 1.9631311584528912 8.707534399089223
380 35 3.3384706749407504 8.126122978782176
381 35 5.302000335295543 7.2957465358233895
382 35 7.71153721864331 6.596422773597821
383 35 9.436200738831118 5.86281979960155
384 35 9.74311779522092 4.53454602514494
385 35 7.9426273013331805 3.378566664495782
386 35 5.120968144659754 3.252824448293452
387 35 2.067470267391033 3.2439125707776477
390 36 1.8340865945669307 7.880789243956216
391 36 3.3276032850763597 7.4433843195268565
392 36 5.4599575372170275 6.818826626252663
393 36 8.029157103647377 6.572286407683866
394 36 9.579950986463393 5.665227387251396
395 36 9.587759971576286 4.236164597479939
396 36 7.303720422163058 3.334975443524863
397 36 4.3135287650631575 3.249499746222213
398 36 1.9163221557909504 3.2421991900487233
402 37 1.2286296850329343 7.687872939334487
403 37 1.5577715075415133 7.6081707469315205
404 37 2.0276522648660795 7.494159775960184
405 37 2.595738197885829 7.356275914577012
406 37 3.2323574291794377 7.201811040423837
407 37 3.916757753822691 7.035640793636948
408 37 4.634527556815319 6.861444050240023
409 37 5.380258728326564 6.708465083532713
410 37 6.158720791879186 6.694492387426156
411 37 6.9452521446168625 6.647182045961148
412 37 7.702713263696106 6.595760438571705
413 37 8.348847001583714 6.5068768317766645
413 38 1.5000493293721004 6.717255291725028
414 37 8.87053552177348 6.31430242357893
414 38 3.010407861552898 6.7147374499068295
415 37 9.210573826392247 6.121584604648334
415 38 5.1674622246691495 6.704858329446523
416 37 9.467498319124115 5.825514383090113
416 38 7.679199671683365 6.602119538454392
417 37 9.732588167564735 5.4300648131369655
417 38 8.535617564277018 6.471240154808266
418 37 9.773619582888463 4.840787032431152
418 38 8.974409308951016 6.278530422792303
419 37 9.677767967313201 4.344539052447167
419 38 9.231389341873466 6.119992317854221
420 37 9.239941007002438 3.8817696065686
420 38 9.53992036193589 5.740538728213904
421 37 8.60478198680937 3.583118137781277
421 38 9.77369802180519 5.248489609914204
422 37 7.896771251841236 3.3722534424711936
422 38 9.747799166632781 4.545340051590193
423 37 7.133070022935935 3.3257759689454343
423 38 9.012157005196347 3.742127005016057
424 37 6.352984082449142 3.2864803939027345
424 38 7.985949472512279 3.383520857458887
424 39 1.3668155659291374 7.218911387138663
425 37 5.561403186837377 3.257588778412443
425 38 7.0991752620472575 3.3229997934862907
425 39 2.4054402350334194 7.029271524757579
426 37 4.761508928538785 3.250435503102972
426 38 6.298841647064377 3.2794744024848197
426 39 3.8883061553865113 6.758340940962261
427 37 3.9561816159904484 3.2470719247067996
427 38 5.506562633912491 3.2516435151926113
427 39 5.7131832337133766 6.693735097980427
428 37 3.1470784189144885 3.2449758276189904
428 38 4.707642143988766 3.2458333127235197
428 39 7.718864461961735 6.593394832268018
429 37 2.3353426077827066 3.2434911702924003
429 38 3.9014325837415 3.2425605112378255
429 39 9.185442178097079 6.139147388677077
430 37 1.9375334598209122 3.2423954856829593
430 38 3.219350638180584 3.239588951105257
430 39 9.768356489249507 5.206153851981849
431 38 1.9243784725894786 3.2385359972570127
431 39 9.541974357928655 4.186843528782477
432 39 8.07056393990023 3.396737995893488
433 39 6.040181995278562 3.2709527243473002
434 39 3.8498919679164056 3.247118588067829
435 39 1.9426015265993126 3.242558020975879
435 40 1.6171714376785378 6.888869792994217
436 40 2.543964911451058 6.757215656498016
437 40 3.8784537603796707 6.7117989065385135
438 40 5.494499869577959 6.702954630086481
439 40 7.294665941716208 6.624695044545367
440 40 8.834645595361732 6.3330821179675345
441 40 9.59906269451096 5.640349131108785
442 40 9.762824125065583 4.731278229322901
443 40 9.221762229641797 3.873408655049567
444 40 7.6759572892929775 3.357273796960952
445 40 5.830705526530441 3.263131628220822
446 40 3.858319618885868 3.2470801277989954
446 41 2.337396108815053 8.46123870704884
447 40 1.964182571743092 3.242839219526176
447 41 4.343217440697373 7.641347728063933
448 41 7.244939183543348 6.629181761316206
449 41 9.55106152853746 5.705325293987301
450 41 9.145420786145122 3.8146962422823942
451 41 5.500287299171339 3.256981302117745
452 41 1.9270610252907918 3.2425267452094
457 42 1.4073970439708245 6.708466265249401
458 42 2.9286625530326 6.713999250409658
459 42 5.1016495581442385 6.70517151142976
460 42 7.6887339159494 6.596807697033392
461 42 9.446285218209203 5.849871619899533
462 42 9.732046051270578 4.492228702824973
463 42 7.804639365178265 3.367928804083389
464 42 4.916096659029334 3.2526538903819358
465 42 1.9661379338319205 3.2437504073447285
468 43 1.7379146588749255 7.353472213692416
469 43 2.3855803810997442 7.216220059213741
470 43 3.3102619579102828 7.020147857747592
471 43 4.428192676394379 6.782952582449152
472 43 5.7022413903538105 6.7023708914513564
473 43 7.073584562717334 6.63899342987104
474 43 8.333595713871848 6.512859481702613
475 43 9.183742906587216 6.140486241981576
476 43 9.633854220325697 5.592542098193939
477 43 9.763145515711901 4.914173169315062
478 43 9.680431037488226 4.366742926632575
479 43 9.034018333125264 3.7536093077117516
479 44 1.1223102855697658 7.303495941635041
480 43 7.909229105984142 3.374896806074395
480 44 2.0979874062961072 7.126442159782662
481 43 6.594233700046865 3.2987196377265966
481 44 3.489494693114496 6.863548717438248
482 43 5.192814875754586 3.253500808071035
482 44 5.214679528694736 6.696589110344137
483 43 3.7311048428497378 3.246424455991038
483 44 7.129493443396298 6.6341688290316165
484 43 2.227949404947139 3.2433373813643827
484 44 8.803947739181915 6.348641909087923
485 43 1.9061498129850951 3.2416127634276855
485 44 9.61780013662299 5.612639641670564
486 44 9.760898564817127 4.6557931127788
487 44 8.992099943562346 3.7345137493190377
488 44 7.246880169595118 3.331938779752299
489 44 5.258568984994213 3.2543968723647154
490 44 3.146056993792226 3.2450672278997277
490 45 2.039322668728094 7.305902963593555
491 44 1.9128688556612876 3.2418271823565337
491 45 4.469900693469349 6.784539915756492
492 45 7.933163191124928 6.580277040463243
493 45 9.767770056540245 5.101194530605635
494 45 7.625956067084243 3.3547769852308194
495 45 3.168210634076077 3.245986378995353
496 45 1.8650194925148582 3.240143686494606
502 46 0.9565257049784497 9.09008397804756
503 46 1.570542070284986 8.67763781855799
504 46 2.573132513322731 8.281779439554166
505 46 3.785215793349672 7.802998652534404
506 46 5.1435128199613755 7.266503159190373
507 46 6.6047786213838 6.692653853479024
508 46 8.122784237509844 6.563906562654594
509 46 9.170148818594859 6.149968805301624
510 46 9.677220381870383 5.526171915919044
511 46 9.762862574909121 4.736406627751451
512 46 9.39901731008081 4.044927660365782
513 46 8.327472639122943 3.4815858719476713
513 47 1.9569732649256144 7.684397918598734
514 46 6.884970686442134 3.313741753473518
514 47 2.866287900571853 7.440078142085956
515 46 5.316076712096633 3.254063196057236
515 47 4.164526544245743 7.091116200794411
516 46 3.6694074404257893 3.2460929400196994
516 47 5.740469051163163 6.704116489898163
517 46 2.011248406914319 3.2428609908603954
517 47 7.541345946517402 6.606841076671597
518 47 8.991468658334373 6.251760593858557
519 47 9.660967408002152 5.553089928888373
520 47 9.759471254108371 4.633780372392869
521 47 9.040834925760139 3.755914391865265
522 47 7.406500801070676 3.3409320051431437
523 47 5.52996393166911 3.2573955306192586
524 47 3.532040844490197 3.245960831273378
524 48 1.6903484862938083 8.481474635764922
525 47 1.9340627292882457 3.2423300890045215
525 48 2.9772668480616264 8.000864916248243
526 48 4.814705854869841 7.314779459179368
527 48 7.075722466170384 6.638516272874783
528 48 9.101088604557727 6.192894292399344
529 48 9.767904056797459 5.000263967993497
530 48 9.018132351612309 3.747192027264118
531 48 6.598414300760421 3.298853448648743
532 48 3.857381737560148 3.2476683411603813
533 48 1.9119561743463502 3.242063653991329
535 49 2.4762731842266885 8.52707242307155
536 49 4.841398405639549 7.51331341166537
537 49 8.202276873454249 6.545112610440436
538 49 9.765019688314128 4.850956108243183
539 49 7.071624777315065 3.322810023623705
540 49 2.411513705829333 3.2445733572468867
541 49 1.8583257619067433 3.2397536773949636
546 50 2.2124186195759914 7.408703083455048
547 50 3.855180001610675 7.020474705643489
548 50 6.229402283281073 6.690642395578985
549 50 8.77337765353601 6.366170212855507
550 50 9.76886064750461 5.084447301383663
551 50 8.735971374110218 3.635233917400125
552 50 5.7618605323468355 3.260357337751501
553 50 2.4193252740942692 3.2439440678814258
554 50 1.8723575624635844 3.240401465823625
