timeStep pedestrianId x-PID4 y-PID4
1 1 1.3396084131201484 29.29922283423222
2 1 1.419789730754413 28.78961739003615
3 1 1.6245310859241529 27.471682504824713
4 1 1.9167967458599038 25.589992299256306
5 1 2.2705667422942586 23.315051498902406
6 1 2.6438645242549543 20.763219298788638
7 1 3.021898668940686 18.0321652951507
8 1 4.696489999796225 15.705266078119948
9 1 7.1784848909974155 14.24716760689126
10 1 10.047304583591496 14.937622009128301
11 1 12.320519638807282 17.015371654072737
12 1 14.429859459471167 19.348127477959743
13 1 16.45809187048644 21.75452591561459
13 2 1.55231818214738 28.820498967572306
14 1 18.914582115877028 23.42367851998737
14 2 1.7131821048616056 27.687692011296587
15 1 21.87727670409973 23.279802242915075
15 2 1.942943269098009 26.070338475427526
16 1 23.962600484160603 21.11283988149033
16 2 2.2207361015771445 24.114923110092274
17 1 25.112436079138597 18.159150931794187
17 2 2.532477250755239 21.92371230239549
18 1 25.751202169112698 15.021547118261347
18 2 2.688439919103479 19.553385320909893
19 1 26.294872692832094 11.853415190416701
19 2 3.4157061648489284 17.188666277021387
20 1 26.804028893476247 8.678619062175812
20 2 5.134526691542388 15.312598536705712
21 1 27.069746901504473 5.471890113649935
21 2 7.3613970319086794 14.258588896338846
22 1 27.340556852518347 2.264644297411512
22 2 9.85154153651546 14.843367069793912
23 1 27.379096971675832 1.9223091725911856
23 2 11.888494876077246 16.537239640221234
24 2 13.710472294422212 18.552835114479553
24 3 2.2122638827358996 29.102966967994703
25 2 15.539071895874986 20.581183923292876
25 3 2.249398410084901 28.61299910374738
26 2 17.291734055973862 22.57669130222707
26 3 2.302299864719771 27.91343829396556
27 2 19.648673191010754 23.566188164606192
27 3 2.3663759578546917 27.06766261325959
28 2 22.17840594345216 23.22078030070303
28 3 2.438171261727752 26.119870447983924
29 2 23.92044430095017 21.17374886976675
29 3 2.5153506651392195 25.10090368416183
30 2 24.949943782746903 18.685029294309427
30 3 2.596496621671195 24.032296030293608
31 2 25.573359796889687 16.007852245356233
31 3 2.638362656334739 22.927221599668545
32 2 26.0385681026356 13.28802905898957
32 3 2.6401553351227403 21.796577272429044
33 2 26.50366369053191 10.57399721684064
33 3 2.644247937267548 20.649007902041866
34 2 26.869026323588667 7.850193966794784
34 3 2.6952196569878106 19.49181535192936
35 2 27.092437988648044 5.103166511572959
35 3 2.9232231122814 18.351314087505276
35 4 2.013418471248945 28.442979756636383
36 2 27.32833241066182 2.359552381135234
36 3 3.372218256846681 17.273929085332025
36 4 2.227250236174779 26.323670259955936
37 2 27.378280159697553 1.9239777577409019
37 3 4.056671740910054 16.33637437247555
37 4 2.5328467428055075 23.297854669263067
38 3 4.903262589487591 15.514746160359929
38 4 2.681812405480853 19.62127452334015
39 3 5.780098558933316 14.735987287812602
39 4 4.373024338262117 16.028469516432253
40 3 6.857515596453987 14.288800090355934
40 4 5.581403260715316 14.905786123568753
41 3 8.028175787093362 14.252070461455787
41 4 6.545862754062334 14.419999822786444
42 3 9.181695783097286 14.49376687769914
42 4 7.67243834007765 14.25480426962041
43 3 10.234095811574305 15.031883952397402
43 4 8.811121113859292 14.409750104374424
44 3 11.158393005430133 15.77117761833907
44 4 9.885803179503988 14.850272185154676
45 3 11.972782592355024 16.62936404710019
45 4 10.850386481865767 15.529591476619109
46 3 12.767222294072393 17.508844976440702
46 4 11.715616957596975 16.345389663447904
46 5 1.4131838390374984 28.744856641467617
47 3 13.562368745259139 18.38827347144162
47 4 12.50896219020205 17.224916175706763
47 5 1.640154909604524 27.29626238675552
48 3 14.357555055690185 19.26807477476161
48 4 13.301365987137505 18.10181277960693
48 5 1.964223101770999 25.228033048835485
49 3 15.15201143697194 20.14882005799446
49 4 14.095287351052026 18.97993115507114
49 5 2.3559872049264103 22.727491348601095
50 3 15.933408655779685 21.04040442893589
50 4 14.891873033902934 19.857555590337103
50 5 2.653531466520965 19.90362139322715
51 3 16.631152836662057 21.993660910347163
51 4 15.722079700172365 20.70538650054555
51 5 3.5057710702745357 17.010854750379064
52 3 17.523605539669695 22.764663484679055
52 4 16.363205578998077 21.662858572376702
52 5 5.730075614172788 14.795232482983847
53 3 18.561495113951032 23.300733577029977
53 4 17.172235059812735 22.494214234689498
53 5 8.775029043142222 14.402327852603293
54 3 19.69158657498728 23.59122358126002
54 4 18.135155794436987 23.131530225407666
54 5 11.525214679931624 16.135437252607097
55 3 20.855643181358122 23.557728484721093
55 4 19.216730172518435 23.493378397927682
55 5 13.820165283702176 18.673661617748206
56 3 21.991238406995347 23.258680726670125
56 4 20.40836836481797 23.614204786137282
56 5 16.052920603872707 21.270512969299546
57 3 22.909976196268552 22.553336546593137
57 4 21.568088985659106 23.38914032497891
57 5 18.571557747000597 23.30239749022656
57 6 2.51720786895438 28.3862428646297
58 3 23.644447876520974 21.642905291453168
58 4 22.58370975014566 22.847201306523395
58 5 21.16174918292303 23.493979878025023
58 6 2.6248478243449105 26.243654406964136
59 3 24.265236676512654 20.636420813641813
59 4 23.409535728024796 22.003670143181566
59 5 22.28004582259068 23.121312162860647
59 6 2.6379884291217532 23.180855737498717
60 3 24.690243723086553 19.533913318619504
60 4 24.05295110665359 20.988217365784177
60 5 23.165532284594786 22.3266889298788
60 6 2.696314336708768 19.481704624375208
61 3 25.032998511281825 18.40084585411828
61 4 24.558022352373694 19.912097147356246
61 5 23.816251556803547 21.369238694518028
61 6 4.511798607314532 15.889149037932615
62 3 25.33252988847633 17.25406157247973
62 4 24.933539064120787 18.782277083035915
62 5 24.392933472533052 20.37475874940842
62 6 8.241965736433267 14.28117834697601
63 3 25.558161181450245 16.090351367710607
63 4 25.23542926295479 17.635334544095063
63 5 24.79074067141354 19.25689926049724
63 6 12.019218415368798 16.68081102664671
64 3 25.768897874368438 14.923275983156401
64 4 25.483793836169504 16.475240619473656
64 5 25.12034838938554 18.13380593246726
64 6 15.255427220132969 20.263728636803574
65 3 25.970109375355705 13.754320862092108
65 4 25.70003473036313 15.308155102229208
65 5 25.398107929063645 16.971658566130344
65 6 18.731715829367488 23.359394244460066
66 3 26.169996564621766 12.584996709525788
66 4 25.90424113069333 14.139935282657273
66 5 25.610554633770764 15.801989688161003
66 6 23.08794204755593 22.368418070607344
67 3 26.3695554923009 11.415518482231564
67 4 26.104181522372627 12.971148833196208
67 5 25.819357070146896 14.635435716045256
67 6 25.165743337578117 17.93859735744614
68 3 26.568829882267778 10.245923331749534
68 4 26.30373759998955 11.80254725731887
68 5 26.01924873400081 13.4676167460502
68 6 25.822340256278697 14.792361868731952
68 7 1.6320259806103485 29.067860623079124
69 3 26.766482478344138 9.076042834876784
69 4 26.502798011030762 10.634546922074879
69 5 26.218718665275055 12.300280382593165
69 6 25.992184773660746 13.629414693303952
69 7 1.690898480534928 28.6187608026927
70 3 26.869722234253288 7.894030755694705
70 4 26.70418430323084 9.474358983574506
70 5 26.41311732679009 11.142167028317164
70 6 26.17474037082321 12.546993062298853
70 7 1.7749964558676512 27.977563801898835
71 3 26.967991904503428 6.711554674832006
71 4 26.83063701598044 8.290314130659091
71 5 26.60832695553251 9.97455894477394
71 6 26.367684202656314 11.4598243399698
71 7 1.8766602407325876 27.20234076676829
72 3 27.06502049810148 5.528960027768555
72 4 26.92997477657594 7.104112722283169
72 5 26.791433665881673 8.792766557293735
72 6 26.656951341260843 10.3264078710827
72 7 1.9905801805039491 26.33361105966367
73 3 27.164618976645183 4.346567916975611
73 4 27.02465454266937 5.925053310465467
73 5 26.892409743007516 7.611610255027373
73 6 26.7566784429677 9.167377495148717
73 7 2.1130871656724715 25.3996487100033
74 3 27.26453780601865 3.1641949474713424
74 4 27.132353936904078 4.74485513059148
74 5 26.987282724756806 6.432803519263848
74 6 26.86132867863437 7.995816960766842
74 7 2.2416243709549524 24.420180244990856
75 3 27.36346962048718 2.020556532954805
75 4 27.231110996743034 3.565505194300051
75 5 27.081272270368043 5.252463477403444
75 6 26.955513359062262 6.821381016057698
75 7 2.374300749543988 23.408954323338882
76 4 27.37640809625893 1.9301353596150002
76 5 27.228396631694352 3.490960288024361
76 6 27.082144391712518 5.223666648580675
76 7 2.5100396715318327 22.375594918511847
77 5 27.396112972518676 1.6425644719046872
77 6 27.252779063992577 3.248566359243209
77 7 2.639792720758273 21.326006980545543
78 6 27.377753713065545 1.9254875330803196
78 7 2.646309839930552 20.2573396243098
79 7 2.728523820297918 19.18444708507385
79 8 1.4058140148960794 28.839848954710565
80 7 2.9899534973864466 18.138256886669875
80 8 1.5818849125629728 27.71068055890769
81 7 3.4317846042382096 17.149900485822577
81 8 1.8333157299854572 26.09851663389777
82 7 4.092920830880572 16.302202128746877
82 8 2.137334640563451 24.14937992553119
83 7 4.873058324911761 15.546757502468875
83 8 2.4783049359963187 21.96518618105232
84 7 5.6833338111514005 14.821922135937335
84 8 2.682576704111508 19.602598965248653
85 7 6.647017426433803 14.371781628894595
85 8 3.3896131877204327 17.2344986409758
86 7 7.690789337767603 14.248935624640513
86 8 5.098179329438878 15.354525866801563
87 7 8.761022394330285 14.394348787252753
87 8 6.97794667189313 14.25675511826514
88 7 9.765661301026876 14.786809021168914
88 8 8.228418095582182 14.287911419848625
89 7 10.673148480294971 15.379835878048334
89 8 9.244494037551235 14.527427663415994
90 7 11.49241319445879 16.096646774900805
90 8 10.171951665496476 15.002774584317628
90 9 2.4224107816804272 28.48515294903532
91 7 12.2234319780734 16.907287584095755
91 8 11.02635832391311 15.666440418207955
91 9 2.544763976528976 26.422408223282513
92 7 12.955904451395691 17.71752435785763
92 8 11.79758884079031 16.435151530698246
92 9 2.637131244376325 23.474790724591166
93 7 13.688720226146167 18.528084280201107
93 8 12.525684836379414 17.24251439775764
93 9 2.6516553434704004 19.908186183016916
94 7 14.421616874529722 19.339013023804
94 8 13.2554803716785 18.049535923970268
94 9 4.103569037248094 16.29199366201592
95 7 15.15388103122752 20.15082085656942
95 8 13.987039382685099 18.858487502185717
95 9 7.5796874453254555 14.24607264940226
96 7 15.881265715343003 20.967209738667464
96 8 14.720223388417022 19.668232545579528
96 9 11.472318685030466 16.074853335636526
97 7 16.50083785420165 21.84581797925309
97 8 15.466045764096837 20.45328694541092
97 9 14.364823582597449 19.284172317930437
98 7 17.27877911448477 22.57303097868665
98 8 16.076293342838017 21.283365332919853
98 9 15.244287923683245 20.285629235031223
99 7 18.18538565489054 23.155566033361833
99 8 16.733916124034042 22.109347478990554
99 9 15.910816720191443 20.972157524573035
100 7 19.20945959200508 23.497465047103763
100 8 17.5813083221816 22.79854185957091
100 9 16.48406550438517 21.79820829579751
101 7 20.272628855513123 23.62669611865082
101 8 18.54920642514132 23.291486831097167
101 9 17.220238142560536 22.519370347995316
101 10 1.6488983967839204 28.814373927430548
102 7 21.34338779048968 23.445423408734236
102 8 19.563408977296884 23.563012539224683
102 9 18.063233156676148 23.105700168522098
102 10 1.8074582852816337 27.619538735638557
103 7 22.340769801652552 23.07386713787401
103 8 20.669370232638613 23.575634407441555
103 9 19.056931740685265 23.45705987039912
103 10 2.0339375268767035 25.913624549548146
104 7 23.14271112274077 22.339973698483348
104 8 21.703389426073308 23.337799880890675
104 9 20.120121869880993 23.64923476329083
104 10 2.3077586260422485 23.851136830859502
105 7 23.762412385481962 21.451991848745106
105 8 22.637719651118935 22.79160573996517
105 9 21.23087287813986 23.474202274037687
105 10 2.6154175983619394 21.53998380666964
106 7 24.33231577592594 20.522691231482444
106 8 23.403081342695994 22.02017248841099
106 9 22.233784472029548 23.1620985831996
106 10 2.743229634133023 19.03986733663531
107 7 24.703508504785173 19.496486453858083
107 8 23.988614735685847 21.090181645503876
107 9 23.089250232740866 22.396506730580246
107 10 3.7431073976340494 16.647729771697275
108 7 25.01964243352266 18.451938173791472
108 8 24.48279249285685 20.1225458153143
108 9 23.733463251424922 21.502514808970233
108 10 5.68932710518648 14.824164721734183
109 7 25.295721095567778 17.39474114973342
109 8 24.850642948415402 19.0863507192303
109 9 24.303962784453677 20.58372221566383
109 10 8.23579161609017 14.284544722949123
110 7 25.515778434225993 16.324628579212728
110 8 25.132291344503706 18.02529632154087
110 9 24.69323616833709 19.532423673421157
110 10 10.68339816741787 15.40071346854181
111 7 25.710143144694428 15.248804879829322
111 8 25.398445431525545 16.965321783914842
111 9 25.130113022065053 18.492736841290377
111 10 12.672164711970135 17.403678058855007
112 7 25.898610022457138 14.171755658794986
112 8 25.593816416320596 15.889285284366153
112 9 25.29132636862686 17.42345848174173
112 10 14.591619101878903 19.527326669254435
113 7 26.083036646077137 13.093892612961582
113 8 25.788634976400164 14.811907955808438
113 9 25.51055752296256 16.356257145329728
113 10 16.398038373899528 21.708206316872214
113 11 2.3037984785783916 28.362291001852302
114 7 26.267155382803974 12.015893445941071
114 8 25.97361132829377 13.73398791962608
114 9 25.706082092496352 15.274917906556116
114 10 18.590281840312265 23.31059562335444
114 11 2.472525040871495 26.02266297045065
115 7 26.451008010257354 10.937790602148723
115 8 26.157848382725287 12.656493516723607
115 9 25.89444400966267 14.197068770447531
115 10 21.308510130466107 23.44203465132702
115 11 2.6387272066266525 22.67935346493013
116 7 26.63475476770834 9.859629083250578
116 8 26.34172765785465 11.579260965679751
116 9 26.07866886068564 13.120067443637165
116 10 23.500778575566173 21.8749818421693
116 11 2.8323396183820386 18.646425823350746
117 7 26.795414492857873 8.77833370264361
117 8 26.525555487161213 10.502792824660398
117 9 26.262477056770113 12.043982665668041
117 10 24.77738879527257 19.287725794103462
117 11 5.405848194197245 15.078009949266198
118 7 26.88688079269804 7.688410847331758
118 8 26.710504242913448 9.428131075103286
118 9 26.4455966843662 10.969973467320342
118 10 25.488601594463656 16.47441489149499
118 11 9.745803745630337 14.79168769558608
119 7 26.977304281345177 6.598386680691063
119 8 26.83276505120997 8.33751487033842
119 9 26.630215067701517 9.894076977802689
119 10 25.985831754396855 13.611299711144627
119 11 13.416533339060534 18.227348292344704
120 7 27.066730091394057 5.50827084276317
120 8 26.923878976862728 7.246034892155264
120 9 26.793443584002855 8.808217910538122
120 10 26.480272160940874 10.766411075428174
120 11 16.817763308317158 22.265846413864175
121 7 27.158553064242874 4.418347751501927
121 8 27.01357083142803 6.156550808314045
121 9 26.88487270407714 7.7143804457816145
121 10 26.74095602204632 9.258241853160351
121 11 21.51551211414326 23.46335377444427
122 7 27.25065763180819 3.3284436756278866
122 8 27.10367118753475 5.0683047631521525
122 9 26.975161243849413 6.626034799650554
122 10 26.844646305636186 8.196491203285728
122 11 24.708508634677244 19.42135714258346
123 7 27.34276562435385 2.238536654414618
123 8 27.1957230510459 3.979016306667496
123 9 27.059008841441525 5.538552131367866
123 10 26.93023764158327 7.170983974447834
123 11 25.929872579466362 13.9867331541365
124 7 27.37519208198019 1.9368619384315189
124 8 27.260676777213487 3.21051223991957
124 9 27.137344931589627 4.576427954771428
124 10 27.01254379966184 6.170376877532746
124 11 26.814676045211666 8.511435685901391
124 12 1.7661760118981025 29.067344508657506
125 8 27.373745704034842 1.9443304187304804
125 9 27.23463814851279 3.4192512951831198
125 10 27.09452632728973 5.175239189905834
125 11 26.989741407430458 6.441818434811522
125 12 1.8225342747624085 28.591261090154287
126 9 27.376440005582097 1.9299805637020886
126 10 27.230648737945643 3.564073412694866
126 11 27.10836870290018 5.016696864029836
126 12 1.903004685844837 27.911533211452106
127 10 27.37387452930549 1.9436750496342143
127 11 27.254716476961217 3.3049472330900374
127 12 2.0003147791742646 27.08972945181249
128 11 27.37860732856722 1.9239310611266447
128 12 2.1093779745227503 26.16880324077517
129 12 2.226674705972614 25.17872551631276
130 12 2.3497192990282305 24.14040299886333
131 12 2.4767734921199382 23.068421193286493
132 12 2.6069428583436642 21.972993760627677
133 12 2.6437018827706185 20.8518321428152
134 12 2.67057787612081 19.72094277284288
135 12 2.847017379808817 18.597961979766445
135 13 2.5379532406514747 28.587789379231015
136 12 3.241126351230596 17.526540008641142
136 13 2.62009435555474 26.84887559241332
137 12 3.835750372878261 16.554120764129642
137 13 2.6364458830275663 24.363606719601023
138 12 4.65303117952593 15.74338170339512
138 13 2.643407095739544 21.358306636150978
139 12 5.510953758666076 14.973868789412691
139 13 3.0228431248067937 18.032794491300763
140 12 6.497313076865993 14.429904891725366
140 13 5.061394669458118 15.37223067734949
141 12 7.605319936277433 14.248294139082748
141 13 6.165280451397356 14.550258137563242
142 12 8.742715271646889 14.390486410592978
142 13 7.182610611341711 14.249553997308105
143 12 9.807711169900612 14.808319810671698
143 13 8.31744727584464 14.304313436377493
144 12 10.760649832786475 15.450537177488664
144 13 9.394262210932881 14.603376985581033
145 12 11.611485641242515 16.228101503675237
145 13 10.391275036245155 15.154748191665044
146 12 12.385622153257035 17.086830297491172
146 13 11.290600848701363 15.87552880281954
146 14 1.388766635386726 28.876242173833084
147 12 13.161375681707687 17.944731575214718
147 13 12.073558092824907 16.74360156704808
147 14 1.550255468885116 27.84794675138169
148 12 13.937230360785572 18.802982563570158
148 13 12.846483266431086 17.600383718560526
148 14 1.7807870030084463 26.37979178702821
149 12 14.712927075854742 19.661683955671087
149 13 13.62012792412787 18.456701893107745
149 14 2.059641460952524 24.6047814141489
150 12 15.486756775726807 20.52228023803686
150 13 14.395483788763926 19.31372874366064
150 14 2.3719729574232318 22.61564768836511
151 12 16.19441088919326 21.44464327336223
151 13 15.186727862967423 20.159406824200794
151 14 2.64468314513191 20.46377654929955
152 12 16.949583870482336 22.314134007801613
152 13 15.93888903333907 21.03011714807145
152 14 2.960848379864186 18.228185301800664
153 12 17.85796128943405 23.019490882165908
153 13 16.591240096212076 21.950038499536483
153 14 4.145259813940356 16.249112152472968
154 12 18.926190949301954 23.4382751222892
154 13 17.438349012377053 22.703583914653457
154 14 5.8778074549263275 14.675451099169074
155 12 20.048071983055827 23.648883856136965
155 13 18.43310631108033 23.25597649332152
155 14 8.152426320999442 14.2728824254554
156 12 21.187299796437536 23.489597632548072
156 13 19.499417735989162 23.55362679783973
156 14 10.35421418912252 15.128672980591825
157 12 22.255458517958072 23.153481947068983
157 13 20.663912044407788 23.586809311519197
157 14 12.14527005594659 16.820869913771354
157 15 2.635868106273008 28.916083175142106
158 12 23.10395021544596 22.374800961569953
158 13 21.74932682527316 23.32356833070435
158 14 13.811206524187938 18.663791131507566
158 15 2.6335167580911025 28.033930008276556
159 12 23.768403932953834 21.442229561568993
159 13 22.717233919791354 22.722118057577582
159 14 15.480667158296612 20.515481037303264
159 15 2.6343171923848945 26.774415547448065
160 12 24.36181119103871 20.453447089080125
160 13 23.50475262491071 21.8622077271596
160 14 17.03833516036564 22.377436718716314
160 15 2.635544024270094 25.251634821963165
161 12 24.749955647752312 19.365352209956455
161 13 24.10980106416389 20.875734221652728
161 14 19.081899620048613 23.45726271742991
161 15 2.6374619616567743 23.545179881665707
162 12 25.0708942881359 18.255545507245525
162 13 24.587678545198102 19.813229966693356
162 14 21.412179799426873 23.412519486726435
162 15 2.640874148786836 21.710581531574768
163 12 25.362520676474187 17.136402865863086
163 13 24.950635320069523 18.70945974048137
163 14 23.30849812714752 22.157624631340358
163 15 2.6630703955562884 19.78734379357637
164 12 25.574610109930518 15.999179834863416
164 13 25.24643747305934 17.592799597360514
164 14 24.514540578152435 20.018168451254766
164 15 3.0831136207467003 17.85813343784165
165 12 25.7799841437178 14.86041968880346
165 13 25.490983366727644 16.46241453203401
165 14 25.110779595044846 18.107335137555065
165 15 4.1959077782506355 16.201399867437836
166 12 25.976000759260227 13.719834552311731
166 13 25.69704830779416 15.324266349890959
166 14 25.402088932608997 16.951028543621632
166 15 5.677846298735014 14.834415361881883
167 12 26.171025667765306 12.578954873545596
167 13 25.896490177932865 14.184955998950603
167 14 25.59952559586523 15.86274028363231
167 15 7.544537806304362 14.232120271698866
168 12 26.365735910564503 11.43793506102038
168 13 26.09153453039808 13.044711163204855
168 14 25.796462733852657 14.767800004135253
168 15 9.515699123459386 14.659408252076096
168 16 2.633368670248022 28.416298763244566
169 12 26.560169206484172 10.296807689006622
169 13 26.28620978026625 11.904530726371064
169 14 25.987487672934936 13.652764970272932
169 15 11.251839805379214 15.791553394783016
169 16 2.6348075402319195 26.12107147310014
170 12 26.754923447735003 9.155702199881476
170 13 26.480506383200336 10.764839740142634
170 14 26.180253695405415 12.524963226384958
170 15 12.654158030216914 17.371258927970583
170 16 2.643299443601231 22.84707233829535
171 12 26.860641406200866 8.003054445624041
171 13 26.676581833595968 9.627535886377274
171 14 26.37354597671965 11.391913094256239
171 15 14.072121883250926 18.94431589894192
171 16 2.763527537481923 18.901838068934435
172 12 26.95662556304789 6.849376693141982
172 13 26.821350708521354 8.47600171399087
172 14 26.568039419962282 10.254970926792291
172 15 15.489980679290305 20.522552314031618
172 16 5.139828095132978 15.312924653465044
173 12 27.051296016682826 5.695576258554046
173 13 26.91774616532187 7.320421296513827
173 14 26.76366327836715 9.113224552808944
173 15 16.794644361539685 22.18766453092333
173 16 9.330628528631724 14.569582638170623
174 12 27.14810831772268 4.5419440249253045
174 13 27.01272850473864 6.167342738110403
174 14 26.86475314210717 7.9541826285541575
174 15 18.539145896852585 23.293730206517058
174 16 13.030973698954952 17.743823950234063
175 12 27.245594172785438 3.388361274063999
175 13 27.108182296995864 5.015612146388584
175 14 26.960602050479324 6.801434000911991
175 15 20.590526370289137 23.589572002899086
175 16 16.37923751688538 21.645711475806415
176 12 27.343084437931857 2.234774099655105
176 13 27.20562159773817 3.8625735689663236
176 14 27.05497035074081 5.650313462439684
176 15 22.536668703951758 22.895244708252047
176 16 20.749844917434512 23.607057172274523
177 12 27.375475907479828 1.9354152297743863
177 13 27.270661137688748 3.092588895897222
177 14 27.140112761122165 4.638258986368384
177 15 23.87316783101484 21.27236857064323
177 16 22.962205711702776 22.562794762888444
178 13 27.37646715289805 1.9313107541830554
178 14 27.237258083073556 3.4859855689019854
178 15 24.754871352368188 19.351440452352687
178 16 24.145320675336684 20.89436612908984
179 14 27.371581081108392 1.9578458314144858
179 15 25.319914328778292 17.30228519299972
179 16 24.9506805987184 18.951968795635427
179 17 1.7963861371182102 28.634277103571996
180 15 25.716691468733902 15.21257028585175
180 16 25.429709944048653 16.89221091050285
180 17 1.9995598687630984 26.948154648547884
181 15 26.07938369877298 13.115281410336173
181 16 25.7903251272525 14.804625355987485
181 17 2.2897119451732344 24.54080058296195
182 15 26.43126746972268 11.01642497542967
182 16 26.14642673364231 12.724466975310873
182 17 2.6368634989265987 21.629937681226505
183 15 26.782960340880372 8.916722368615977
183 16 26.504412652157995 10.625605627621706
183 17 2.916617368442271 18.37313022446061
184 15 26.9611540974005 6.794508951443404
184 16 26.817413751223892 8.522576385281742
184 17 4.883002855878175 15.538106075894227
185 15 27.137125002125945 4.671913624879835
185 16 26.993715731921103 6.399348810923583
185 17 8.032560178753073 14.213579684023523
186 15 27.316486777964947 2.5494654461061836
186 16 27.170328977378908 4.279566223304741
186 17 11.319497938550322 15.907387278053134
187 15 27.37727592049733 1.9282434429856687
187 16 27.27865953548068 2.997443033894756
187 17 13.938313904607787 18.804291118679455
188 16 27.378408974714308 1.9243170009276718
188 17 16.49437425869468 21.800195405146
189 17 19.7530985865318 23.59843842781156
190 17 23.200384765446984 22.300038047477436
190 18 1.3820614989807494 28.942548240932492
191 17 24.964852229955245 18.749410542828937
191 18 1.5155369745703906 28.09060209239005
192 17 25.799532975133324 14.757203147898808
192 18 1.7061120890545063 26.874236195757835
193 17 26.48451240466356 10.720931436421502
193 18 1.9365831448764037 25.403632495674643
194 17 26.972204801754945 6.662247529373447
194 18 2.1948516815013077 23.755647313199223
195 17 27.313187798365835 2.5892080368781603
195 18 2.4728372109820724 21.98395799338456
196 17 27.379545502252814 1.9211411443389745
196 18 2.6468892963959134 20.116060729371732
197 18 2.96688599327947 18.209056171658865
198 18 3.9048277065633097 16.483845540279816
199 18 5.365487833299941 15.107789831095483
200 18 7.11266354496639 14.24787660023106
201 18 9.080176147469269 14.472568788353387
201 19 1.5466111320029488 28.28072128849749
202 18 10.808499858394784 15.49575654961579
202 19 1.9291928955943587 25.738033052002066
203 18 12.258612152759246 16.94786021179301
203 19 2.4758063172449303 22.107765574526336
204 18 13.647013232992656 18.483014891055323
204 19 3.128441692392632 17.745008725706633
205 18 15.03715499859961 20.021719585037722
205 19 6.564007451717916 14.406873182900089
206 18 16.340610349293648 21.628153747280564
206 19 11.308992441888563 15.908885728323435
207 18 17.81387387813952 22.972316451863023
207 19 15.072610317459619 20.060760078596644
208 18 19.75285389525528 23.603084749694712
208 19 18.248328129182184 23.180062720722773
209 18 21.780611736233304 23.320016478398337
209 19 20.225451439426482 23.654023665568417
210 18 23.349271247103726 22.109436520051393
210 19 22.11658104985405 23.215290623540067
211 18 24.405294509035834 20.32801575784419
211 19 23.572964159140742 21.77227551622316
212 18 25.0454126901315 18.353305011475364
212 19 24.542741920549513 19.95578136737342
213 18 25.51487000533486 16.329332696133182
213 19 25.15061047742855 17.96738481883836
213 20 2.5926423872290782 28.40353969091879
214 18 25.879803646981205 14.281579351486977
214 19 25.58612572015155 15.936318796242029
214 20 2.633745460973629 26.09195496185084
215 18 26.230554780648845 12.230599988189482
215 19 25.946650700792834 13.892078137665312
215 20 2.638521509428683 22.79060254538944
216 18 26.58023697588756 10.178921036131195
216 19 26.296532390141333 11.844091938306171
216 20 2.7848524384752915 18.807808945167643
217 18 26.851176019151676 8.116706447236336
217 19 26.64705650771029 9.79762133544057
217 20 5.244057959318978 15.215961849267835
218 18 27.022956328001595 6.0419370232857865
218 19 26.883757676927573 7.726880710423865
218 20 9.553522512428962 14.653872172088436
219 18 27.196682196214137 3.9671566718227917
219 19 27.07968737172939 5.66006695860054
219 20 13.24100832542237 18.033417170401535
220 18 27.367508704183503 1.9888588256897333
220 19 27.228241044718914 3.594070902278995
220 20 16.550010102707756 21.966309621415718
221 19 27.378557493863283 1.9237100803603129
221 20 21.146160973791638 23.489735775796277
222 20 24.56495259441183 19.860725075633184
223 20 25.83016181418894 14.553694530080179
224 20 26.76182096515356 9.118234780950061
224 21 1.9059482949105615 28.975590478926094
225 20 27.22181314666223 3.607775339263606
225 21 1.9823795086001958 28.254868190362348
226 20 27.379930962094978 1.9202608006030695
226 21 2.091492681042824 27.225855181946404
227 21 2.223450993743171 25.981759534033625
228 21 2.371329521914757 24.587604100876845
229 21 2.5305203460936876 23.08877725859764
230 21 2.6413631894763787 21.513624108820796
231 21 2.65513445469876 19.88085851755706
232 21 2.9552328342483465 18.24649728260523
233 21 3.676032610851031 16.722561319209504
234 21 4.8933215192959905 15.52638698025536
235 21 6.241636432814264 14.525730972081671
235 22 2.103059702861815 28.680476535858297
236 21 7.853890640533081 14.264371217990824
236 22 2.225307771205264 27.317266009521592
237 21 9.477820228762967 14.651644556375455
237 22 2.3998287631742143 25.3709394878632
238 21 10.902322942385476 15.579837413815403
238 22 2.611342572087847 23.01783374047495
239 21 12.128173771813886 16.80202188899288
239 22 2.6453362177872624 20.371372215262106
240 21 13.29795124418261 18.096099038195447
240 22 3.200147942295253 17.60482822140874
241 21 14.46884483688389 19.391527453497737
241 22 5.092954017315255 15.354534066249597
242 21 15.636977746547165 20.691081769699956
242 22 7.737341933333023 14.26029290599513
243 21 16.69503479326937 22.073967213912333
243 22 10.560132766808977 15.292736248520963
244 21 18.036661661121343 23.088792405477914
244 22 12.79862269581978 17.543707513811107
245 21 19.613097880662764 23.566553636407615
245 22 14.962484207852851 19.938366270295674
246 21 21.288127148912587 23.457887433088583
246 22 17.01982184172898 22.357936951366465
246 23 2.217510786560445 28.53735342935446
247 21 22.78311300912643 22.669621427035082
247 22 19.77080417719874 23.60329564973003
247 23 2.358971711123729 26.757932530533395
248 21 23.850560920382193 21.30912108507483
248 22 22.608489515739304 22.817661316751355
248 23 2.561130032506712 24.21737794477684
249 21 24.61433414974936 19.748474085024082
249 22 23.853994852035488 21.288334466658373
249 23 2.642361981571841 21.13897437568628
250 21 25.117743391510807 18.076210919841166
250 22 24.61066173685858 19.762919372157985
250 23 3.127000847770948 17.749143540769033
251 21 25.50706780996418 16.372659970225474
251 22 25.106582336836368 18.122649451700454
251 23 5.498437725768086 14.991353030380322
252 21 25.816401378933616 14.651209287040327
252 22 25.49478037308787 16.441189467044975
252 23 9.023515768410075 14.46657307935845
253 21 26.111605615852522 12.926910800771392
253 22 25.8028517971364 14.730713496133564
253 23 12.127394890181074 16.80156420183379
254 21 26.400627363723924 11.20305947048168
254 22 26.1074701975179 13.030767075779996
254 23 14.879584676913797 19.84676524031045
255 21 26.699671970706987 9.479152739634543
255 22 26.390370060881054 11.293457110951362
255 23 17.64939153049798 22.840545359184507
256 21 26.882589205219293 7.739812062626848
256 22 26.68519597300845 9.572500293846163
256 23 21.42224090495987 23.409416216527646
257 21 27.02672742901307 5.99573988322621
257 22 26.875115792762465 7.829849218592727
257 23 24.239317192248613 20.67792632378825
257 24 1.416906766248932 29.06912430685452
258 21 27.1726313111165 4.251755266813212
258 22 27.01930178657373 6.086053474614447
258 23 25.499870634439443 16.569267251257727
258 24 1.4932972214211084 28.564858739707393
259 21 27.320003418029767 2.5078518728994075
259 22 27.16761846834366 4.3545975963739245
259 23 26.203994452794866 12.352494508128087
259 24 1.6023694822119694 27.84489406894661
260 21 27.376553545392905 1.9309851555993371
260 22 27.264834399092656 3.16113445421644
260 23 26.91510331775401 8.138510239744276
260 24 1.7342743839523083 26.97444598765068
261 22 27.376386236208383 1.9317522860497989
261 23 27.1985585401026 3.8485799401871894
261 24 1.8820546697977587 25.99900094995596
262 23 27.378461105330953 1.9237401650217043
262 24 2.0410066181469295 24.95031653702878
263 24 2.207686501047078 23.850524701716783
264 24 2.3798775644607844 22.715094469652357
265 24 2.5562678884388204 21.554854181624332
266 24 2.6456721356561648 20.369795108010543
267 24 2.7289821785311568 19.170271695391083
268 24 3.0338331260964195 18.0007362637462
268 25 1.6117314589643954 28.69685562327039
269 24 3.5600426935994913 16.90607263927985
269 25 1.8102410251053112 27.2575332586187
270 24 4.387461109034359 16.017639881239653
270 25 2.0937007343822622 25.202544866930605
271 24 5.275907631314741 15.190505932984712
271 25 2.4366386857951894 22.71804994015901
272 24 6.2583761730861305 14.516658456602586
272 25 2.6506067920608904 19.921276150688033
273 24 7.405501046013543 14.246944909158877
273 25 3.485324247031348 17.047640742793007
274 24 8.615809196660807 14.363802969433165
274 25 5.682027842316764 14.832792290181706
275 24 9.755567535411293 14.781650126203322
275 25 8.189916058711313 14.277944453791829
276 24 10.771122789470235 15.458997275941002
276 25 9.447694619937174 14.628110802548248
277 24 11.669112784061737 16.292033129483556
277 25 10.467095451773675 15.215890389912255
278 24 12.492334083731278 17.20480254542553
278 25 11.382024475584409 15.977203297590256
279 24 13.317231158659512 18.117065246457177
279 25 12.193559055949574 16.87737811932343
279 26 2.6281496987678445 28.48479431765247
280 24 14.14232877249997 19.029848807558704
280 25 13.007238166370422 17.77840045717692
280 26 2.634270739126894 26.59218864279952
281 24 14.967092265018744 19.943423839668764
281 25 13.826834811989503 18.68502254501179
281 26 2.6383549107575393 23.86505256253061
282 24 15.787710239951297 20.861057502774734
282 25 14.650749539837527 19.594697619343737
282 26 2.6452376337452437 20.600411790550044
283 24 16.5152103495893 21.847877713423465
283 25 15.494038672240762 20.485443053379946
283 26 3.4682894409877036 17.083942191894536
284 24 17.41236951115513 22.677638694086223
284 25 16.19989627152875 21.455117972855994
284 26 6.297886479809811 14.518677609003388
285 24 18.471074461502138 23.267156448198232
285 25 16.99785201289577 22.355450090727185
285 26 10.082651179206561 14.964807257603486
286 24 19.62012370139291 23.56267044886577
286 25 17.95802435913864 23.058211962639977
286 26 13.107638239405928 17.887104753592578
287 24 20.803203296961453 23.5640365703363
287 25 19.04742266515588 23.4627135075121
287 26 15.999045265086352 21.151131212810753
288 24 21.98596877672399 23.2602131174828
288 25 20.27844972605565 23.62826979755341
288 26 18.72242176396496 23.388887877364745
289 24 22.939934242707334 22.525924905774104
289 25 21.483386647508674 23.411767825104157
289 26 20.02432955602682 23.693561805933633
290 24 23.68996809257784 21.569175111996987
290 25 22.559578494689962 22.86465409326368
290 26 21.200949306012895 23.49070547886466
290 27 2.633621175169934 28.627244005047178
291 24 24.332382699870386 20.522510749202482
291 25 23.417248162870738 21.992234248140285
291 26 22.269139118435653 23.126255938034273
291 27 2.634166707218317 26.99197411899252
292 24 24.749632454405386 19.366267107408028
292 25 24.07258362240785 20.942453888245236
292 26 23.194791259615883 22.30422619964165
292 27 2.6361295674437875 24.657216587945502
293 24 25.08934731161665 18.18483531959912
293 25 24.584218994214595 19.8161269013015
293 26 23.87645832640447 21.273189887906344
293 27 2.6404631611089298 21.834465934029584
294 24 25.392568593163503 16.992431831482403
294 25 24.97060955181456 18.64030153008648
294 26 24.461470799405998 20.18288611994682
294 27 2.820857236005456 18.684749310432874
295 24 25.613928482806756 15.781648773548357
295 25 25.283061320509642 17.452130649879418
295 26 24.871450035058015 19.016837968045397
295 27 4.555812297705235 15.850376651155178
296 24 25.830455105848397 14.56975265099128
296 25 25.53025634598013 16.245698923689368
296 26 25.18438774210651 17.828125314502167
296 27 7.438965536702574 14.230532402761298
297 24 26.038257597976767 13.356159233998554
297 25 25.749368489722766 15.034869045886797
297 26 25.460637936909006 16.63028674583753
297 27 10.752191125461 15.455033813611106
298 24 26.245735325375158 12.142395006435585
298 25 25.958865889338963 13.822128636860635
298 26 25.67996501914659 15.419674470570524
298 27 13.348962793428775 18.152722384466134
299 24 26.45259886413428 10.928444027975278
299 25 26.16606013565488 12.60901546169463
299 26 25.892480969152793 14.208291803959124
299 27 15.900044208480658 20.992296873622873
300 24 26.659509372878855 9.714445698290689
300 25 26.372897471949656 11.396125334119787
300 26 26.09985927073155 12.996122522652854
300 27 18.59138006801585 23.28911320741964
301 24 26.8196477324494 8.494278925825991
301 25 26.580225992616228 10.184727792546864
301 26 26.30666530681664 11.784880779119915
301 27 22.181120762136544 23.201270080896965
301 28 2.026771271547568 28.49052438301746
302 24 26.922051849034055 7.2669732749544345
302 25 26.779195068293166 8.970605545061657
302 26 26.51292894886625 10.575568085049014
302 27 24.505133165884345 20.156849915954343
302 28 2.2211768795586817 26.52802198049988
303 24 27.023154083691043 6.039540866163686
303 25 26.88274327568273 7.738982496740878
303 26 26.72270097015604 9.362026303790886
303 27 25.504727023393244 16.426752084822194
303 28 2.4989063988912887 23.72607425353667
304 24 27.12527167451014 4.812179956498629
304 25 26.98450566349066 6.511558311889164
304 26 26.8501149839205 8.130537724485615
304 27 26.180319010933573 12.524480184521586
304 28 2.6489229733524136 20.330023661631103
305 24 27.2289816616213 3.584942656174549
305 25 27.08531257133753 5.285977081357914
305 26 26.952270077061282 6.903422506873812
305 27 26.80024005588327 8.725270028837299
305 28 3.6691839056516646 16.73092177237374
306 24 27.33269239320815 2.3576989994143576
306 25 27.18892733140166 4.059629073380692
306 26 27.052660164964013 5.679056447322811
306 27 26.934577323584726 7.1193699595423245
306 28 6.75864530368152 14.302595399530682
307 24 27.375325162935386 1.9361143794195477
307 25 27.264156322141165 3.1694527747564956
307 26 27.145035962774916 4.581439001131578
307 27 27.026693338767913 5.997595614346804
307 28 10.653756612912227 15.379431548858227
308 25 27.375713476285718 1.9347050577366196
308 26 27.250141038525893 3.3342744455799993
308 27 27.118343982105092 4.89760682006406
308 28 13.718997727125956 18.561479688527307
309 26 27.376744488035854 1.9302392199400933
309 27 27.25047145392872 3.3301694804754973
309 28 16.633607354297833 21.97149016341206
310 27 27.376853326236308 1.9297089260945066
310 28 20.517701806029148 23.586169715358363
311 28 23.96777290414537 21.10141471993601
312 28 25.441491887365874 16.726040230463326
313 28 26.2544077147057 12.09448564979913
313 29 2.3150081094059014 28.795125379252283
314 28 26.911679960899985 7.398281233413957
314 29 2.402153638773047 27.512223926180027
315 28 27.311035606922207 2.627736095824517
315 29 2.5267370742579334 25.680571394502643
316 28 27.379982383682595 1.92005488218242
316 29 2.6374873206456235 23.464513921495904
317 29 2.6429378742541054 20.97717304726999
318 29 2.92877627443793 18.331795932256245
319 29 4.39775925039482 15.997184977546713
320 29 6.6897684757288625 14.365121568260514
321 29 9.484779750846057 14.646697740731973
322 29 11.811331469368572 16.45149757195447
323 29 13.844247862052466 18.700063307668362
324 29 15.882872513903585 20.973458720975678
324 30 2.5959278085305093 28.55175732458167
325 29 17.948448182277048 23.057777103949494
325 30 2.6344097503063417 26.642068521821034
326 29 20.778003732750662 23.55315388283745
326 30 2.636977997814195 23.914508606993348
327 29 23.297005609511945 22.196809450915644
327 30 2.645106935861872 20.616669385491413
328 29 24.71430560462895 19.466022369486165
328 30 3.4754231287767103 17.06588145926261
329 29 25.489168642130995 16.47130360103074
329 30 6.362040057057399 14.496209326102246
330 29 26.027439733632306 13.419375641002171
330 30 10.186317939206901 15.016307806588218
331 29 26.552967292480734 10.337376129316855
331 30 13.220476549404653 18.011193879731337
332 29 26.922141027166493 7.268270776005489
332 30 16.069499729109534 21.333847567328903
333 29 27.179048540278757 4.1758179271918685
333 30 19.599419267196197 23.563022276878858
334 29 27.375723690511744 1.9342967384158003
334 30 23.41028388975267 22.0865017438006
335 30 25.146632186598733 17.96590643190242
335 31 1.7910811973195013 28.562118283913193
336 30 26.021665240659104 13.46541725319623
336 31 2.01112636439035 26.756857846768398
337 30 26.772845923233398 8.970021745855826
337 31 2.3254058494708527 24.179409324097254
338 30 27.159693632745903 4.405012115872871
338 31 2.642765021534757 21.058983365526615
339 30 27.378444090569225 1.9240324584574813
339 31 3.192107311430257 17.618861958379167
340 31 5.6758325924744994 14.837277960987958
341 31 9.358851481475087 14.581697914981278
342 31 12.447988459483627 17.15693789322536
343 31 15.25191190149383 20.260300401064484
344 31 18.156019141650837 23.137219407504638
345 31 22.123544955565492 23.216084813773485
346 31 24.567758370802654 19.897570783757597
346 32 1.8866020013294484 28.511267848040394
347 31 25.626330751652073 15.714213592287031
347 32 2.0885277964181617 26.723118032293126
348 31 26.368551703333704 11.423781315579497
348 32 2.376954411084558 24.170100147182897
349 31 26.93254487301236 7.062900112060678
349 32 2.6419748683559163 21.078429435498904
350 31 27.302873593914615 2.7105533015204637
350 32 3.167170552550373 17.669132604296248
351 31 27.379707301394397 1.9206461756654298
351 32 5.590691779424767 14.910235227315493
352 32 9.219348701661287 14.515299879814794
353 32 12.313198968438924 17.007405202489227
354 32 15.08803717217148 20.077789524229587
355 32 17.93510517987937 23.049196336652333
356 32 21.863739305271185 23.277682741483538
357 32 24.460282079981283 20.193503213029214
357 33 1.9472115049786978 28.256728991971183
358 32 25.57010767834253 16.025386003390768
358 33 2.2279519318818117 25.696470666561247
359 32 26.314807768618 11.736312837372234
359 33 2.6291209606715 22.041099367577647
360 32 26.90604661156263 7.458984890983574
360 33 3.169266437753213 17.66829033506879
361 32 27.266137499308112 3.1452652435453796
361 33 6.648272473765934 14.381422657453864
362 32 27.379381130763736 1.9215427827835108
362 33 11.390759012851257 15.993125600082776
363 33 15.157371292359318 20.155981318485686
364 33 19.423187879189175 23.52363035605337
365 33 24.030150150869872 20.99159271186463
366 33 25.722459136950263 15.187343020465851
367 33 26.741762609039643 9.192523411279385
368 33 27.26253646289056 3.0920116413197594
368 34 2.3704893886372225 29.10132671950052
369 33 27.380385354529057 1.9187335225159023
369 34 2.394941227552196 28.697880915336224
370 34 2.4299534144437747 28.12186657375816
371 34 2.472245077977015 27.425450535320145
372 34 2.5196476550277103 26.645034813326948
373 34 2.5707202180775446 25.806020927983855
374 34 2.6240484773813986 24.926106622793505
375 34 2.63682740417968 24.016218316865785
376 34 2.6381153531019343 23.086172507037936
377 34 2.63978228994629 22.14222157562936
378 34 2.6422052466557515 21.18856355021011
379 34 2.6461362324625437 20.228150724408785
379 35 2.633630272191901 28.71840308001577
380 34 2.7196444832759483 19.26624147206746
380 35 2.633899103160294 27.39800330722316
381 34 2.93576434022932 18.32631314577977
381 35 2.635310988403109 25.512801576205653
382 34 3.292541062165248 17.42777567235605
382 35 2.637943994873882 23.233550965491787
383 34 3.7881875866404138 16.599675288390127
383 35 2.645116775418817 20.678820541281198
384 34 4.479415494422278 15.914613246112836
384 35 3.039764157754184 17.97712803116105
385 34 5.194946307433295 15.254009066565885
385 35 4.072913765910392 16.322261986327213
386 34 5.93627131436554 14.643112619730267
386 35 4.795994982268231 15.61921891806428
387 34 6.835858254123182 14.297272490113608
387 35 5.4518969291485915 15.030547848786751
388 34 7.796450015998512 14.249788375245613
388 35 6.192091282244428 14.540643228788118
389 34 8.753810068602549 14.39282620417688
389 35 7.041483894032128 14.253032551575346
390 34 9.657193010324225 14.73139516157509
390 35 8.04178908533188 14.248718399022323
390 36 2.4102479323446024 28.53947661426693
391 34 10.48848350066459 15.230797012864466
391 35 8.99606125639215 14.451279405153446
391 36 2.5141074378527657 26.813297066124477
392 34 11.246910300516733 15.842592970778089
392 35 9.890832410424158 14.859389556706263
392 36 2.635734625327421 24.347885769804922
393 34 11.908593234629313 16.558124331710363
393 35 10.707962778344509 15.405869234951103
393 36 2.6425713532978925 21.362501552102984
394 34 12.562141975156056 17.282014411631216
394 35 11.450076155241991 16.047686259882852
394 36 3.0183320656010917 18.06044866035474
395 34 13.216411933012623 18.00557667131213
395 35 12.105592309759096 16.776786456140822
395 36 5.182564458000852 15.280936066968064
396 34 13.870677425465905 18.729368699772913
396 35 12.758247691836766 17.499878124522684
396 36 8.488224665777164 14.332780903700755
397 34 14.52487993621612 19.453375077803532
397 35 13.411532194512024 18.222309435196443
397 36 11.670252887755707 16.295006887956166
398 34 15.178431820384967 20.17807843580408
398 35 14.065459620273618 18.945335106531378
398 36 13.146545555593535 17.929088677359424
399 34 15.82782487684287 20.906582395495523
399 35 14.720406309441312 19.668283189805898
399 36 13.796316587009636 18.64886763578247
400 34 16.374941153741254 21.680078964789207
400 35 15.387715852053152 20.35883816230704
400 36 14.384805209154097 19.3267808679313
401 34 17.035559932501446 22.381419927555772
401 35 15.961298363210398 21.09341704615594
401 36 14.959162123824061 20.01171181132646
402 34 17.797994539407703 22.97967852253722
402 35 16.515882111662314 21.84562201337155
402 36 15.602014985964521 20.60768549738823
402 37 2.2889224878801415 28.468265648726717
403 34 18.69452330616331 23.349921565906584
403 35 17.221063007593074 22.517590082165253
403 36 16.12361623024135 21.343717691077444
403 37 2.4451067719685873 26.324525724033506
404 34 19.626852970718573 23.578681344156486
404 35 17.994171459274153 23.077521429916366
404 36 16.705968638267755 22.089258552150806
404 37 2.637595948279275 23.26253841635173
405 34 20.58071332165374 23.590723595887805
405 35 18.884934275010295 23.426730873337238
405 36 17.45931862107268 22.72075939438209
405 37 2.690660553681538 19.555264822355
406 34 21.529083591111885 23.392492527913635
406 35 19.82225659187772 23.62207612473656
406 36 18.274060206344114 23.193700022703727
406 37 4.463666657349807 15.935563418819699
407 34 22.39650430777121 23.023567657596754
407 35 20.81419066023665 23.567403739344044
407 36 19.163787479482792 23.491830633801634
407 37 8.213318787788344 14.278612574900976
408 34 23.11177561395161 22.368300408580126
408 35 21.736415665047534 23.339698117969238
408 36 20.117586151357646 23.637720279840686
408 37 12.01045425817159 16.67318473779692
409 34 23.67862977166014 21.587520565392893
409 35 22.571536423875756 22.861711580882236
409 36 21.10097104386942 23.519486956656607
409 37 15.2537960532807 20.262465149534286
410 34 24.18930831360305 20.759369901582424
410 35 23.286732207881357 22.209285280219724
410 36 22.025407652405683 23.25680069807547
410 37 18.715475229179322 23.3443446740561
411 34 24.571912958940754 19.86827048146667
411 35 23.820834386148913 21.361737219159167
411 36 22.826426848704113 22.63589726910435
411 37 21.66857467162659 23.36257611339562
412 34 24.889131558902683 18.94703771511467
412 35 24.325665602753986 20.544546295793246
412 36 23.480920463503416 21.907252580861584
412 37 22.55064653206674 22.912138577024372
413 34 25.136618187643165 18.00398462137905
413 35 24.66631550599866 19.60712361546319
413 36 24.00419361546768 21.066612262179678
413 37 23.216743285785412 22.282766617556714
413 38 1.9131707982409931 29.130882981532054
414 34 25.379148824091132 17.059379380014953
414 35 24.962374234175982 18.671691533886655
414 36 24.454798960441025 20.192727617122838
414 37 23.753599142813798 21.47060046704063
414 38 1.9465358007228724 28.809679641494917
415 34 25.556402653816647 16.100093761679734
415 35 25.21091601813977 17.727069432841592
415 36 24.784424255425346 19.260959138499768
415 37 24.23524981996887 20.70356339979424
415 38 1.9940999729848785 28.351073775246658
416 34 25.729829946026644 15.139934383009477
416 35 25.432613729669786 16.776129987840214
416 36 25.054977748232016 18.317611940276272
416 37 24.61869854912662 19.773828764588064
416 38 2.0516965055778464 27.796618495741466
417 34 25.897483741424114 14.178644364725045
417 35 25.60827625816216 15.814669329611068
417 36 25.305491549117725 17.36946849112218
417 37 24.918895199235028 18.84395932320466
417 38 2.116161034117701 27.17527771616302
418 34 26.062069039593084 13.21674065507725
418 35 25.781543059723788 14.85445733379816
418 36 25.500512597033865 16.40972305517702
418 37 25.16981203680535 17.88527424535758
418 38 2.1855045420419854 26.507281575384866
419 34 26.226428054810864 12.254743975649895
419 35 25.94653079957955 13.89279820387817
419 36 25.67440325059979 15.44952875625359
419 37 25.40418371750063 16.940306198281526
419 38 2.2582803723804465 25.806738036755902
420 34 26.390483773899852 11.292657862557563
420 35 26.112355318386374 12.931395991662058
420 36 25.844836530753565 14.48959047639663
420 37 25.572482707162674 15.981553045098043
420 38 2.3333691916596417 25.083478475524405
421 34 26.554445298909936 10.330529054476116
421 35 26.275157432010715 11.969627508442755
421 36 26.008899523465924 13.528369612714796
421 37 25.748739967214263 15.02540915456723
421 38 2.410099737620989 24.34437338737077
422 34 26.71860028608409 9.368414904464743
422 35 26.43907542638322 11.00863510320131
422 36 26.173023982129845 12.56778524053153
422 37 25.911538550907643 14.064550113820173
422 38 2.4880683210566352 23.59422287786157
423 34 26.827619783908588 8.399077173556007
423 35 26.60373932966246 10.049205880127822
423 36 26.336832119219594 11.608320379579594
423 37 26.07505092841955 13.105128563249586
423 38 2.5670173604628284 22.836378391334087
424 34 26.908764237135266 7.4264168176474135
424 35 26.76760294051819 9.088441907758703
424 36 26.500599407248366 10.650364087450765
424 37 26.240306600641503 12.149244585124437
424 38 2.6382020759050215 22.072513285762096
424 39 1.8706524089552987 28.462134894324805
425 34 26.98923950517977 6.45369473027768
425 35 26.851721194348947 8.11106412489836
425 36 26.66667009389623 9.688801015929968
425 37 26.40017911006933 11.189510346520844
425 38 2.6420172224818477 21.301397524637046
425 39 2.1003102300963805 26.466762423637718
426 34 27.06899874142951 5.480909329499312
426 35 26.932912164379786 7.13760427561403
426 36 26.7988915234739 8.71740540899467
426 37 26.602060382877728 10.263519562782742
426 38 2.6449396080327334 20.527640108387306
426 39 2.428426381147033 23.61789347009934
427 34 27.150951203594694 4.508303222896341
427 35 27.012858320090114 6.165589032445137
427 36 26.882579596189252 7.741649856048173
427 37 26.739822835193024 9.265532317983356
427 38 2.666743426290751 19.752912966453096
427 39 2.6412859957521144 21.17754635282372
428 34 27.233141738730694 3.535715077046949
428 35 27.093037367893967 5.19463177634078
428 36 26.96325756754448 6.770413061045242
428 37 26.83741068377575 8.283900994695628
428 38 2.749494408214366 18.980566468127662
428 39 2.6476508443531492 20.306282261441822
429 34 27.31533240923303 2.5631254761005486
429 35 27.175163673454318 4.22276233437448
429 36 27.042719195033758 5.800433978545409
429 37 26.918431696722937 7.313096146272237
429 38 2.9593271684946703 18.232777222596663
429 39 2.688296852521677 19.58026250010519
430 34 27.372575715331138 1.9513006372118078
430 35 27.249263186794334 3.3456473304111674
430 36 27.12213131585038 4.851513884588754
430 37 26.99795129412968 6.348973866202533
430 38 3.245245593159193 17.511389292240562
430 39 2.7680518126552838 18.863799002151765
431 35 27.374024507731434 1.942841197028097
431 36 27.234018126262818 3.5247300273966555
431 37 27.09191048469422 5.207796175744565
431 38 3.601783188489425 16.82013539928374
431 39 2.988091083390272 18.142887164163273
432 36 27.375843756978696 1.9341314342876421
432 37 27.24515848971676 3.3930545122838276
432 38 4.135038449997396 16.254896797692936
432 39 3.272003426808937 17.445007709816572
433 37 27.37754724852446 1.927247062164011
433 38 4.689969766407699 15.707994035384186
433 39 3.619955568666562 16.777044046024866
434 38 5.269903291512238 15.18738498038129
434 39 4.186882371091007 16.2069101124588
435 38 5.850879546557729 14.684110422344219
435 39 4.744344618728652 15.666482782699411
435 40 1.4708005218250813 28.887298030792415
436 38 6.572135069689026 14.401046431386545
436 39 5.298808699962016 15.159358682759267
436 40 1.5950032207622757 28.053414964249736
437 38 7.311101584348637 14.246363148794874
437 39 5.8438528406517065 14.68506076018615
437 40 1.7723835748858727 26.862845224563067
438 38 8.085984419553604 14.256952858966747
438 39 6.562147050400898 14.413482621678371
438 40 1.9868316017581684 25.423418708092168
439 38 8.846953810067196 14.412486260236054
439 39 7.332477665550342 14.253307933852671
439 40 2.2272403915911068 23.810385542907433
440 38 9.567946373276154 14.68586323056425
440 39 8.127157697106583 14.261883471819676
440 40 2.485891342192819 22.076250529804515
441 38 10.256201186695465 15.04755991638297
441 39 8.895108421454974 14.422295554548002
441 40 2.64631161134332 20.24868161347665
442 38 10.864078904934475 15.534032183828877
442 39 9.628643399653663 14.711880235323976
442 40 2.915282499124984 18.378086076682663
443 38 11.447786224933969 16.047724399178513
443 39 10.306627504344256 15.08262348087224
443 40 3.747175859883721 16.643297953442165
444 38 11.96990513307322 16.626171263041908
444 39 10.921076481082931 15.574137502717354
444 40 5.172150824707837 15.283461249647319
445 38 12.492220956621251 17.204687887620647
445 39 11.500698998691595 16.103257440667882
445 40 6.77540313100992 14.31343192806884
446 38 13.015051001624231 17.78291126681629
446 39 12.02498785078317 16.687694755097557
446 40 8.695429564185341 14.394550843092992
446 41 1.8908211014202587 28.699501059683605
447 38 13.537920312157425 18.361218557878423
447 39 12.546864360571002 17.266961987755238
447 40 10.444728952812477 15.207524444632941
447 41 2.0378406394427655 27.368331333714313
448 38 14.060766080605976 18.93963044546965
448 39 13.068806939371097 17.845059581841625
448 40 11.844360544318537 16.489796633963874
448 41 2.247736972281346 25.467751566230724
449 38 14.583437082339541 19.518258342366455
449 39 13.590808156518815 18.423487637769753
449 40 12.53485282851845 17.251872534768538
449 41 2.5015494668324867 23.16991322641563
450 38 15.10570641369716 20.09728926983133
450 39 14.113284803801157 19.001937283453028
450 40 13.050624041901822 17.819719987785735
450 41 2.6445613988628844 20.586741720226897
451 38 15.625743447717625 20.678352210161687
451 39 14.636627498201355 19.57986764265095
451 40 13.539954977705479 18.358534731082898
451 41 3.085641662409238 17.851961730124298
452 38 16.083809257348115 21.30252772686339
452 39 15.172058007999727 20.14453530003896
452 40 14.032396336623487 18.90416649967548
452 41 4.832169716982573 15.582841607875604
453 38 16.567492457416968 21.913629408876723
453 39 15.732999404801786 20.694100965571124
453 40 14.527012708935958 19.47256863101873
453 41 7.310498470444788 14.244834191136407
454 38 17.123453874814054 22.451151245836925
454 39 16.10805881138628 21.339016244575976
454 40 15.029367081533637 20.020695970557657
454 41 10.126570280522396 14.987814601418997
455 38 17.733401154004294 22.929031883424347
455 39 16.585458094006068 21.941079034256365
455 40 15.55441131051249 20.563445271158418
455 41 12.38625844861489 17.088311996303414
456 38 18.433627355865536 23.252971491863555
456 39 17.14639420233764 22.45795062452608
456 40 15.981156567953104 21.143477361176746
456 41 14.504589267612895 19.431271406978166
457 38 19.162167234486205 23.48822612108794
457 39 17.73780441490866 22.92524423950919
457 40 16.433806249151722 21.750189142726423
457 41 15.656867061892546 20.607821510951982
457 42 2.3137554899880843 28.741861676823756
458 38 19.91450685938048 23.63430433674336
458 39 18.462664965428324 23.25501717312416
458 40 16.948855645515838 22.315733429529438
458 41 16.02786312195708 21.22001154234953
458 42 2.406354689230378 27.388305927722183
459 38 20.68279608299855 23.578508445812663
459 39 19.172580828983254 23.48943602701896
459 40 17.540866193540687 22.78282894189987
459 41 16.470911097336327 21.788495403099063
459 42 2.5387722119528946 25.455780015764237
460 38 21.439900035602353 23.418018960915838
460 39 19.920343062657373 23.639946457157993
460 40 18.20333355086396 23.16446703691397
460 41 16.931901539432996 22.29718999909734
460 42 2.6380857201799444 23.117019092171144
461 38 22.17093664637221 23.200809195857108
461 39 20.735657658205415 23.576418187066867
461 40 18.93189643321956 23.441974301469177
461 41 17.504283264116854 22.75540241918225
461 42 2.647692066162278 20.493790318143137
462 38 22.75536632938805 22.69512341669562
462 39 21.47351596632604 23.41676890033718
462 40 19.6982952935177 23.596893108663064
462 41 18.152031221615868 23.14531411540146
462 42 3.132375540391266 17.742318745881974
463 38 23.317104400674584 22.163862124276186
463 39 22.171974272747363 23.20880217717952
463 40 20.469673504837694 23.606288006860883
463 41 18.8359295122237 23.40986750996775
463 42 4.951115920212429 15.486722974918763
464 38 23.72930046458903 21.50564388063259
464 39 22.786983860437154 22.672634163459435
464 40 21.237023161080888 23.480357368542094
464 41 19.581141713213277 23.574911073436546
464 42 7.478237121191736 14.245905148230426
465 38 24.137357723751666 20.843722790045224
465 39 23.335914065239663 22.14108425865791
465 40 21.960651075996605 23.27348352199616
465 41 20.36833645066149 23.61869087948143
465 42 10.311870334786397 15.098031343846177
466 38 24.47343880594022 20.146020748960783
466 39 23.760318711777572 21.456512657075667
466 40 22.617706158245927 22.810475731518636
466 41 21.146945544321408 23.503810117222283
466 42 12.565672706566579 17.287624002797774
467 38 24.733443964773922 19.41201443757742
467 39 24.158070141660822 20.81529800932282
467 40 23.191870182556993 22.29093065281868
467 41 21.897403264463787 23.287687707414612
467 42 14.71171727698243 19.66116106051174
468 38 24.96311010353942 18.66815883175829
468 39 24.490303506931728 20.084384572780483
468 40 23.654972218597482 21.62745602626482
468 41 22.573205885034692 22.85660054130959
468 42 16.742709578609023 22.134321548600315
468 43 1.859362052375465 28.57372825088277
469 38 25.16004448676151 17.91416987485257
469 39 24.761381027985202 19.342401626431656
469 40 24.073719607582653 20.952468137730325
469 41 23.17592296739936 22.316819489562636
469 42 19.39374400441826 23.53320807964426
469 43 2.0615980382597505 26.814394874748444
470 38 25.356929148409048 17.159994866121252
470 39 24.98345872782329 18.591096662774454
470 40 24.43582053262209 20.25478113690745
470 41 23.640360585252534 21.65176580402523
470 42 22.344156080779637 23.07254150535254
470 43 2.350425299615326 24.302515089209813
471 38 25.503137825846544 16.39432654823866
471 39 25.182070054093874 17.83821344277409
471 40 24.70155788672551 19.507158915283096
471 41 24.05673695025055 20.98176183365942
471 42 23.306858499546035 22.188998802209923
471 43 2.6420289301740434 21.261935811655515
472 38 25.64186686758851 15.627117427357586
472 39 25.377222095241393 17.084631495959794
472 40 24.93863878668365 18.762127117069117
472 41 24.423494199859874 20.289521264107844
472 42 23.73030269957248 21.50723640490418
472 43 3.0685449952950634 17.891324827939428
473 38 25.78009918784363 14.859760996813698
473 39 25.517794855800044 16.314869878593232
473 40 25.137388130839582 18.005962255330434
473 41 24.690484174247782 19.53983759621322
473 42 24.108665717584817 20.899677200053198
473 43 5.358621326284927 15.128180444776808
474 38 25.91245145666791 14.09132826105211
474 39 25.656845044868376 15.547368661109664
474 40 25.335497300559204 17.25226892262861
474 41 24.93055829042316 18.79332641988609
474 42 24.438663063204693 20.246963166857654
474 43 8.783762006480266 14.411003449279411
475 38 26.0439735556647 13.322724189639874
475 39 25.79461490924985 14.78015302321748
475 40 25.486856509554432 16.484834300968696
475 41 25.12967101710641 18.03630268880183
475 42 24.69287098128278 19.53352286273797
475 43 11.929010513471248 16.581997026275452
476 38 26.175272185610503 12.554062175425369
476 39 25.926278817704336 14.011691522735044
476 40 25.625931943444808 15.717015637334002
476 41 25.3239498767803 17.283031019416356
476 42 24.925140765796016 18.808547805109225
476 43 14.660824796531681 19.604350495426
477 38 26.306497483850038 11.785373956113569
477 39 26.057691155978556 13.24336695708519
477 40 25.764597936811416 14.95011400042501
477 41 25.48139337831783 16.515305389152118
477 42 25.12367076772986 18.059064140114337
477 43 17.29755987202301 22.61387734995398
478 38 26.437587892102393 11.016653135684766
478 39 26.188925230882262 12.475157869037757
478 40 25.896926212389474 14.18214809298266
478 41 25.62051758799402 15.747494897569073
478 42 25.321722395611346 17.307951943379525
478 43 21.056041971721182 23.565857645135967
479 38 26.568494028481876 10.247894229605048
479 39 26.320081811439216 11.707151272690918
479 40 26.028351662853208 13.414359712255097
479 41 25.759220238020543 14.981184791180317
479 42 25.476517022252523 16.542253703433317
479 43 24.03723053914229 21.012360918736714
479 44 1.4771367302821496 28.937772721361167
480 38 26.699667795044835 9.479176262804623
480 39 26.450912195023058 10.93946242289518
480 40 26.159476556249157 12.646908552285655
480 41 25.891531221884346 14.213966692272674
480 42 25.61544276496159 15.775443011171898
480 43 25.320977139317005 17.330581428384786
480 44 1.5804165558068302 28.23819387568693
481 38 26.801650652839268 8.70657329872519
481 39 26.58256496839909 10.172865509610357
481 40 26.29033416008607 11.880108634795292
481 41 26.022800856707303 13.447215075006495
481 42 25.754028650699887 15.009970675675003
481 43 25.531466803595357 16.239637710558128
481 44 1.7278919251146378 27.2393722456505
482 38 26.866772608029454 7.929462478909636
482 39 26.715525643968714 9.40713017564886
482 40 26.420859736226785 11.114650655392705
482 41 26.153644139792153 12.681565067950094
482 42 25.886364449686084 14.244081398860079
482 43 25.6617783414644 15.52085293540437
482 44 1.9061754276163712 26.031772165648764
483 38 26.931576386137873 7.152323311156549
483 39 26.808645303656252 8.628591756544747
483 40 26.55223183638553 10.347273613463486
483 41 26.28428530245228 11.916175271388019
483 42 26.01733187401885 13.47913828404794
483 43 25.786236371151855 14.829528491953178
483 44 2.106000356872689 24.678519290202566
484 38 26.995693391999406 6.375125531028519
484 39 26.873662884283966 7.8492037743954555
484 40 26.68473269469088 9.577817271756553
484 41 26.415205684320973 11.148460124721844
484 42 26.14825564826569 12.71320655823348
484 43 25.906844468297063 14.12529189332238
484 44 2.3209327440885383 23.22365950254256
485 38 27.059325940013032 5.597887754074149
485 39 26.938519670904814 7.072009151101946
485 40 26.793676379106895 8.802025450157087
485 41 26.545778275617337 10.379229052173374
485 42 26.279265440990915 11.945642247288845
485 43 26.03099869139322 13.399695132993799
485 44 2.5467588267208456 21.697963381401404
486 38 27.12454487876108 4.820781038592938
486 39 27.00233830432784 6.295612666738752
486 40 26.859113100164233 8.021970991525574
486 41 26.679842428980187 9.609481255826848
486 42 26.410371843006807 11.176565320798137
486 43 26.15837286146589 12.65409727984924
486 44 2.645848585727025 20.113048101474195
487 38 27.190212452576525 4.043711630282268
487 39 27.065881279328615 5.520025644240269
487 40 26.92393323584605 7.245400741779231
487 41 26.79131207849398 8.834173247576858
487 42 26.541957837516613 10.407103673079623
487 43 26.287848567017306 11.895418276708781
487 44 2.8731820371762784 18.514711023795414
488 38 27.25588030973091 3.26664198687568
488 39 27.131247586814062 4.7440710687249945
488 40 26.98788650928415 6.470290036599938
488 41 26.85644133537111 8.054775162944738
488 42 26.67501620620945 9.637497773500371
488 43 26.41839398483974 11.129834132019548
488 44 3.508357053571159 17.00967399658403
489 38 27.32154818208427 2.4895721640275386
489 39 27.196899378979523 3.9671892694498876
489 40 27.05129667110887 5.6951401839587845
489 41 26.92119569435007 7.2793142057145035
489 42 26.78868950677526 8.863897952722871
489 43 26.549615521935642 10.362363743783835
489 44 4.61429994206679 15.787381313364161
490 38 27.37115106628196 1.9608404781696782
490 39 27.25744454867184 3.2498900202265406
490 40 27.115447131720757 4.929164973312294
490 41 26.985009734906605 6.50617828001928
490 42 26.85388315521051 8.085472881228341
490 43 26.682793720933713 9.594244481875851
490 44 5.8089409310205395 14.699972080020252
490 45 1.7553960737856524 28.888311818743198
491 39 27.376065230674374 1.9332731013438642
491 40 27.214292625338615 3.75782330903504
491 41 27.06289665864491 5.55429243235759
491 42 26.923002636179824 7.256882725663738
491 43 26.793609865687394 8.807530638361953
491 44 7.35350401080411 14.25699175870216
491 45 1.8801653233338798 27.86117200330962
492 40 27.342237463925173 2.244775256094631
492 41 27.180155702919418 4.1627797349448
492 42 27.021677437559262 6.0571285025620565
492 43 26.87810591951157 7.794375607585014
492 44 8.966447777001147 14.443172894948757
492 45 2.0583875334131645 26.394682432227512
493 40 27.376850300064977 1.9297535531535355
493 41 27.263346781012693 3.17836565821586
493 42 27.13115382538339 4.744108293240997
493 43 26.992219302583027 6.417715596434395
493 44 10.422747914835869 15.184570289075898
493 45 2.273856880584242 24.621663390614135
494 41 27.375348043864026 1.9371543927785873
494 42 27.23965022930614 3.458183618974879
494 43 27.0994317416911 5.121546727820346
494 44 11.680371553411534 16.30490601771007
494 45 2.5155250915368765 22.634811830654204
495 42 27.374842167225836 1.9385920567543047
495 43 27.239215200033595 3.464253823937898
495 44 12.820915501924052 17.568305877151257
495 45 2.64500496728019 20.490365087318995
496 43 27.37675998006435 1.9300859680004183
496 44 13.963532761046324 18.832132784264033
496 45 2.9517276497448632 18.262107416504346
497 44 15.106028542752288 20.097673423687798
497 45 4.11423751368245 16.282663969188345
498 44 16.17415387436875 21.418132857215305
498 45 5.835196786581164 14.697699404845215
499 44 17.35280704534429 22.622348150329024
499 45 8.082339186658752 14.26871938665756
500 44 18.80907865049915 23.394035092301902
500 45 10.29193903314219 15.080326415803816
501 44 20.409704214296603 23.599604827577984
501 45 12.073823835839235 16.741577994328356
502 44 21.970724158009716 23.254368166870073
502 45 13.729651117112047 18.57352483298241
502 46 1.3374454099728523 29.154034183996043
503 44 23.23525613863129 22.240403305915503
503 45 15.38964500192739 20.413633034927106
503 46 1.4031979299984056 28.842109146410237
504 44 24.13429713191544 20.8265426465348
504 45 16.917020786980135 22.27686292439315
504 46 1.473769132113558 28.390243634097367
505 44 24.783535392340976 19.270362848285593
505 45 18.935974423989155 23.42202729767891
505 46 1.5590901207489596 27.843928027879894
506 44 25.235553148072523 17.625152252846924
506 45 21.25042746997001 23.461638327645584
506 46 1.6546946812048042 27.23171573437265
507 44 25.58263924990535 15.9546880683097
507 45 23.188583133240876 22.27430370068451
507 46 1.7574802390366326 26.573529880355366
508 44 25.88118476010056 14.273747436209476
508 45 24.49505271705372 20.199615145324863
508 46 1.8652753900582506 25.883269296716843
509 44 26.17002797012735 12.591002291042788
509 45 25.193886718071653 17.84240796563123
509 46 1.9765620732667137 25.170630382181507
510 44 26.45604014858495 10.907635762755724
510 45 25.685505129208703 15.391129465923797
510 46 2.090302461136035 24.442381405785667
511 44 26.80262697262399 9.222498113083379
511 45 26.110267613313848 12.930113118342113
511 46 2.2057832137580164 23.703246107058
512 44 26.901548659879914 7.518210471505497
512 45 26.53322021662499 10.48332103485491
512 46 2.3224991655789355 22.956518966188632
513 44 27.041402847563585 5.816313292118927
513 45 26.86166543541493 8.004977726228633
513 46 2.4401556497254897 22.204507506267255
513 47 1.3930878592864224 28.925832421993046
514 44 27.186526526644602 4.115389438441052
514 45 27.03207465057031 5.959951640953679
514 46 2.5585870817897955 21.4488279377536
514 47 1.5323879295249236 28.032218825908366
515 44 27.32798485932282 2.41372835075239
515 45 27.17071849379892 4.28023957370415
515 46 2.6441160799983727 20.687407080988578
515 47 1.7312589615711975 26.756359053407373
516 44 27.376632507814588 1.9310031780361803
516 45 27.26434109870951 3.186004498243516
516 46 2.651021867148654 19.918188699548004
516 47 1.9717269831650024 25.213820748321783
517 45 27.37520996703068 1.9371962212298541
517 46 2.7309097499852872 19.151768504942392
517 47 2.2413181031552134 23.485243037077318
518 46 2.9078565362420097 18.403289861622167
518 47 2.53152410316347 21.626916351499137
519 46 3.1614905473482833 17.675644950215403
519 47 2.6767485571740344 19.66235428410817
520 46 3.514463433571166 16.988684234737118
520 47 2.883872123269182 18.467301414784657
521 46 3.9951158559258064 16.393477698094035
521 47 3.1357084230204606 17.718158185936442
522 46 4.544709936369727 15.850164178860558
522 47 3.4661401119678823 17.074287081450898
523 46 5.1133991132515 15.326742959431444
523 47 3.9010675325194177 16.48672592074411
524 46 5.694554888867802 14.820727409209937
524 47 4.442318115729831 15.956796700824638
524 48 2.373498475009232 28.852176485682786
525 46 6.366493514558598 14.4851244829783
525 47 4.982377320813877 15.44953244057826
525 48 2.439035672206617 27.793612417066186
526 46 7.081695130732235 14.245859720766259
526 47 5.522878627118826 14.965523780938934
526 48 2.532639374075985 26.282248824035573
527 46 7.85071711615569 14.250252155481597
527 47 6.143721851982024 14.559809502997837
527 48 2.6355305123861865 24.45453443888149
528 46 8.609696096493957 14.362518327043086
528 47 6.823090691958062 14.300039103151319
528 48 2.6393286011927706 22.402939672050273
529 46 9.345981338707396 14.573146474858087
529 47 7.638139694918483 14.249150568664614
529 48 2.647719831207016 20.196433304725357
530 46 10.033325574583888 14.923792712954091
530 47 8.419288093774975 14.3190042591268
530 48 3.0539301933963943 17.931948451483827
531 46 10.660382367530678 15.369521760515436
531 47 9.166488391066132 14.482866305307692
531 48 4.397711839482641 16.007113182460476
532 46 11.261346824432627 15.85503279068141
532 47 9.869518660748653 14.836003245345095
532 48 6.244876535537506 14.535048076517088
533 46 11.786187174309616 16.422109120579286
533 47 10.521438623186803 15.254818377870107
533 48 8.566429866507299 14.36828143960208
534 46 12.303823193402634 16.996308211642766
534 47 11.128172529704495 15.742149506310861
534 48 9.886621454079917 14.851698625737944
535 46 12.822390006203989 17.569856198340666
535 47 11.677311513201529 16.30063929693091
535 48 10.56127209801709 15.291742049506643
535 49 1.4468689133718207 28.54814919856039
536 46 13.341064000420959 18.14343921283187
536 47 12.1971816457025 16.878698112053314
536 48 11.13196467986108 15.75391790823875
536 49 1.7461238278589093 26.634611705550306
537 46 13.859662112984626 18.71718287516702
537 47 12.715781688608308 17.452711024744165
537 48 11.65201906115633 16.2740768415531
537 49 2.1734366295557606 23.902565145127596
538 46 14.378258146911808 19.290992614824354
538 47 13.23411165867256 18.025852727243493
538 48 12.14763468689305 16.823696042157184
538 49 2.644571555374683 20.595474345652097
539 46 14.896505180401222 19.865162352815787
539 47 13.75245866001016 18.599155104291057
539 48 12.651347764119066 17.381447845484715
539 49 3.507190035481184 17.009108340925998
540 46 15.413622078914035 20.44038044986811
540 47 14.271264633941867 19.172420393801954
540 48 13.16278394268063 17.94690795002798
540 49 6.438611816170852 14.457047762999855
541 46 15.922733588407194 21.022324680273716
541 47 14.79058853352288 19.745479168308027
541 48 13.678432655074626 18.517625476743856
541 49 10.264921423996297 15.064961888732087
542 46 16.364875655481846 21.652424470376033
542 47 15.321723601550964 20.302981884158257
542 48 14.19206699506292 19.091807719550157
542 49 13.123712091333454 17.902996147525673
543 46 16.846522373977134 22.218587371458703
543 47 15.839315416833795 20.86141467695183
543 48 14.700069488080851 19.670833578967876
543 49 13.916264369490408 18.722935190783137
544 46 17.44709912915404 22.704861278432883
544 47 16.21979515244286 21.47389242063082
544 48 15.201454056197488 20.194501352394987
544 49 14.472026192401472 19.177738741742694
545 46 18.087628093900182 23.114303133814577
545 47 16.687991653370652 22.05299211057958
545 48 15.717313040684633 20.71343292267328
545 49 14.962301587936357 19.631531669503435
546 46 18.80241536064551 23.39143351655281
546 47 17.27524876670124 22.56732590075859
546 48 16.111750526161394 21.33512632690427
546 49 15.423277468101471 20.12145530166969
546 50 2.383226769198738 28.43580989373747
547 46 19.54656037866871 23.563118223215866
547 47 17.872924587034294 23.02413349214511
547 48 16.585486990220076 21.92282123015448
547 49 15.79312594390645 20.707195889517
547 50 2.5206568321498146 26.272988388191244
548 46 20.298096548146148 23.624139743058706
548 47 18.602261410234036 23.318912137037913
548 48 17.152056618895315 22.46749010993807
548 49 16.126832145070107 21.350168098201237
548 50 2.6379451473225597 23.182487362355864
549 46 21.060381360243472 23.52425658547015
549 47 19.30605875414903 23.51960457734647
549 48 17.721678609955422 22.92694931889818
549 49 16.589683164795783 21.950215356260657
549 50 2.7002730598839007 19.440892685065755
550 46 21.800495077828113 23.314182390573496
550 47 20.049840707383662 23.652445706810195
550 48 18.41498138264402 23.248910295902146
550 49 17.127953972519016 22.459438179655574
550 50 4.564850379889523 15.835640492445672
551 46 22.456506972934115 22.96878961531237
551 47 20.841460896295644 23.564062609550458
551 48 19.11987913334518 23.482750745427005
551 49 17.69279739072561 22.905890079411094
551 50 8.37168196245045 14.320774751327837
552 46 23.023375281410875 22.44934510433967
552 47 21.577969621991237 23.384620116317574
552 48 19.864110841580935 23.63004172787672
552 49 18.393181032210748 23.241202718780134
552 50 12.128709387749096 16.80201458655818
553 46 23.509067812152253 21.861612964348495
553 47 22.279224580758633 23.129351981680653
553 48 20.650482407701627 23.580310014770575
553 49 19.081731123950984 23.476027985052834
553 50 15.397447193842451 20.422282863216747
554 46 23.91430908009993 21.205747810232037
554 47 22.87200346169567 22.593151294804038
554 48 21.418861839442332 23.43018768951155
554 49 19.854320687560534 23.629952521863746
554 50 18.430898022305005 23.25323815031719
555 46 24.318614823508554 20.548792763292
555 47 23.402874825110793 22.03320562815194
555 48 22.134525355157038 23.22285451772225
555 49 20.66872277463355 23.58414153063409
555 50 19.408386480229105 23.545961216324482
556 46 24.587138346032084 19.825225584963775
556 47 23.819718883934534 21.363244130637796
556 48 22.768714171229952 22.687807923860387
556 49 21.444545337885533 23.42444321389498
556 50 20.105864953085387 23.637323418836754
557 46 24.844908635393253 19.09688866173275
557 47 24.221165039966653 20.71480226812439
557 48 23.32596707655544 22.15505257493574
557 49 22.161815939031825 23.199528376669058
557 50 20.83895683454286 23.554838748629805
558 46 25.0460814676807 18.350720868603812
558 47 24.52910551022328 19.992721886290703
558 48 23.74925693967838 21.47693266204938
558 49 22.7883758099779 22.661473628266375
558 50 21.57381006581241 23.37370490209819
559 46 25.241410758805998 17.602716468683816
559 47 24.790310969780478 19.257720259007648
559 48 24.157486835584102 20.818202905061046
559 49 23.349520378602453 22.113409610012777
559 50 22.258555101378256 23.141870195172412
560 46 25.419650360552026 16.850639539173415
560 47 25.00509691202431 18.509165148740106
560 48 24.489270671947253 20.104610782802638
560 49 23.77514314470562 21.425055327816214
560 50 22.875979028817138 22.584939456535874
561 46 25.55825238254972 16.089841200410543
561 47 25.201842298634173 17.760877732044662
561 48 24.752782702885238 19.36403067398204
561 49 24.182541499866435 20.761712541253193
561 50 23.40913687738119 22.003938034064852
562 46 25.69568679143304 15.328761900008274
562 47 25.39062195089636 17.010733834789338
562 48 24.976287401569166 18.618341576041818
562 49 24.509383745329977 20.036919116569432
562 50 23.83036735609254 21.35593253629645
563 46 25.83088846697074 14.567239267629281
563 47 25.529889841732693 16.24771209611552
563 48 25.173700742244286 17.86833498639954
563 49 24.776750423460847 19.298966718489872
563 50 24.269571003538335 20.72523427507945
564 46 25.961479667446746 13.804875306263975
564 47 25.66765581787872 15.486279433742324
564 48 25.36888139106744 17.1197033540894
564 49 24.99476381654441 18.554424409764675
564 50 24.547231379648995 19.960148050488648
565 46 26.091831241742245 13.042447208848468
565 47 25.803921488577505 14.725058400293225
565 48 25.51017441351912 16.3563695028727
565 49 25.19026401990752 17.80719582932576
565 50 24.807779490814237 19.213077509210287
566 46 26.22211466793966 12.279991270170937
566 47 25.934541433580588 13.962832488602842
566 48 25.64808272319875 15.594977214615326
566 49 25.380127943387762 17.05822613080693
566 50 25.01108531242028 18.474601894407662
567 46 26.35220006675234 11.517490307774725
567 47 26.064829020197912 13.200678156526575
567 48 25.785053888590443 14.834227661900114
567 49 25.52123291311535 16.29577659813215
567 50 25.254238070463437 17.77399221401144
568 46 26.482100533391165 10.7549495485747
568 47 26.19502081392092 12.438618173847583
568 48 25.915789098371647 14.072392175775672
568 49 25.658970721873914 15.535230163684545
568 50 25.392639923462937 16.97359146678443
569 46 26.61208941513697 9.992418727066964
569 47 26.325058074854194 11.676708878026318
569 48 26.046086127197935 13.310756814529302
569 49 25.795354280395433 14.77499137311794
569 50 25.53211961807951 16.205861005896995
570 46 26.742237365349165 9.229911021087087
570 47 26.455027678454055 10.915103679189011
570 48 26.17616102129593 12.549430676697114
570 49 25.9259722742336 14.013804074814542
570 50 25.668796633740683 15.446849718105184
571 46 26.82234673812496 8.460810050345664
571 47 26.585355262002242 10.154667949200984
571 48 26.30596363069051 11.788816277640352
571 49 26.056084454587946 13.25317636021841
571 50 25.807979397433837 14.688380069313112
572 46 26.886751496708847 7.68995665434729
572 47 26.716468322188902 9.394581168043763
572 48 26.43542334070978 11.029410203793915
572 49 26.185758414138647 12.49374156606168
572 50 25.935328728141858 13.92772141847035
573 46 26.950868317383307 6.919077909558131
573 47 26.805973363867444 8.623589675064812
573 48 26.559362957594374 10.267903217086326
573 49 26.31145138757295 11.73409727430597
573 50 26.066963073525137 13.17258658616341
574 46 27.01427953618319 6.148139952976125
574 47 26.873444678661333 7.850306215719269
574 48 26.69299176387004 9.507152648219805
574 49 26.442225213309584 10.975688294407032
574 50 26.19258891059199 12.416168133033471
575 46 27.07763379574794 5.377196762623437
575 47 26.93774582571152 7.078989421524511
575 48 26.797290129394575 8.73432172688849
575 49 26.575309049663474 10.220878740633038
575 50 26.32353630695322 11.658792421841419
576 46 27.14266198230231 4.606392450110863
576 47 27.001146617881986 6.308641763468789
576 48 26.864288738764884 7.960296373820766
576 49 26.708661118462565 9.447159616732504
576 50 26.45091450744356 10.893540338759845
577 46 27.207799599991038 3.8355970521801903
577 47 27.064177913302988 5.539055790663164
577 48 26.928566280226445 7.190073788421143
577 49 26.8011543835618 8.672223237585936
577 50 26.584540325745824 10.12776690833566
578 46 27.27293725690402 3.0648014453271495
578 47 27.128949948133894 4.769348258769557
578 48 26.991938137865407 6.421361115266663
578 49 26.86938278062078 7.900371874508697
578 50 26.724117454094117 9.363386847384364
579 46 27.338075020416074 2.294005699410137
579 47 27.19406287822121 3.9988427358723344
579 48 27.054757691900704 5.652719617542536
579 49 26.93342073304916 7.132279628115726
579 50 26.80723982541305 8.586045975167458
580 46 27.372992733644768 1.9495782277399107
580 47 27.248804947790937 3.3518164121723975
580 48 27.11700162761952 4.913828105281916
580 49 26.99600568531474 6.3716306013278565
580 50 26.869996286312226 7.816196888801077
581 47 27.364268976569274 2.015022755837097
581 48 27.20040695077259 3.9361679610199154
581 49 27.05526221736471 5.559834644139098
581 50 26.936620256877553 7.056411917329847
582 48 27.340674743103428 2.2632676150894073
582 49 27.182688947123793 4.140278507440219
582 50 27.027324710041043 5.928460702608091
583 48 27.377323154131343 1.9278609560618842
583 49 27.271161481749616 3.0890421584057317
583 50 27.142250908946355 4.5292248732341145
584 49 27.37703988135725 1.9290708630063207
584 50 27.25405143590351 3.2242427291675955
585 50 27.37715895641124 1.927356090273961
