timeStep pedestrianId velocity-PID3
1 1 0.0
2 1 0.5566730362170371
3 1 1.438832057860815
4 1 2.054293228683655
5 1 2.4836858901453263
6 1 2.7832629944667904
7 1 2.9922708945004657
8 1 3.13809072642878
9 1 3.2398256708736293
10 1 3.310792640693371
11 1 2.085142155368453
12 1 2.708492560867153
13 1 3.160205187458078
14 1 2.8988850120843335
15 1 3.2209816770876776
16 1 3.3581005209345878
17 1 3.3933212924413025
18 1 3.4178940568455443
19 1 3.34164511760625
20 1 2.42844351988356
21 1 1.7858641635003583
22 1 3.064495771040169
23 1 3.1923832100704512
24 1 3.2695785576637553
24 2 0.0
25 1 3.3252799562327993
25 2 0.7322399502460394
26 1 3.3586618930465773
26 2 1.0454561378605849
27 1 3.4064257854765043
27 2 1.2639796520807898
28 1 3.4178859772703554
28 2 1.4164383334637762
29 1 3.278288436821391
29 2 1.5228051481781022
30 1 3.2655239741112116
30 2 1.5970147565470898
31 1 3.456094856827762
31 2 1.6487890850325018
32 1 3.4616897607414914
32 2 1.684910833142076
33 1 3.4655929858960706
33 2 1.710111956232682
34 1 3.4136158340969995
34 2 1.727694270802978
35 1 2.669431426316151
35 2 1.739961045338608
36 1 3.0859697365003256
36 2 1.7485191695664832
37 1 3.411682045458496
37 2 1.7544855842555547
38 1 3.4278755320059564
38 2 1.7583351023572125
39 1 3.43363223202414
39 2 1.1449952920355855
40 1 3.363652891258912
40 2 0.9678219656493966
41 1 3.447316161165267
41 2 1.1418483005356133
42 1 3.4482276794576863
42 2 1.535910311347935
43 1 3.374132314224619
43 2 1.6101015191816215
44 1 2.6521324047887136
44 2 1.6504511105006598
45 1 3.3894795175799275
45 2 1.60144019969061
46 1 3.4181970128371035
46 2 1.4567716274230476
46 3 0.0
47 1 3.4223945972664818
47 2 1.5643616352608147
47 3 1.4819366219400152
48 1 3.442597855815731
48 2 1.7145243108886408
48 3 2.1158361328550455
49 1 3.430493598128318
49 2 1.7308428187634544
49 3 2.558092769747847
50 1 3.1358225118722665
50 2 1.742157713946539
50 3 2.866644799736879
51 1 3.281542785753526
51 2 1.75005184713626
51 3 3.0819141926636733
52 1 3.1916576367104756
52 2 1.7555593970900651
52 3 3.2321020988154814
53 1 3.1934330418579906
53 2 1.75940188264023
53 3 3.3368282333277435
54 1 3.1346993958097973
54 2 1.7620826878313205
54 3 3.387933413622771
55 1 3.396912974539569
55 2 1.75929317246537
55 3 1.9663929910875209
56 1 3.198930815956503
56 2 1.749348020437222
56 3 3.0120946129359614
57 1 3.4541559567034215
57 2 1.4225541687162764
57 3 3.199490199357612
58 1 2.853035114601349
58 2 0.7269957784072575
58 3 2.9613090018530746
59 1 3.307526065210473
59 2 0.837196711910717
59 3 3.427698988239071
60 1 3.2646681145313106
60 2 1.1960298118894626
60 3 3.4738308122428743
61 1 3.197156653378738
61 2 1.4815003459296519
61 3 3.505533523095406
62 1 3.273083077365356
62 2 1.5699676407957899
62 3 3.526772065036651
63 1 3.429993100042318
63 2 1.6297935876197045
63 3 3.367008762227486
64 1 3.3345516702739557
64 2 1.6717772567807325
64 3 1.772050768871224
65 1 3.1598256830697404
65 2 1.700949091916848
65 3 2.6837000736372345
66 1 3.4318284012241804
66 2 1.7213015720984386
66 3 3.233404907823824
67 1 3.4447646219308377
67 2 1.7355010157902817
67 3 3.3360544676326436
68 1 3.4537849232454456
68 2 1.7454076212783523
68 3 3.378192506793374
68 4 0.0
69 1 3.460078164043468
69 2 1.7523193244039554
69 3 2.075613280848271
69 4 1.2713018808168515
70 1 3.4592921099600957
70 2 1.7571412988406685
70 3 1.704550128092387
70 4 1.8151021413245638
71 1 3.210484605957948
71 2 1.7605055356547115
71 3 1.7147874543075283
71 4 2.1944987594072654
72 1 1.7362539495166558
72 2 1.762852669087785
72 3 1.7338685787870975
72 4 2.459194798357176
73 1 2.619903806174138
73 2 1.7644901710252368
73 3 1.7491451037828727
73 4 2.6438669567190494
74 1 3.161637430940639
74 2 1.7548085339842758
74 3 1.7785200537586767
74 4 2.772708339101543
75 1 3.2562380157753674
75 2 1.632946713819017
75 3 1.6421907503165902
75 4 2.8625976901100705
76 1 3.3222543780245113
76 2 1.6587384498673576
76 3 1.601655473260318
76 4 2.925305233516012
77 1 3.3683124272825404
77 2 1.7240019842236354
77 3 1.65546550434085
77 4 2.968945420044564
78 1 3.4004460326819306
78 2 1.7635426748693
78 3 1.8198050380933708
78 4 1.7848273784494388
79 1 3.4228647093979894
79 2 1.7653904057069532
79 3 1.791522219481091
79 4 2.195268087026688
80 1 3.438170750171034
80 2 1.7662607479153951
80 3 1.7612542282564283
80 4 2.8303161613202454
81 1 3.3601451381794254
81 2 1.7668679647552747
81 3 1.7621184242897154
81 4 2.753394585630833
82 1 3.112715914242481
82 2 1.7672916041659512
82 3 1.764967800734113
82 4 2.5997537180950685
83 1 3.4200347272159286
83 2 1.7675871619139338
83 3 1.7666119900962718
83 4 2.9285158199231924
84 1 3.4382205596901567
84 2 1.7677884961687846
84 3 1.76741668586315
84 4 2.971370110459457
85 1 3.4503441598603612
85 2 1.6820878126756547
85 3 1.7016819766950868
85 4 3.0011995454478795
86 1 3.452658315111459
86 2 1.49532963105138
86 3 1.5378534983563938
86 4 3.0220108215962553
87 1 3.462923865671404
87 2 1.5872876972145689
87 3 1.35271224637956
87 4 3.0023580403233625
88 1 3.462679971644023
88 2 1.6042327833018077
88 3 1.5971950801189811
88 4 2.4687634539161016
89 1 3.3149740919269535
89 2 1.7246406440541775
89 3 1.6469502411132817
89 4 1.2962630553930896
90 1 3.3703299798421917
90 2 1.7440964576002491
90 3 1.9506733890437644
90 4 2.464878555080251
90 5 0.0
91 1 3.470153960702348
91 2 1.7514041860990162
91 3 1.7843230813731201
91 4 2.780803763046463
91 5 2.2258465687150424
92 1 3.471498517224699
92 2 1.7565037094403126
92 3 1.7708158467373862
92 4 2.867989594336757
92 5 3.1779539363979072
93 1 3.47236910929292
93 2 1.76004962453788
93 3 1.7550015051701557
93 4 2.927609905263965
93 5 3.8422168237187404
94 1 3.110750836274982
94 2 1.762542313163363
94 3 1.7582088626632824
94 4 2.9719568758604686
94 5 4.305657241699822
95 1 3.2907180794436
95 2 1.7642746954212847
95 3 1.7610038462164639
95 4 3.001612773640768
95 5 4.628988168289913
96 1 3.4688531078783646
96 2 1.765376138970404
96 3 1.7607676032742632
96 4 3.022299105271239
96 5 4.177721188391325
97 1 3.470590892794849
97 2 1.7618606524793345
97 3 1.7423521955923915
97 4 3.0370760585702903
97 5 4.01264280852156
98 1 3.4718033041937955
98 2 1.7665902581641226
98 3 1.7536111438256765
98 4 3.0303032540225923
98 5 4.528859280797982
99 1 0.7927184993795666
99 2 1.7671127188457845
99 3 1.8106074951556506
99 4 2.823657013198224
99 5 4.821205808252555
100 2 1.767474577140269
100 3 1.7677274306786264
100 4 3.030123001430524
100 5 5.149149465369777
101 2 1.7677894770682054
101 3 1.7512768992730152
101 4 3.050630654335518
101 5 5.138371887603161
102 2 1.766998333410681
102 3 1.76900486023023
102 4 3.056497748919283
102 5 4.234979044429189
103 2 1.6032635363621273
103 3 1.680268861990801
103 4 3.0605907885573185
103 5 3.1330492131355614
104 2 1.4526809779442573
104 3 1.331312787814864
104 4 2.936002205465482
104 5 4.9719373193977665
105 2 1.7043856567052624
105 3 1.3564735436238804
105 4 2.4048843001588063
105 5 5.093866663915224
106 2 1.728751750766091
106 3 2.0494853511961817
106 4 2.8810622226286227
106 5 5.178903719748263
107 2 1.7406988349835832
107 3 1.8006698376210784
107 4 2.9981889891212323
107 5 5.256053839780732
108 2 1.7490340163045794
108 3 1.7410838300650355
108 4 3.0218802417719552
108 5 4.926486047551861
109 2 1.75484921296985
109 3 1.7454038365691136
109 4 3.035800801909129
109 5 5.206977874280544
110 2 1.7589064969737893
110 3 1.7526175429793005
110 4 3.146175452916966
110 5 5.317997544809819
111 2 1.7578628699904153
111 3 1.75426035172665
111 4 2.976619441250203
111 5 5.230193818201511
112 2 1.7637118707595103
112 3 1.766343197474591
112 4 3.0586067083703368
112 5 3.806907277330642
113 2 1.7650122291049906
113 3 1.7707020074395112
113 4 3.0588548230447086
113 5 5.237819815176246
113 6 0.0
114 2 1.7657495751365246
114 3 1.7670033763296524
114 4 2.9586671563296125
114 5 5.433499811634944
114 6 0.43985558196195484
115 2 1.712275903079023
115 3 1.7212768257593927
115 4 2.355110481457576
115 5 5.340639266569549
115 6 0.6280041372823341
116 2 1.7466166114318964
116 3 1.6665988993088905
116 4 3.0022515465396564
116 5 5.3790351315654865
116 6 0.7592709302299616
117 2 1.7581151923200173
117 3 1.8056630116411283
117 4 3.027883712324313
117 5 5.140245920624016
117 6 0.8508526635967548
118 2 1.6697699808021331
118 3 1.7046660341594908
118 4 3.0406306768545153
118 5 4.690718427906358
118 6 0.9147470712812502
119 2 1.659686942477699
119 3 1.552945458617774
119 4 3.042747456328823
119 5 5.27762461884575
119 6 0.9593246869837235
120 2 1.7331808983940828
120 3 1.7479409797698353
120 4 3.0557234153458297
120 5 4.600923852868398
120 6 0.9904254334200081
121 2 1.7477719726512366
121 3 1.8229984399363799
121 4 2.9527795962793117
121 5 2.933932109750701
121 6 1.0121236883674545
122 2 1.7011771556133688
122 3 1.6922446549517922
122 4 2.8496400039595224
122 5 2.8316189922478596
122 6 1.0272620476648546
123 2 1.634204822574891
123 3 1.5912006640700418
123 4 2.930046836691736
123 5 2.99426280859718
123 6 1.0378237221077562
124 2 1.702060343655715
124 3 1.6432253082739974
124 4 2.842733979951967
124 5 2.7364506588736575
124 6 1.0451923512162347
125 2 1.7457071480481665
125 3 1.7314449695946967
125 4 2.911637789485708
125 5 3.0149295462399346
125 6 1.0503332705606174
126 2 1.7516197640067126
126 3 1.8542091991054406
126 4 2.788612935252365
126 5 2.797914533775814
126 6 1.0539199671804567
127 2 1.6697319345859192
127 3 1.67905864003753
127 4 2.690957844324406
127 5 2.684345136758522
127 6 1.0564223199352105
128 2 1.7447454276034466
128 3 1.6401634878885971
128 4 1.6844908280128894
128 5 2.002882770707904
128 6 1.058168155620402
129 2 1.7548103476914059
129 3 1.8578024961118025
129 4 1.6849397397392536
129 5 1.6000237821088494
129 6 1.0593861632313615
130 2 1.7588787321010086
130 3 1.768935802931722
130 4 1.8629025705808253
130 5 1.6758370503332949
130 6 1.0602359514952826
131 2 1.4381390656598816
131 3 1.5554979164671765
131 4 1.6545145407558879
131 5 1.8437518485096136
131 6 1.060828707172368
132 2 1.6435158209072902
132 3 1.2657998814753044
132 4 1.3442548133525665
132 5 1.468383805945064
132 6 1.0612423855149742
133 2 1.720516351811006
133 3 1.8624123191403565
133 4 1.4513780094424744
133 5 1.3430289156383928
133 6 1.061522010076488
134 2 1.7328056150259832
134 3 1.7771032753020521
134 4 1.7407300400544032
134 5 1.5358045635166413
134 6 1.0617230474358004
135 2 1.7363601977983847
135 3 1.7322029869373552
135 4 1.9336526320798288
135 5 1.8615263338676507
135 6 1.0618705933614245
135 7 0.0
136 2 1.7409361589804393
136 3 1.7216735776225949
136 4 1.7245645260116291
136 5 1.941982874878778
136 6 0.9616021921108402
136 7 1.889023372590802
137 2 1.706825443203146
137 3 1.7327519739897814
137 4 1.7222556357615664
137 5 1.7392981786122201
137 6 0.5874955954031045
137 7 2.6970688110083256
138 2 1.7193242587144466
138 3 1.6716137995549054
138 4 1.6876579144454928
138 5 1.6816797455403478
138 6 0.5990050301007908
138 7 3.2608160951127854
139 2 1.729479740885605
139 3 1.7253947199353747
139 4 1.697237772139926
139 5 1.6706755855927866
139 6 0.5271578075180768
139 7 3.6541293216747763
140 2 1.7535623620907905
140 3 1.7804782673517916
140 4 1.7455333006522775
140 5 1.7033458617692794
140 6 0.47785750804123717
140 7 3.9285346750677452
141 2 1.7580085346564558
141 3 1.7958126335342415
141 4 1.8123088986294862
141 5 1.8018303612084487
141 6 0.6701907204319392
141 7 4.119980414385067
142 2 1.76046692958216
142 3 1.747811336626959
142 4 1.8223260549163345
142 5 1.8496081843347256
142 6 0.85483043155205
142 7 3.0717345049697755
143 2 1.6927467122443398
143 3 1.701944270919068
143 4 1.7168734014715823
143 5 1.8155163390618332
143 6 0.9190907122612241
143 7 1.5815693676954259
144 2 1.6518644179082949
144 3 1.6088143423150836
144 4 1.593338532635497
144 5 1.6098217241826014
144 6 0.9623311547223237
144 7 1.1106162801000885
145 2 1.6988456779129113
145 3 1.6412117017062833
145 4 1.5545121714849657
145 5 1.541734923117906
145 6 0.989695827700298
145 7 0.928133228103022
146 2 1.7564085248741799
146 3 1.8232014947964552
146 4 1.7171530798276147
146 5 1.5826670134971461
146 6 1.0112974413927804
146 7 0.952397595167336
147 2 1.759997678882768
147 3 1.7965129997797051
147 4 1.8852597243443217
147 5 1.7835099257893439
147 6 0.9920431262691001
147 7 0.9347879144963199
148 2 1.762498369277006
148 3 1.7588407138691708
148 4 1.8298030451945835
148 5 1.931017869472065
148 6 1.0015888709342518
148 7 0.926732252242153
149 2 1.7642430421634683
149 3 1.7598104552229947
149 4 1.7570303653602883
149 5 1.8884290343987433
149 6 0.9877647025492623
149 7 0.9291926595360631
150 2 1.7654602568525075
150 3 1.7632329347034121
150 4 1.755868658854199
150 5 1.7462726415393437
150 6 0.9796440667516392
150 7 0.924659738138469
151 2 1.766309478753307
151 3 1.7653766015163939
151 4 1.761510178153544
151 5 1.7484736948883643
151 6 1.0362076011820562
151 7 1.0046854077779943
152 2 1.7669019599616318
152 3 1.7665447574457296
152 4 1.765068797556476
152 5 1.759654775344229
152 6 1.0441104710500777
152 7 1.1391641592296047
153 2 1.767315294723709
153 3 1.7671916655644404
153 4 1.7668060246757356
153 5 1.7682039425654599
153 6 1.049598137557508
153 7 1.1510057756066523
154 2 1.7671350753164425
154 3 1.7675804431965174
154 4 1.7676221354898216
154 5 1.7785892240756762
154 6 1.0534070831158286
154 7 1.0553602398744548
155 2 1.7810844705774973
155 3 1.7825749325840128
155 4 1.7793191622638582
155 5 1.8039998709843912
155 6 1.0560644926779512
155 7 1.0448239647672497
156 2 1.755223053059635
156 3 1.7481333922212436
156 4 1.7545248230364077
156 5 1.7773202404878472
156 6 1.0579185056870029
156 7 1.0499909954024396
157 2 1.5027263787493133
157 3 1.5847476949349673
157 4 1.659062380298295
157 5 1.678156388579257
157 6 1.059212006129195
157 7 1.0554551928803741
157 8 0.0
158 2 1.2610930715670126
158 3 1.1446823115437856
158 4 1.306296185422174
158 5 1.435132635163609
158 6 1.06011445089146
158 7 1.0589033848704912
158 8 2.8448521603078856
159 2 1.4841804411140316
159 3 1.1727949111493672
159 4 1.0541620170507928
159 5 1.0953959666406834
159 6 1.0607440646241817
159 7 1.06102949165756
159 8 4.061739784219847
160 2 1.6615217281883898
160 3 1.4262110528355472
160 4 1.0501942717193695
160 5 0.9930841332158433
160 6 1.0611833299540887
160 7 1.062883191459748
160 8 4.910733466199631
161 2 1.6961166479331478
161 3 2.1178345229804294
161 4 1.4232187731560146
161 5 1.1437753426728203
161 6 1.0614897947162354
161 7 1.065448569565162
161 8 5.503056216004701
162 2 1.7180491961481366
162 3 1.778512042480546
162 4 1.7114103563014453
162 5 1.1456841346534437
162 6 1.061703606564699
162 7 1.069638297779163
162 8 5.347627417894246
163 2 1.733266744227793
163 3 1.7229801778697802
163 4 2.392610892252824
163 5 1.3739861932369986
163 6 1.0618350030487476
163 7 1.0759309184336507
163 8 4.871192030667305
164 2 1.7438488363035238
164 3 1.7340428780268158
164 4 2.116959047645731
164 5 2.666390291241314
164 6 1.0614624133198762
164 7 1.051351206054899
164 8 5.117904572422412
165 2 1.7512317061150964
165 3 1.7463806089062623
165 4 1.7531171744358893
165 5 2.8812561599806306
165 6 1.0612324597212932
165 7 1.045436362424063
165 8 6.3753375039998605
166 2 1.7563825594093518
166 3 1.754290079153969
166 4 1.7319373552295585
166 5 1.765962630732023
166 6 1.0282255104695215
166 7 1.024368496394365
166 8 6.080745795897816
167 2 1.7599761873616642
167 3 1.7590589809809818
167 4 1.7454703415830275
167 5 1.7046749861750208
167 6 0.9615399639290828
167 7 0.967634505488657
167 8 1.331522803334173
168 2 1.7624833764019807
168 3 1.7619953108896054
168 4 1.7558076342740547
168 5 1.7298074850223693
168 6 0.878905896096136
168 7 0.8613813756738126
168 8 0.8203764874774767
169 2 1.7642325821313882
169 3 1.7638482348300333
169 4 1.7612755820606218
169 5 1.7493141259475016
169 6 0.7887709001877722
169 7 0.8271702161082569
169 8 0.7271287482092295
170 2 1.7654529603293683
170 3 1.765006237080281
170 4 1.763895150372995
170 5 1.7590256938025062
170 6 0.9809340358956224
170 7 0.9904067257910725
170 8 0.7400659333813451
171 2 1.7663043830061833
171 3 1.7656515718006047
171 4 1.7650378970389469
171 5 1.763108543354252
171 6 1.0112770450034982
171 7 0.9336705759652688
171 8 0.7838396923756281
172 2 1.7668983802668794
172 3 1.765802001292343
172 4 1.7652794370503926
172 5 1.764445963724026
172 6 1.0282164800591105
172 7 1.1968937778225335
172 8 0.867048527090482
173 2 1.7673126673159616
173 3 1.7652072052012304
173 4 1.7645947159400808
173 5 1.764172219247812
173 6 1.0384904104675226
173 7 1.007645760252675
173 8 1.0035538714811045
174 2 1.7673379937622888
174 3 1.7626375436097252
174 4 1.7620354341257816
174 5 1.7620070712535816
174 6 1.0456574857736245
174 7 1.013959405386375
174 8 1.3880876369417146
175 2 1.708658837635746
175 3 1.72007657740084
175 4 1.7404248554617032
175 5 1.7502826887282323
175 6 1.0506577839345859
175 7 1.040807055361285
175 8 1.182071684309795
176 2 1.6737995120323086
176 3 1.5777440768736073
176 4 1.6184916987061815
176 5 1.6614940045585063
176 6 1.0541463735671293
176 7 1.0518722820681266
176 8 1.0461197197349728
177 2 1.6991960136009887
177 3 1.7154781695189092
177 4 1.571622718798738
177 5 1.557277981713937
177 6 1.0565802799705828
177 7 1.0563756109618967
177 8 1.0395988790842843
178 2 1.7483413550517184
178 3 1.7597948045293401
178 4 1.697906552202259
178 5 1.5799281454882366
178 6 1.0582783588426594
178 7 1.0584172391097828
178 8 1.0484208164823259
179 2 1.756708526048823
179 3 1.8466874306081662
179 4 1.8609588205321625
179 5 1.716640718230316
179 6 1.0594630682640949
179 7 1.0595466979714918
179 8 1.0550665316623815
179 9 0.0
180 2 1.7602036086636235
180 3 1.7619535039635217
180 4 1.8860407450055157
180 5 1.940412596192491
180 6 1.0602896119688092
180 7 1.0602840312312234
180 8 1.05853706498466
180 9 1.7335081938154446
181 2 1.7626420433435346
181 3 1.7560277273771767
181 4 1.7740906424920764
181 5 1.9555540258660322
181 6 1.06086627193965
181 7 1.060800433899191
181 8 1.0601528594037821
181 9 2.475017610030965
182 2 1.7643432813118753
182 3 1.7603969730744957
182 4 1.7542443530119027
182 5 1.7747023219241473
182 6 1.061268593991638
182 7 1.061163869416329
182 8 1.0608983070587128
182 9 2.9923511858235847
183 2 1.7655301953497262
183 3 1.7636115071539051
183 4 1.7587058227906731
183 5 1.7454714954463297
183 6 1.0615492844779189
183 7 1.0614130121774805
183 8 1.0612587566856673
183 9 3.353282534794181
184 2 1.766358279574515
184 3 1.7653164140610775
184 4 1.763022231919838
184 5 1.7545729229087748
184 6 1.061745115557303
184 7 1.0615746201681744
184 8 1.0614380992706374
184 9 3.605095416848222
185 2 1.7669362429899125
185 3 1.766103572102088
185 4 1.7650897608511
185 5 1.7494816246391778
185 6 1.0618817445744022
185 7 1.0616681524694935
185 8 1.0615160936239145
185 9 3.78071115467302
186 2 1.7673417595767615
186 3 1.7665025261617562
186 4 1.7655754614396373
186 5 1.7748323922236413
186 6 1.0619770649928453
186 7 1.0617050343410914
186 8 1.0615223354035237
186 9 3.524369649048205
187 2 1.7676202380757842
187 3 1.7658255362833584
187 4 1.7655304459444625
187 5 1.7658644543012945
187 6 1.0620435657669753
187 7 1.0616901103478371
187 8 1.0614638076439302
187 9 2.2544700204587236
188 2 1.7681669318329851
188 3 1.759331213725033
188 4 1.7577890014836743
188 5 1.7623145894844015
188 6 1.0620899700693043
188 7 1.0616184975725682
188 8 1.061333497020754
188 9 3.8342930202923964
189 2 1.7637837611272738
189 3 1.7594893431246017
189 4 1.7602241804472003
189 5 1.755508391561606
189 6 1.0621223307986516
189 7 1.0614738597959859
189 8 1.0611084912512587
189 9 3.5261837357538175
190 2 1.7300699117275375
190 3 1.739861027797283
190 4 1.7455818285089868
190 5 1.7397517754089553
190 6 1.0621449096029598
190 7 1.0612158162071093
190 8 1.0607399353624702
190 9 3.802717865825452
191 2 1.6573123808078882
191 3 1.6686882288193188
191 4 1.6686435674507665
191 5 1.6836304945072598
191 6 1.0621606504338823
191 7 1.0607647910990818
191 8 1.0601321336547667
191 9 4.048038021440269
192 2 1.712362590646416
192 3 1.7076094068330576
192 4 1.7086291740621493
192 5 1.6756790511324322
192 6 1.0621715207510802
192 7 1.0599394799288848
192 8 1.0590867783359448
192 9 4.089810270666025
193 2 1.7641587294412702
193 3 1.7630422067488407
193 4 1.7425504589950271
193 5 1.722423784618188
193 6 1.0621329888886577
193 7 1.0582569601948557
193 8 1.0571438722243571
193 9 4.091811501447398
194 2 1.767451367916537
194 3 1.7855017317476227
194 4 1.7970354796399595
194 5 1.7640732502368466
194 6 1.0556668500429855
194 7 1.0524683406921176
194 8 1.0525143131831396
194 9 3.110290372801107
195 2 1.7676986351851358
195 3 1.7648071614023504
195 4 1.798794334306317
195 5 1.8479273672701024
195 6 0.994535915466966
195 7 1.001802882395113
195 8 1.0225464736576502
195 9 2.328740010928211
196 2 1.7678711434748782
196 3 1.7640638439401357
196 4 1.7610881219386945
196 5 1.8060306210720662
196 6 1.039784783028437
196 7 0.9392350032910167
196 8 0.9507260462791859
196 9 3.845724840209908
197 2 1.767991496742291
197 3 1.766056336937494
197 4 1.7593519603394048
197 5 1.7604999808939932
197 6 1.0453396481337776
197 7 1.0532020697249795
197 8 0.9463917254306942
197 9 3.9486785360170202
198 2 1.7680754491189081
198 3 1.7672530496514047
198 4 1.7637265580743802
198 5 1.7570983565528622
198 6 1.0510016370572959
198 7 1.0856567730461697
198 8 1.0163153326221939
198 9 4.020489514668082
199 2 1.7638968521238492
199 3 1.7664556480658158
199 4 1.7660007522521102
199 5 1.7629054933799315
199 6 1.0560928434953298
199 7 1.084807346865809
199 8 1.1136681508442605
199 9 4.070590331288636
200 2 1.6439109653192079
200 3 1.6575699027533954
200 4 1.7129397615415294
200 5 1.7472187623747601
200 6 1.0580461423723069
200 7 1.0867649394659427
200 8 1.1494492738850954
200 9 4.105544871909483
201 2 1.7156955976954638
201 3 1.6378355844611325
201 4 1.6018349590510876
201 5 1.5985531037163832
201 6 1.0593010560874356
201 7 1.0581956959933867
201 8 1.1463739802079536
201 9 4.0932490599857525
201 10 0.0
202 2 1.7003264636796402
202 3 1.7041176053904568
202 4 1.6290152318559037
202 5 1.6121572072222055
202 6 1.0601765796200882
202 7 1.0549001855772153
202 8 1.06769797297885
202 9 3.341199101964256
202 10 1.6524616722945913
203 2 1.759611371741798
203 3 1.7602034132653057
203 4 1.7919291363865835
203 5 1.6549180048294962
203 6 1.0607874116443385
203 7 1.057636213343198
203 8 1.0516089911741016
203 9 1.3478748836985428
203 10 2.359303354880553
204 2 1.7622635411009637
204 3 1.8081924901314117
204 4 1.8129638821362073
204 5 1.9095747041486046
204 6 1.0612135742373285
204 7 1.0604319025556446
204 8 1.0820835270611362
204 9 1.1366857317241452
204 10 2.8524500823393173
205 2 1.7640793212154275
205 3 1.7587459453890502
205 4 1.8035108423868949
205 5 1.832843766879806
205 6 1.0615108977077745
205 7 1.0634594555667631
205 8 1.4085475738999238
205 9 1.9159329233113271
205 10 3.1965068983775162
206 2 1.7653460452242609
206 3 1.7593787847596105
206 4 1.7531137263239787
206 5 1.81552538860628
206 6 1.0617183287960594
206 7 1.290219463513345
206 8 2.309355539124854
206 9 2.1616323589075974
206 10 3.436547200186787
207 2 1.766229801288952
207 3 1.7632363736684993
207 4 1.7538211995907487
207 5 1.7394138115499052
207 6 1.0576519114024103
207 7 1.1805558571213046
207 8 3.506595663794313
207 9 0.993873131949626
207 10 3.6040176093071206
208 2 1.766846375836792
208 3 1.7655779726608352
208 4 1.7607793585003793
208 5 1.7461356608222929
208 6 1.0323329442889442
208 7 0.9103791554932661
208 8 4.728529534379614
208 9 0.8961954997600944
208 10 3.720854346045799
209 2 1.3848665861947382
209 3 1.6732414918638967
209 4 1.7468620580580985
209 5 1.7548183247357512
209 6 1.0575052739593145
209 7 0.9947834696380948
209 8 3.771912058084654
209 9 0.9177449284021268
209 10 2.1603556445152363
210 3 1.8628058205562474
210 4 1.9591422327798507
210 5 1.9166597209100447
210 6 1.0593679256259176
210 7 1.0384404563964031
210 8 5.822386167418544
210 9 0.9858461465990096
210 10 3.3793810227364998
211 4 1.7896367860456732
211 5 2.072148179753714
211 6 1.0572219813237156
211 7 1.0519977388569715
211 8 6.124520159070449
211 9 1.0343678908271705
211 10 3.5755570065753406
212 5 1.6322633977639063
212 6 0.9452732756849358
212 7 0.9988712965352584
212 8 6.309914070582637
212 9 1.0305883651732346
212 10 3.3517837533130534
213 6 0.9716311501976969
213 7 0.8697081682447572
213 8 6.4029558164407225
213 9 0.9241160370514288
213 10 3.84013651177159
214 6 1.0108135956480417
214 7 0.8570227727156284
214 8 4.953855121875883
214 9 0.8393938677130617
214 10 3.885592364058714
215 6 1.0065588648954624
215 7 1.0861088851040743
215 8 6.691702936226569
215 9 0.8913089507227233
215 10 3.9173057922489773
216 6 1.022781879391002
216 7 1.1019050766334721
216 8 6.637628953566917
216 9 0.865555558192142
216 10 3.8460332924049716
217 6 1.0449180695514957
217 7 1.0218374271638209
217 8 6.3122850777970765
217 9 1.013490446808086
217 10 2.2109468023615784
218 6 1.0500813953518509
218 7 1.1229636402287335
218 8 6.228998547925632
218 9 1.1411612285041361
218 10 3.0534895026225404
219 6 1.0539427426110708
219 7 1.0874492948114132
219 8 5.549017182966591
219 9 1.1575928578647294
219 10 3.665602159182799
220 6 1.0564382376343098
220 7 1.0659210314077479
220 8 6.401657897726323
220 9 1.2363211549608129
220 10 3.76382389593808
221 6 1.0581792541091133
221 7 1.054925602109917
221 8 6.0015120821830354
221 9 1.1596118465871768
221 10 3.8323508325496936
222 6 1.0593939206654304
222 7 1.0558531674785208
222 8 6.315953030321477
222 9 1.069211867891136
222 10 3.8801604363290054
223 6 1.0602413627940064
223 7 1.0581693603582851
223 8 6.468574156443063
223 9 1.0491311414566615
223 10 3.913515926586358
224 6 1.0608326100472891
224 7 1.0597327163042014
224 8 6.1796578332865515
224 9 1.0516298490210656
224 10 3.935612627228089
224 11 0.0
225 6 1.0612451021368121
225 7 1.0605118015082828
225 8 6.770458027387659
225 9 1.0562224578906507
225 10 3.7123275713143933
225 11 1.5509930096479125
226 6 1.061533082261883
226 7 1.0607328310281514
226 8 6.840699085763428
226 9 1.0589088975112748
226 10 3.970830266932295
226 11 2.2144314344293274
227 6 1.061733712598665
227 7 1.0607480127087598
227 8 6.810037739395608
227 9 1.059868000052257
227 10 3.9767759126605418
227 11 2.6772966920960997
228 6 1.0618713920821785
228 7 1.0599850885876707
228 8 2.726697892574479
228 9 1.0595156820462097
228 10 3.9809220441853053
228 11 3.000226833542842
229 6 1.0617905528941802
229 7 1.058407036292709
229 8 6.479457835463982
229 9 1.0579579012393059
229 10 3.7645056769571204
229 11 3.225527542294457
230 6 1.0614371581231796
230 7 1.0518725076234858
230 8 6.598544163698558
230 9 1.0540896940317803
230 10 3.003462338625599
230 11 3.382714389864408
231 6 1.0571273785514412
231 7 1.038341577583174
231 8 6.677337826727291
231 9 1.0383147708032476
231 10 3.8751324469031965
231 11 3.4923207970953376
232 6 1.061862710747931
232 7 1.045493863691604
232 8 6.725747292416258
232 9 1.024670423776857
232 10 3.973186258361206
232 11 2.7189382311875328
233 6 1.0619653127579998
233 7 1.0967052292028692
233 8 5.5664038911608875
233 9 1.0524982845575879
233 10 3.978417488549807
233 11 2.123536239111236
234 6 1.0620353680918992
234 7 1.078244688826438
234 8 6.762433810908884
234 9 1.085176152845997
234 10 2.2686112487553904
234 11 3.3010396853125235
235 6 1.0620842404766806
235 7 1.062909757596413
235 8 6.785499020127849
235 9 1.1172391841480502
235 10 1.0556159349565528
235 11 3.176116406303586
236 6 1.0621183336800388
236 7 1.059788464002981
236 8 6.518853685495799
236 9 1.070340839386789
236 10 1.048867339135835
236 11 3.2911728174105406
237 6 1.0621421059926135
237 7 1.059313523684113
237 8 6.203424754835468
237 9 1.05779276363623
237 10 1.0200561057438866
237 11 3.5751859006028957
238 6 1.0621596665259931
238 7 1.0587919499406642
238 8 6.844818707473051
238 9 1.0554969808472632
238 10 1.0127462694692144
238 11 3.626662884379011
239 6 1.0618505681480255
239 7 1.055684281231541
239 8 6.458806387562015
239 9 1.050782389911478
239 10 1.0240631083482907
239 11 3.6625771198964965
240 6 1.0452284534135028
240 7 1.047803971875614
240 8 6.796256373466766
240 9 1.0518043596843003
240 10 1.0379166694521054
240 11 3.667562626382842
241 6 0.9192899417724112
241 7 0.9555850876932153
241 8 6.852915376435185
241 9 1.0022750342431535
241 10 1.0238254532403086
241 11 2.338256143604717
242 6 0.9255702154476101
242 7 0.8232893961566696
242 8 0.3605170788131295
242 9 0.8759326737013637
242 10 0.9343070473213417
242 11 2.3621787736225133
243 6 1.0136458373832975
243 7 0.8630655594839444
243 9 0.7940971884993533
243 10 0.816588433119327
243 11 3.3799594996413345
244 6 1.0368013230279147
244 7 1.1615453238161029
244 9 0.913993091995007
244 10 0.8117491955169295
244 11 3.490460891342351
245 6 1.0445022259841974
245 7 1.1982374805508913
245 9 1.1096844748283368
245 10 0.9819598479373911
245 11 3.5675522484878046
246 6 1.049851786524243
246 7 1.0316842547007918
246 9 1.2957775006882775
246 10 1.1402073589146409
246 11 3.6213370569559356
246 12 0.0
247 6 1.0535840477736858
247 7 1.0389456444976577
247 9 1.1013941673472853
247 10 1.046901349871176
247 11 3.6588614497710763
247 12 0.6909383311972797
248 6 1.056187957852808
248 7 1.0483729325516835
248 9 1.020542549571615
248 10 1.3425990821786475
248 11 3.682018159212229
248 12 0.9865534709272465
249 6 1.0580046443992541
249 7 1.0543819035273616
249 9 1.033641493533455
249 10 1.1650686509993247
249 11 3.580869621305513
249 12 1.19276620830335
250 6 1.0592721035154422
250 7 1.0574322868049277
250 9 1.0471231987357132
250 10 1.040799964803889
250 11 3.633050192055392
250 12 1.3366353516376135
251 6 1.0601436394225625
251 7 1.0587525751912494
251 9 1.054643813095383
251 10 1.0338796546480984
251 11 3.74995676429185
251 12 1.4370097058672608
252 6 1.0607790369332348
252 7 1.0470134999639182
252 9 1.048192412007491
252 10 1.0403853615892793
252 11 3.7485963642385958
252 12 1.5070379094198936
253 6 1.0612037481733654
253 7 1.0618437141036212
253 9 1.0539169880044537
253 10 1.0433069497262963
253 11 3.7476464468039223
253 12 1.5558952382628566
254 6 1.060010083005674
254 7 1.0676923921167205
254 9 1.0675761368941874
254 10 1.0598607061672316
254 11 3.5519661564616816
254 12 1.5899818418283427
255 6 1.0617135373363942
255 7 1.0668431214794942
255 9 1.0633146260439108
255 10 1.0637775342281597
255 11 2.9347545907791477
255 12 1.6137632589081465
256 6 1.0618597015684506
256 7 1.0704583486890493
256 9 1.0653398410106372
256 10 1.0633313031318163
256 11 3.732301434969679
256 12 1.6303549916569666
257 6 1.061961679626853
257 7 1.0625120135827633
257 9 1.0734028646257479
257 10 1.0660191352604944
257 11 3.7809612053159465
257 12 1.641930649503601
258 6 1.0599835308585928
258 7 1.0603554157741697
258 9 1.067014132334219
258 10 1.0552050818937753
258 11 3.634053859891772
258 12 1.650006708781714
259 6 1.0619708192402586
259 7 1.042615961346715
259 9 1.055578164422696
259 10 1.0867780842710317
259 11 3.6241937966626563
259 12 1.6556411775560655
260 6 1.0505386639021463
260 7 1.0458842218142657
260 9 1.044734872940878
260 10 1.0590504355387205
260 11 3.6008076056688654
260 12 1.6595720928035282
261 6 0.9977545033667202
261 7 0.9805126916197431
261 9 0.9926035666972383
261 10 1.0275276594342673
261 11 3.737666903249583
261 12 1.5204525353255098
262 6 1.050095322539472
262 7 0.9538086782420618
262 9 0.9516129836977002
262 10 0.954670370504901
262 11 3.620227409551901
262 12 0.9478271921011158
263 6 1.0542667014361786
263 7 1.141334714752625
263 9 1.0156401258204726
263 10 0.958603908920261
263 11 2.6395862808339063
263 12 0.8672904132866366
264 6 1.0566630468967246
264 7 1.113879237245078
264 9 1.0857611778782033
264 10 1.0223461043603557
264 11 3.6581910834393607
264 12 1.0726216184507695
265 6 0.9998356500542043
265 7 1.0377882729958847
265 9 1.172157602245684
265 10 1.1028653175362275
265 11 3.6847673320005083
265 12 1.4101339092764347
266 6 1.0250201132948935
266 7 0.8823955206922418
266 9 1.0396987170977718
266 10 1.1433158803607533
266 11 3.699017751200518
266 12 1.494376063433582
267 6 1.0091175015798484
267 7 0.954162270171554
267 9 0.862795290926804
267 10 1.0076039146348053
267 11 3.715909322175983
267 12 1.5397377436449247
268 6 1.025814292857448
268 7 1.1165560253442417
268 9 0.9178328151570946
268 10 0.9201427402463566
268 11 3.458139359989192
268 12 1.527385233304403
268 13 0.0
269 6 1.0490070578201312
269 7 1.0736375152615014
269 9 1.0491860104538433
269 10 0.9383869608598513
269 11 1.654984749194412
269 12 1.4186404223958393
269 13 1.585779570467453
270 6 1.052384086852288
270 7 1.0960802085340133
270 9 1.1523772495505618
270 10 0.993065836081617
270 11 0.9776806917107003
270 12 1.401732555747225
270 13 2.2640979595203277
271 6 1.0281205893776104
271 7 1.049192478898203
271 9 1.1306797399538189
271 10 1.1536967872886357
271 11 0.9990991241273758
271 12 1.6039817323688392
271 13 2.737344641425424
272 6 1.0290053846269396
272 7 0.9872999938091366
272 9 1.0746493667447907
272 10 1.1311779664916939
272 11 0.9786735697168613
272 12 1.623680344808415
272 13 3.067517645797311
273 6 1.018883026118464
273 7 0.9659487303024615
273 9 0.9511315884737417
273 10 1.0465303818297769
273 11 1.05298923109713
273 12 1.6372739059692833
273 13 3.297871492116066
274 6 1.0351113504100002
274 7 1.0703374442386726
274 9 0.9668864697352004
274 10 0.9790839985309452
274 11 1.0019070676515556
274 12 1.6467578115163948
274 13 3.4585822665117703
275 6 1.0291325146119892
275 7 1.051161188973391
275 9 1.0467016234287778
275 10 0.9752143152294428
275 11 1.0354498985035636
275 12 1.6533745071520225
275 13 3.5705461836072727
276 6 1.0439196927445415
276 7 1.034960303060248
276 9 1.0735736289720113
276 10 1.0328530410369927
276 11 1.049015278140973
276 12 1.65799081850509
276 13 3.092034264229692
277 6 1.0527102051261918
277 7 1.041120451476367
277 9 1.0642755232453647
277 10 1.057795855142298
277 11 1.003813831081779
277 12 1.6612115069168605
277 13 2.4424933318702085
278 6 1.0555569472579496
278 7 1.0837745393256146
278 9 1.0606412895358452
278 10 1.090682429775205
278 11 1.0069995555656692
278 12 1.6634585016468622
278 13 3.517465033318909
279 6 1.0527981350891875
279 7 1.0518590026860388
279 9 1.0858935864933525
279 10 1.1022776093492375
279 11 1.0562818986931142
279 12 1.6618276045832912
279 13 3.238996264835356
280 6 1.0052743571339053
280 7 0.9968096016748058
280 9 1.0505119353775545
280 10 1.0654143271255008
280 11 1.0678634176303146
280 12 1.645921639246476
280 13 3.5730447100747313
281 6 1.034209377086828
281 7 0.9451520137459416
281 9 0.9559342161909269
281 10 1.041370504591458
281 11 1.0995954986199532
281 12 1.3418389036952603
281 13 3.7084329747720175
282 6 1.0507726714866388
282 7 1.0268890932703796
282 9 0.9250542538933617
282 10 0.9519758028828391
282 11 0.9786824503320659
282 12 0.7125972715125289
282 13 3.7450229818714176
283 6 1.055365355315606
283 7 1.1634478129703258
283 9 1.026144117597768
283 10 0.9518438493431398
283 11 1.0408884006222576
283 12 0.709692073179209
283 13 3.7656190110638197
284 6 1.0574306591495855
284 7 1.0823818635538456
284 9 1.1618922744655447
284 10 1.0410487582147714
284 11 1.025272380434261
284 12 1.0874736920139292
284 13 3.4150173009401485
285 6 1.0588715285183514
285 7 1.0575111837582678
285 9 1.151090011456486
285 10 1.0929854966527044
285 11 1.0560209887327479
285 12 1.3680033899142336
285 13 1.631757359992268
286 6 1.004420014268722
286 7 1.0446285968573907
286 9 1.0669358128978743
286 10 1.2138326761794147
286 11 1.1070279335358957
286 12 1.4612629901356247
286 13 2.076890284307676
287 6 0.8045250588095184
287 7 0.9396537388782634
287 9 0.9848561626029981
287 10 1.075978902438382
287 11 1.0770450641554505
287 12 1.5239592189505629
287 13 1.5593489057644454
288 6 0.9793373192261392
288 7 0.7032965178234868
288 9 0.8397579076868348
288 10 0.9671317067798215
288 11 1.139470606809802
288 12 1.5677008385590947
288 13 1.5053559585428646
289 6 1.0192591703334823
289 7 0.8839113494141789
289 9 0.6946660121573062
289 10 0.7438544332789936
289 11 0.9236198199994161
289 12 1.598218330973882
289 13 1.5551377161562943
290 6 1.0331736258964845
290 7 1.334438357214147
290 9 0.9161860143961076
290 10 0.782895166424578
290 11 0.8464447178180549
290 12 1.6195096629205052
290 13 1.5983869174386973
290 14 0.0
291 6 1.0415872405740931
291 7 1.0622879306500475
291 9 1.1518178637863943
291 10 1.0176837993720687
291 11 0.963113784648083
291 12 1.6343641211003501
291 13 1.6254594705381458
291 14 0.9590707763303173
292 6 1.046896003542909
292 7 1.0159064725783469
292 9 1.2851313116074405
292 10 1.0194787309815714
292 11 0.901633778721638
292 12 1.6447277247872956
292 13 1.641210047445986
292 14 1.369392537381862
293 6 1.050132369588591
293 7 1.032220917029668
293 9 1.0099396018005242
293 10 1.199752860391093
293 11 0.9340548654699933
293 12 1.6519581654988091
293 13 1.6505267272412236
293 14 1.655626678227928
294 6 1.0479195279103573
294 7 1.0386768639633672
294 9 1.0197645901733652
294 10 1.2849506636095491
294 11 1.0098847869484195
294 12 1.6570026722421067
294 13 1.6562873781967302
294 14 1.8553250786982052
295 6 1.050985427116346
295 7 1.0391668094636404
295 9 1.033301661121952
295 10 1.0115217303974824
295 11 1.1789573665640676
295 12 1.6605221038681972
295 13 1.6599700776948079
295 14 1.9946499033143787
296 6 1.044620498094848
296 7 1.0571445914135364
296 9 1.0301093583971754
296 10 1.0163848516873557
296 11 1.207729382956492
296 12 1.6629775241719782
296 13 1.6623177709815946
296 14 2.0918535539871117
297 6 1.0359802792399013
297 7 1.0353327799941208
297 9 1.01774732884605
297 10 1.0198268027497486
297 11 1.042970185184612
297 12 1.6646906002278692
297 13 1.6636744696108918
297 14 2.159670244619734
298 6 1.0281233261728435
298 7 0.9891349177147715
298 9 1.013222636719695
298 10 1.01027890817364
298 11 1.004280435889086
298 12 1.665885717379473
298 13 1.6640551699418928
298 14 2.206984344725041
299 6 1.028827464705384
299 7 1.0131032435257894
299 9 1.0135515645417172
299 10 0.9939234525635984
299 11 0.9855469573118423
299 12 1.666692226839968
299 13 1.6628104480548966
299 14 2.2399942687609875
300 6 1.0444425438619978
300 7 1.0965498578266282
300 9 1.0482238810867648
300 10 0.9986160220261128
300 11 0.9782404622623623
300 12 1.6319367613251767
300 13 1.6453157892405141
300 14 2.2630244884690667
301 6 1.0527780661098585
301 7 1.053061692328881
301 9 1.0631669591068866
301 10 1.0518087999269758
301 11 1.0191271422320236
301 12 1.6023696890720065
301 13 1.5302118271718745
301 14 2.2790915818903867
302 6 1.0559235536471823
302 7 1.0907939814804204
302 9 1.0789343973892254
302 10 1.0858070919961016
302 11 1.0535819493466747
302 12 1.645643624191401
302 13 1.5694928911855313
302 14 1.691925562372699
303 6 1.0578201579421485
303 7 1.0862706178200914
303 9 1.1102770758396163
303 10 1.1269168180726232
303 11 1.0727569932425047
303 12 1.6569892077543371
303 13 1.7387975671968314
303 14 1.2882943155253237
304 6 1.0591432611381295
304 7 1.050160273114631
304 9 1.115799343725968
304 10 1.0973316277428211
304 11 1.1123422800409286
304 12 1.661205585715138
304 13 1.7140616262075525
304 14 1.8040977349686578
305 6 1.060020097503556
305 7 1.047687554190542
305 9 1.0556276069610349
305 10 1.0973296465155065
305 11 1.1443639821191438
305 12 1.6634543785570601
305 13 1.6609309746376169
305 14 2.1084531164579374
306 6 1.0546072373504332
306 7 1.0462751263264853
306 9 1.034174336583495
306 10 1.1049066626190067
306 11 1.0971096109482068
306 12 1.6650233080568055
306 13 1.6594582836931804
306 14 2.1213956981262903
307 6 1.0164711348912152
307 7 1.0112059379158531
307 9 1.0171425823657292
307 10 1.0225776072818042
307 11 1.1001720088273816
307 12 1.6661179122580099
307 13 1.6631422979098351
307 14 2.0801455629091996
308 6 1.02478996809632
308 7 0.9475877883818151
308 9 0.964416969533468
308 10 0.9774538288448248
308 11 1.0414546430969787
308 12 1.6668815903813172
308 13 1.6656071695967143
308 14 2.112145012237268
309 6 1.039598802889247
309 7 1.0375544464734443
309 9 0.9420509779384929
309 10 0.9186858756095707
309 11 0.9363633121577228
309 12 1.6674141833955929
309 13 1.6669172740418619
309 14 2.246998084432779
310 6 1.03916891729514
310 7 1.1175479089691789
310 9 1.0315141627353042
310 10 0.9670772926404415
310 11 0.9202093605694717
310 12 1.6632763193863713
310 13 1.6666147861202254
310 14 2.2679716358604263
311 6 1.0546933897001547
311 7 1.0680860435838508
311 9 1.1078565433430878
311 10 1.039994873156317
311 11 0.9865277912064543
311 12 1.583224817264302
311 13 1.6277913641759973
311 14 2.282543657082647
312 6 1.0571617912800386
312 7 1.0909267147468744
312 9 1.1321883567352706
312 10 1.068813507743597
312 11 1.0319159709518568
312 12 1.450468143144724
312 13 1.3762761796089238
312 14 2.292710208837868
313 6 1.058684065090996
313 7 1.057787772297126
313 9 1.1115345926688167
313 10 1.1510268188236898
313 11 1.0766601691005395
313 12 1.5157414219181822
313 13 1.3063664702070592
313 14 2.299803165048893
313 15 0.0
314 6 1.0597461190430542
314 7 1.050960549606114
314 9 1.0873334573264493
314 10 1.1385258346643108
314 11 1.0719346390088906
314 12 1.5109930536949792
314 13 1.582095262863
314 14 2.298975909427211
314 15 1.89720365088035
315 6 1.0604870889523914
315 7 1.054836667359022
315 9 1.0471507813864254
315 10 1.1138791761251425
315 11 1.1266802840262629
315 12 1.6267830060121307
315 13 1.697110176613572
315 14 2.274673344214755
315 15 2.7087339216823576
316 6 1.0610040464815913
316 7 1.0589717919273889
316 9 1.0507826069680974
316 10 1.0707386028151495
316 11 1.132861366644699
316 12 1.6453785538979337
316 13 1.7875968020025998
316 14 1.6381639480602481
316 15 3.2749193788116178
317 6 1.0613647145655816
317 7 1.0624591010266549
317 9 1.070395747481078
317 10 1.0702834835074877
317 11 1.1851437699821472
317 12 1.6524123456430833
317 13 1.6627028876736503
317 14 0.8974761863780994
317 15 3.6699335651718528
318 6 1.0616163442393887
318 7 1.0673558927410067
318 9 1.1229062182632126
318 10 1.1898911563239252
318 11 1.1740427422408408
318 12 1.6573195050538658
318 13 1.6457061797646437
318 14 1.699246492701809
318 15 3.9455256159479593
319 6 1.0617919007335666
319 7 1.0814155727957127
319 9 1.3504257774889021
319 10 1.6502015541646178
319 11 1.5654026267112613
319 12 1.6607550114436316
319 13 1.6530395925362442
319 14 2.0394831934807356
319 15 4.137797229450376
320 6 1.0619143808132607
320 7 1.3097194021373229
320 9 2.0201568944898005
320 10 2.241865927347613
320 11 2.3902334458341894
320 12 1.6631315488227296
320 13 1.6590866446523946
320 14 2.1270057755991014
320 15 3.541966836720077
321 6 1.0616381885483743
321 7 1.2829086464263644
321 9 2.3553129470543914
321 10 1.518483621794891
321 11 2.6906255581675187
321 12 1.6647981993536487
321 13 1.6620325841607009
321 14 2.184240204494534
321 15 3.0390875949069196
322 6 1.0592478663832863
322 7 0.9424073976580978
322 9 2.914708242003482
322 10 0.9695973794657289
322 11 3.0352404894300085
322 12 1.6658065413716876
322 13 1.6619970242627868
322 14 2.224126222157652
322 15 4.158506088003108
323 6 1.058758950442485
323 7 0.8251605798255832
323 9 3.38802193017328
323 10 0.8408014018173613
323 11 3.1629912408563268
323 12 1.6656173757848343
323 13 1.6495475699993616
323 14 2.2519537521693884
323 15 3.7784434236020656
324 6 1.0406706985313803
324 7 0.9865848766635033
324 9 3.558010528881425
324 10 0.8856884296987485
324 11 3.385175658274811
324 12 1.6627696453294596
324 13 1.644350609947523
324 14 2.271368360668119
324 15 4.39100376758264
325 6 1.0578715632859972
325 7 1.0470409190894774
325 9 2.079142877590771
325 10 0.9912353734808457
325 11 2.960711737668304
325 12 1.6675119477040707
325 13 1.695548655232793
325 14 2.284913470232504
325 15 4.44859921580197
326 6 1.059179313125562
326 7 1.061727863877272
326 9 3.237201927380384
326 10 1.0514424415936392
326 11 1.6445921658589944
326 12 1.6678541664894029
326 13 1.6752608633374915
326 14 2.2943635649282674
326 15 4.482674777839575
327 6 1.0599952072099637
327 7 1.06099695534014
327 9 3.756944203411408
327 10 1.0649387327018598
327 11 2.083559840076534
327 12 1.6680928783138536
327 13 1.665457331105155
327 14 2.30095663702698
327 15 3.6231990794361297
328 6 1.0603366137051429
328 7 1.0549537985003938
328 9 3.8866588982801185
328 10 1.0629706176284686
328 11 3.1749172028375843
328 12 1.6682461143754321
328 13 1.6633514579431115
328 14 2.3055561332162435
328 15 2.4838283807020103
329 6 1.0475981152864002
329 7 1.0531626739262046
329 9 3.977444511999621
329 10 1.051551367538661
329 11 3.3471695633823835
329 12 1.6560110734740334
329 13 1.654541521679261
329 14 2.299155603213282
329 15 4.203563604339041
330 6 0.906190220642902
330 7 0.9725379680219376
330 9 4.040558842092275
330 10 1.0156664019828772
330 11 3.467860771493226
330 12 1.3893903030799435
330 13 1.4704024523296684
330 14 2.111492453523607
330 15 4.317834166177716
331 6 0.9145989407119897
331 7 0.8277009012607215
331 9 4.084592107887063
331 10 0.8881902252005094
331 11 3.551787583844768
331 12 1.5451642227256754
331 13 1.2032820195728957
331 14 2.28266830492608
331 15 4.3975505190314585
332 6 0.8422654417318337
332 7 0.7391696636644153
332 9 4.115752470206705
332 10 0.7590148528495513
332 11 3.6103384213997143
332 12 1.622829336510721
332 13 1.4941712183240297
332 14 2.3026033457452995
332 15 4.4531666898643465
333 6 0.9685462048491474
333 7 0.904443038559909
333 9 3.733514437984352
333 10 0.7491002521029115
333 11 3.6511878875863855
333 12 1.6367110021946638
333 13 2.0000079025209607
333 14 2.306705382829695
333 15 4.491967532990338
334 6 1.0036334326752472
334 7 0.9774647428177994
334 9 3.927377253286602
334 10 0.7214777192606036
334 11 3.67969654003446
334 12 1.646365085574747
334 13 1.677123460077621
334 14 2.309567274355677
334 15 4.256800790391536
335 6 1.0285150616916883
335 7 1.1275364018918466
335 9 4.13633862247787
335 10 0.7270517395315766
335 11 3.558318770094531
335 12 1.6531005093579978
335 13 1.6433869619063588
335 14 2.3115639491554303
335 15 4.58214386227781
335 16 0.0
336 6 1.0387782627085451
336 7 1.2316052942339284
336 9 4.1514155847428995
336 10 0.8463155475916923
336 11 3.337976341674647
336 12 1.6577996585135877
336 13 1.6491968441690272
336 14 2.312955414812483
336 15 4.592433055998668
336 16 1.800962398873399
337 6 1.0458674762808653
337 7 1.0424695065721448
337 9 4.161934285448759
337 10 1.1915832344869095
337 11 3.696710710287558
337 12 1.6610781406151165
337 13 1.6554019609377753
337 14 2.2388923942597962
337 15 4.589130480010385
337 16 2.5713254024686742
338 6 1.050804386467656
338 7 1.0386229417204227
338 9 4.169274352198304
338 10 1.7590597284702738
338 11 3.7116453761179087
338 12 1.659723166598186
338 13 1.6564937190296267
338 14 1.939676661726626
338 15 2.7818996162808434
338 16 3.1087894189681617
339 6 1.0542486547974061
339 7 1.046546823547618
339 9 3.911908049231058
339 10 1.1719637474019926
339 11 3.7218674160759537
339 12 1.6649612557771003
339 13 1.6672361655462369
339 14 2.093802155611211
339 15 1.8558527403236273
339 16 3.4837652763436044
340 6 1.0566516391678342
340 7 1.0530838930393636
340 9 3.922922702330976
340 10 1.0404518429539749
340 11 3.728999056499283
340 12 1.6660746018413126
340 13 1.6726474973290748
340 14 2.2697941185847035
340 15 2.178192728243873
340 16 3.7453756645647824
341 6 1.0583281445144879
341 7 1.0569546253769553
341 9 4.180224074156213
341 10 1.0321386099620737
341 11 3.72575826617014
341 12 1.6572746606157345
341 13 1.665866018995481
341 14 2.297886761866387
341 15 2.358235952458774
341 16 3.9277679247418957
342 6 1.0594978025245825
342 7 1.0590336446360904
342 9 4.182033811627437
342 10 1.04326431287922
342 11 3.468612596063188
342 12 1.6441140232357063
342 13 1.633584324594521
342 14 2.303415523493561
342 15 2.2933979710794907
342 16 3.252448605500865
343 6 1.0603138452599568
343 7 1.0601572873605676
343 9 3.99399640510144
343 10 1.0527911159007644
343 11 3.448164011127598
343 12 1.5844918926878406
343 13 1.5374745437724466
343 14 2.307271986438542
343 15 2.294338988436893
343 16 2.642746543589563
344 6 1.0608831789492421
344 7 1.0608044786595396
344 9 3.6746426279004583
344 10 1.0580122652738304
344 11 3.7393939113651093
344 12 1.657651990138433
344 13 1.6414125555218853
344 14 2.3099627178967554
344 15 2.3027007576244385
344 16 3.9581513770042185
345 6 1.0612803895726026
345 7 1.0612057722973645
345 9 4.191834838180798
345 10 1.0603316489813546
345 11 3.7426143092390944
345 12 1.590201851807012
345 13 1.6921675283597892
345 14 2.311732244607162
345 15 2.3055614544339798
345 16 3.5679673811799066
346 6 1.0615575140068214
346 7 1.0614668155772515
346 9 4.180792727547036
346 10 1.0612365070024137
346 11 3.7434736091564615
346 12 1.5389974898840664
346 13 1.4411529901328504
346 14 2.26652114804319
346 15 2.2840300796822812
346 16 4.158277118724951
347 6 1.061750857135619
347 7 1.0616381070968757
347 9 3.9737642680438356
347 10 1.0615655591847692
347 11 3.3436716443084595
347 12 1.5878046551296137
347 13 1.5428944431907674
347 14 2.313830599854198
347 15 2.303993284957932
347 16 4.215984371988084
348 6 1.061885748022397
348 7 1.0617464365552471
348 10 1.061682385289781
348 11 3.515132873095707
348 12 1.653637224589234
348 13 1.6516056731071755
348 14 2.3145549010125093
348 15 2.3150015045440044
348 16 4.256229034858665
349 6 1.0619798581405313
349 7 1.0618072298902572
349 10 1.0617174521300021
349 11 3.742761754380694
349 12 1.6259978940984854
349 13 1.7513593570463042
349 14 2.3150434042907535
349 15 2.3084077419445777
349 16 4.06887463055905
350 6 1.0620455164198148
350 7 1.0618291514845881
350 10 1.061708931567589
350 11 3.743576588564884
350 12 1.6030330024311878
350 13 1.554537637194299
350 14 2.310277207222587
350 15 2.3027982883138085
350 16 1.9247091431868122
351 6 1.0620913244629688
351 7 1.061815545459336
351 10 1.0616629112939704
351 11 3.6633374601077855
351 12 1.6215666657434755
351 13 1.5532753532373715
351 14 1.902570111959893
351 15 2.0380969670527707
351 16 3.736958170207461
352 6 1.0621232832174687
352 7 1.0617642568163335
352 10 1.0615738072079324
352 12 1.60213885368671
352 13 1.5834767749949799
352 14 2.180552585087334
352 15 1.848297746034934
352 16 4.056260988136967
353 6 1.0621455793981778
353 7 1.0616660665888622
353 10 1.0614278139144266
353 12 1.6494500475213072
353 13 1.6952696583735936
353 14 2.280452544402154
353 15 2.539986157818463
353 16 4.144793836829275
354 6 1.062161133535058
354 7 1.061499964568205
354 10 1.0611992437967022
354 12 1.6511394551061511
354 13 1.7228473560929871
354 14 2.2912517345854995
354 15 2.310721645275537
354 16 4.2065611074440845
355 6 1.0621719805547722
355 7 1.0612218787830447
355 10 1.0608389750871614
355 12 1.557020958647305
355 13 1.567339991936883
355 14 2.298785629405187
355 15 2.2903990247262955
355 16 4.24965461913287
356 6 1.0621795357472024
356 7 1.0607486555579693
356 10 1.060254346365485
356 12 1.6459295374544314
356 13 1.5469154636900924
356 14 2.3040418510059357
356 15 2.296961849857269
356 16 4.2800706288356025
357 6 1.0621846609298207
357 7 1.0598874949768824
357 10 1.0592569410445836
357 12 1.655962596886073
357 13 1.7666672232260694
357 14 2.3033115574859795
357 15 2.297757327087641
357 16 3.676397592114829
357 17 0.0
358 6 1.0621310287097068
358 7 1.0582752493124745
358 10 1.0573917938653459
358 12 1.6597963213624753
358 13 1.669617673252072
358 14 2.3102674288731926
358 15 2.3214515087147625
358 16 4.278187633984335
358 17 1.3583374043677745
359 6 1.0545535393957552
359 7 1.0514156459803785
359 10 1.0527890196247045
359 12 1.367769168130641
359 13 1.5045846509223082
359 14 2.3121741756620433
359 15 2.316526688144655
359 16 4.341587846096465
359 17 1.939384866086153
360 6 1.0085162642470153
360 7 1.0044356539651345
360 10 1.0249670643431923
360 12 1.4599645664259606
360 13 1.185774205964525
360 14 2.0990481697389525
360 15 2.134122312782592
360 16 4.343858721639773
360 17 2.3447595574506863
361 6 1.0193327151084963
361 7 0.9453985672267915
361 10 0.9653383625124393
361 12 1.6303418132479017
361 13 1.4843875943843066
361 14 2.313150091404909
361 15 2.249917406544778
361 16 3.8726360085101477
361 17 2.627579752934494
362 6 1.0392862969417778
362 7 1.0223283376564192
362 10 0.9415220055839952
362 12 1.6401573972835002
362 13 1.9108003894643508
362 14 2.201393066293716
362 15 2.269538434965181
362 16 3.002777992624225
362 17 2.8248967604861983
363 6 1.0359604515559213
363 7 1.0893792631418902
363 10 0.978384945433938
363 12 1.646547477496791
363 13 1.6635191281935033
363 14 2.1524146650862783
363 15 2.0582030385744696
363 16 4.303149239456869
363 17 2.962560172342724
364 6 1.0503846479643926
364 7 1.0418778784050586
364 10 1.0109375212253384
364 12 1.644936461762189
364 13 1.6350818869659467
364 14 2.2994109953910913
364 15 2.2926699919323115
364 16 4.343322310103436
364 17 3.058604658729365
365 6 1.0564930566499868
365 7 1.0990616892240026
365 10 1.092600400903116
365 12 1.641284092580202
365 13 1.6273911573888296
365 14 2.2349707471365123
365 15 2.2826509674962434
365 16 4.345040933423134
365 17 3.1256122047350847
366 6 1.0582182723797469
366 7 1.0965780931429299
366 10 1.1240745330895179
366 12 1.6085262950591612
366 13 1.590115278143943
366 14 2.1837105053733143
366 15 2.1087544215465317
366 16 4.272066594862006
366 17 2.3637712837193594
367 6 1.059421147907337
367 7 1.064211900758191
367 10 1.2025928504850976
367 12 1.6242228193969306
367 13 1.5734840956316059
367 14 2.2157015404881584
367 15 2.220792764524252
367 16 4.347100474707083
367 17 2.113201199798985
368 6 1.0602603651392404
368 7 1.0575932234632923
368 10 1.107250936025133
368 12 1.6350077850179603
368 13 1.6601247086508422
368 14 2.29863767962678
368 15 2.3622051547890317
368 16 4.1837742370549105
368 17 2.9830797422257276
369 6 1.0608458671172436
369 7 1.0583756662899488
369 10 1.0538447643953799
369 12 1.6575207930957632
369 13 1.7292300837699044
369 14 2.180710643943836
369 15 2.203630651620431
369 16 3.0171653205531546
369 17 2.948199312012598
370 6 1.0612543579656073
370 7 1.059901720764079
370 10 1.0496711931439093
370 12 1.6608832438376602
370 13 1.6907449597856719
370 14 2.2902552242004828
370 15 2.2279093923493414
370 16 4.286159106312809
370 17 2.6788813432182965
371 6 1.0615393523820578
371 7 1.060898777590297
371 10 1.0544449082101732
371 12 1.6621549680627996
371 13 1.654414068808486
371 14 2.301330446786926
371 15 2.346470886649324
371 16 4.369848400988772
371 17 3.145196403740019
372 6 1.0617381861441593
372 7 1.0614088286636596
372 10 1.0584533710882515
372 12 1.570800647181045
372 13 1.583435442367548
372 14 1.9655797205057437
372 15 2.0792557955714757
372 16 4.325537417411174
372 17 3.186157697823521
373 6 1.0618769076432755
373 7 1.0616394630231165
373 10 1.0605202477782432
373 12 1.6129593760229102
373 13 1.4958364733021723
373 14 2.2381025190933608
373 15 1.8335680074013596
373 16 4.248637832397998
373 17 3.214603358323355
374 6 1.061973690241662
374 7 1.061727866095776
374 10 1.0613294540711278
374 12 1.632559539005528
374 13 1.5856563824590098
374 14 2.281390741795758
374 15 2.532136076474242
374 16 4.214555574781173
374 17 3.2344492093697634
375 6 1.0620412129311136
375 7 1.0617381692975882
375 10 1.0615416484183144
375 12 1.6600053112171504
375 13 1.740510970144662
375 14 2.2732376000044203
375 15 2.297010758435616
375 16 3.8806653134765825
375 17 3.2172167523763773
376 6 1.0620883213287566
376 7 1.0616914560816735
376 10 1.0615033190615597
376 12 1.6626253154311377
376 13 1.7269681364186915
376 14 2.2462570482024335
376 15 2.2394736490011944
376 16 4.010095944071883
376 17 2.071474046844409
377 6 1.062121186942001
377 7 1.06158451676636
377 10 1.0613424110097829
377 12 1.6644448900247302
377 13 1.6612500388308054
377 14 2.236820846366966
377 15 2.211042283190355
377 16 3.866181875864772
377 17 1.870384537053627
378 6 1.0621441144549262
378 7 1.0613933358160803
378 10 1.061073762276637
378 12 1.6657143636705651
378 13 1.6594347526569653
378 14 2.2428745237025356
378 15 2.2380679957478176
378 16 4.161772756039253
378 17 2.9197494163562236
379 6 1.062160112130181
379 7 1.06106514712834
379 10 1.06064778360445
379 12 1.66660004504758
379 13 1.6632632939871808
379 14 2.299486603505671
379 15 2.401601199222344
379 16 4.315266721694568
379 17 3.0313359363324426
379 18 0.0
380 6 1.0621712869912525
380 7 1.0604931557966366
380 10 1.0599486458160787
380 12 1.6672179632074213
380 13 1.6658026385028157
380 14 2.304505901943399
380 15 2.295593303155023
380 16 3.543768331743261
380 17 3.1065878870846566
380 18 0.8031353497340169
381 6 1.062178177411663
381 7 1.0594209730310153
381 10 1.058731332072918
381 12 1.6676490674856712
381 13 1.6671240092751414
381 14 2.2047453254880858
381 15 2.223400557831853
381 16 4.368057853504623
381 17 3.159089390345461
381 18 1.1466770911656576
382 6 1.062013840412013
382 7 1.0571728523523507
382 10 1.0564154167439845
382 12 1.6679498368107588
382 13 1.6678018189921626
382 14 2.137926424684705
382 15 2.0460240353189243
382 16 4.011834201345043
382 17 3.1957184405265413
382 18 1.3863580321122322
383 6 1.0598481142939218
383 7 1.0498590240589438
383 10 1.0507459686207368
383 12 1.6681596716716005
383 13 1.6681659701747087
383 14 2.2794524136340293
383 15 2.2145450648399008
383 16 3.9088707485756666
383 17 3.221273636100668
383 18 1.5535777495107104
384 6 1.0560835217240392
384 7 1.0367075004032875
384 10 1.0367502310936898
384 12 1.6652763361532188
384 13 1.6681717729525554
384 14 2.30962757256175
384 15 2.457717785176901
384 16 4.375504707201515
384 17 3.2391030860123244
384 18 1.670242988125197
385 6 1.0516827916141536
385 7 1.056151434468495
385 10 1.0320678358143494
385 12 1.6683508166502412
385 13 1.6591436096228185
385 14 2.3116060182397993
385 15 2.3109575166478398
385 16 3.8408945335259412
385 17 3.2384921235639466
385 18 1.7516375622449023
386 6 1.0386710542707196
386 7 1.0119731318987297
386 10 1.0135703515765062
386 12 1.6356156853751056
386 13 1.6443996278730146
386 14 2.3129863320054618
386 15 2.305818636006076
386 16 4.1103643541233374
386 17 2.92020785421502
386 18 1.8084246292742945
387 6 1.0510543544771969
387 7 1.041423752835149
387 10 1.0259731027166947
387 12 1.3405908901376682
387 13 1.4101116568058232
387 14 2.3139493420327844
387 15 2.310316025522381
387 16 4.117432334372495
387 17 3.232253107607525
387 18 1.8480436201279498
388 6 1.0574258213195775
388 7 1.0628988148965821
388 10 1.0178371506970227
388 12 1.1874808356801663
388 13 1.0256695017806436
388 14 2.314621208449705
388 15 2.3130228389741294
388 16 2.4195097651353774
388 17 3.260152497691946
388 18 1.875684847272975
389 6 1.057059477404952
389 7 1.0756806653462279
389 10 1.0410729388569768
389 12 1.4273310905779624
389 13 0.94656531742971
389 14 2.3150899492996553
389 15 2.314407369141781
389 16 2.2500152259007278
389 17 3.266227777997726
389 18 1.894969448125907
390 6 1.0599658932036764
390 7 1.100477310646593
390 10 1.1297524268625767
390 12 1.576909637626711
390 13 1.1761750807727829
390 14 2.3108486709408775
390 15 2.313850075119254
390 16 2.2721163586201323
390 17 3.2704633490022337
390 18 1.9084234473638844
391 6 1.0606412400748553
391 7 1.0807081635887705
391 10 1.1286009725348864
391 12 1.6045872714624507
391 13 2.0971577017371668
391 14 2.305886364767765
391 15 2.292668879686641
391 16 2.2811046225828666
391 17 2.992606020262535
391 18 1.9177979213449372
392 6 1.0611115942387694
392 7 1.0622042960710334
392 10 1.1025795307215749
392 12 1.623864964212728
392 13 2.0875462828367817
392 14 1.8832927253547431
392 15 2.00911397401403
392 16 2.1097062753828406
392 17 2.6687540170325375
392 18 1.835371347972296
393 6 1.061439748869418
393 7 1.0596067292593336
393 10 1.0707785145279682
393 12 1.6375386549453166
393 13 1.6557170019393097
393 14 1.6004795554650595
393 15 1.512467610348416
393 16 1.5606737870340186
393 17 2.9941659077536062
393 18 1.1025685292173846
394 6 1.0616686945022953
394 7 1.0603658836712777
394 10 1.0580434316103926
394 12 1.6469655627315918
394 13 1.626065078268153
394 14 2.1645515863066307
394 15 1.7560826904769007
394 16 1.3845401328341722
394 17 3.204301122580374
394 18 0.9918551818561006
395 6 1.0618284240658862
395 7 1.061342609272302
395 10 1.0589043229087864
395 12 1.6535194536323936
395 13 1.6401832126326006
395 14 2.232340256065453
395 15 2.6069152622356286
395 16 1.4120010252556467
395 17 3.22726159819336
395 18 1.4099474061930648
396 6 1.0619398630307155
396 7 1.062044876746739
396 10 1.0632164216168771
396 12 1.6580919469589033
396 13 1.651885376983673
396 14 2.2577454037863234
396 15 2.278937643222783
396 16 1.942149833346506
396 17 3.243280483278294
396 18 1.6836701650395396
397 6 1.062017610275523
397 7 1.0625444975467615
397 10 1.0699071953846282
397 12 1.6612820674587558
397 13 1.6586569566595817
397 14 2.2754090628708927
397 15 2.2661838916388155
397 16 3.1761160473220804
397 17 2.8502987523903274
397 18 1.7451761152093428
398 6 1.0620718411344678
398 7 1.062842508854598
398 10 1.0803966149239899
398 12 1.6635077384999155
398 13 1.662373989686486
398 14 2.282299866679388
398 15 2.281480651431853
398 16 3.151008010945289
398 17 3.236583230875383
398 18 1.6806020105403225
399 6 1.0621096068111908
399 7 1.0627372483683655
399 10 1.0937527801069955
399 12 1.6650605372649623
399 13 1.6644665994845997
399 14 1.8879641244620984
399 15 2.036376241776668
399 16 2.1811713942939193
399 17 3.311434509094598
399 18 1.6370114276912655
400 6 1.0398743263363146
400 7 1.0650468946907943
400 10 1.111069963449222
400 12 1.6661438857652129
400 13 1.6656795695717286
400 14 1.6513499425380476
400 15 1.6794959358855883
400 16 1.7314883990394192
400 17 3.2603304099557673
400 18 1.6747021909593143
401 6 1.004413438454277
401 7 0.9761909444103055
401 10 1.0677691076402245
401 12 1.6668997097492493
401 13 1.6663569248431185
401 14 1.636826662368749
401 15 1.6106640706686148
401 16 1.5835169737164352
401 17 2.5703712442878897
401 18 1.8802187488273674
402 6 1.0142882770076962
402 7 0.9032319900494872
402 10 0.8188043530767121
402 12 1.6674270251000927
402 13 1.6666232425522063
402 14 1.6484140452519023
402 15 1.6254462639590426
402 16 1.5873233047388102
402 17 3.1755784997965026
402 18 1.8981999814751918
402 19 0.0
403 6 1.036844914538321
403 7 1.0526911192247979
403 10 0.9212992338014476
403 12 1.6677948892696102
403 13 1.666419115887806
403 14 1.65749873009051
403 15 1.6458327643499873
403 16 1.6225667031770878
403 17 3.25551169430655
403 18 1.9106777599685671
403 19 1.1657770210680698
404 6 1.0459673757661188
404 7 1.1311451817692884
404 10 1.0321806117954424
404 12 1.6680511319980817
404 13 1.6653479565589573
404 14 1.6613519872123825
404 15 1.6568924987749145
404 16 1.6474609138516971
404 17 3.2631626904687847
404 18 1.9193832095452033
404 19 1.6644390079600766
405 6 1.0459516506769957
405 7 1.0113002238697442
405 10 1.0230872529310346
405 12 1.6659589334222922
405 13 1.6610886409120098
405 14 1.6600712729846745
405 15 1.659260742140786
405 16 1.6572300419164046
405 17 3.2607861558371156
405 18 1.9254567949678314
405 19 2.0123436704087667
406 6 1.055990979054761
406 7 1.0868977425314408
406 10 1.1690022084133047
406 12 1.5870570387750333
406 13 1.5932109629045061
406 14 1.625391067841309
406 15 1.6418093624769037
406 16 1.6508246861688125
406 17 3.2714508345191367
406 18 1.9296941873682356
406 19 2.2550685169106766
407 6 1.0578688907517844
407 7 1.1046644569327644
407 10 1.1087944329934951
407 12 1.5776344535723115
407 13 1.4842908862009965
407 14 1.5004170598480737
407 15 1.542346413134133
407 16 1.5825672498005356
407 17 3.1449960896501628
407 18 1.931491585386365
407 19 2.424411895127625
408 6 1.059177452755734
408 7 1.0563539265818807
408 10 1.1221479335890547
408 12 1.6105096386229285
408 13 1.6135594421009742
408 14 1.4738969766552945
408 15 1.4575340880060013
408 16 1.4716016500174443
408 17 3.2616518415525926
408 18 1.9337567597627898
408 19 2.542558759084071
409 6 1.0600903526159928
409 7 1.0520956129217056
409 10 1.0789891942593028
409 12 1.654787710059225
409 13 1.6824618666120268
409 14 1.5932118754446953
409 15 1.4796916409532
409 16 1.4472491469243751
409 17 3.055915385420363
409 18 1.743342552957427
409 19 2.6249870260218513
410 6 1.0607272551243685
410 7 1.0556766656037517
410 10 1.0493141674013295
410 12 1.6597418208423014
410 13 1.7479173527750151
410 14 1.7634013466847167
410 15 1.6541900689518372
410 16 1.5445301972984373
410 17 3.181866057705184
410 18 1.045482737883876
410 19 2.682495253076482
411 6 1.0611716057310419
411 7 1.0588508479673333
411 10 1.0505678572067294
411 12 1.6624331463883635
411 13 1.6625240333767832
411 14 1.800559799322899
411 15 1.8573445975137406
411 16 1.7040969840258386
411 17 3.082929262826062
411 18 0.8085555797700084
411 19 2.7225987761358676
412 6 1.0614816183151594
412 7 1.060632502309604
412 10 1.0560844577653052
412 12 1.664310819285039
412 13 1.656747221080521
412 14 1.6965933746587685
412 15 1.8269441198046827
412 16 1.8617613042604355
412 17 3.008796389252916
412 18 1.3270568480703235
412 19 1.9876678515033381
413 6 1.0616979066557028
413 7 1.0615442477300296
413 10 1.059866688644457
413 12 1.6656208270471662
413 13 1.6611919479938497
413 14 1.657112309479177
413 15 1.6799859002070132
413 16 1.8501445111447414
413 17 3.2064590880728785
413 18 1.635452142477603
413 19 1.6209908191018993
414 6 1.0618488058742415
414 7 1.062241838251467
414 10 1.0620118748923244
414 12 1.6665347884080592
414 13 1.6644279305585048
414 14 1.657635549810272
414 15 1.6444352675728173
414 16 1.6893593402976
414 17 3.0351851046165237
414 18 1.7293312706784167
414 19 2.4598250309666443
415 6 1.061954084677404
415 7 1.0636661937964924
415 10 1.0641807982667528
415 12 1.6671724357486133
415 13 1.6660976171773463
415 14 1.6623693547050766
415 15 1.6522721359285066
415 16 1.6358485828981373
415 17 3.248680637160578
415 18 1.792862072669913
415 19 2.526310631611897
416 6 0.9470583405679139
416 7 1.0525968598965334
416 10 1.068106326504758
416 12 1.6676173055924295
416 13 1.666850761228804
416 14 1.6652379453752175
416 15 1.6605489244478568
416 16 1.6476226803515448
416 17 2.5301322124758974
416 18 1.8371859930943382
416 19 2.4538308777984703
417 7 1.7257825598292569
417 10 1.6856686832183896
417 12 1.6679276760559414
417 13 1.6670640631171938
417 14 1.6663366240222652
417 15 1.6645348466316991
417 16 1.6588992468080594
417 17 3.1554308570651277
417 18 1.868109746177737
417 19 2.4212173614018555
418 10 1.8250741208740542
418 12 1.6681441912625914
418 13 1.6668017414800071
418 14 1.666305286034471
418 15 1.6656375985825307
418 16 1.6637729446404628
418 17 3.081575465297296
418 18 1.8896845164747975
418 19 2.712739893806598
419 12 1.6682950534416778
419 13 1.6657548312086141
419 14 1.6652409140167013
419 15 1.664987143624142
419 16 1.6646086397135373
419 17 3.0369342961612538
419 18 1.9047367226884204
419 19 2.743718379107065
420 12 1.667979676777496
420 13 1.662393131476818
420 14 1.6621401053623948
420 15 1.6623524558508103
420 16 1.6627941723123438
420 17 3.006648119943108
420 18 1.9152382910475443
420 19 2.7653313344792223
421 12 1.6316156544620497
421 13 1.6256346115439229
421 14 1.6464067981236026
421 15 1.6527606350739334
421 16 1.6562576182491944
421 17 3.2427639770955894
421 18 1.9225649844540158
421 19 2.780410174799512
422 12 1.5674772391169915
422 13 1.5807312903563762
422 14 1.5889847477500516
422 15 1.599139177111673
422 16 1.6180259392404759
422 17 3.252524900954381
422 18 1.927676638660996
422 19 2.7818809471564827
423 12 1.6075393024531845
423 13 1.5703768487641159
423 14 1.5456700720090717
423 15 1.5472755656048571
423 16 1.5565230356804538
423 17 2.916628552059664
423 18 1.931242899749568
423 19 2.670713541619771
424 12 1.6617853022790912
424 13 1.6398213946819356
424 14 1.5788450742173
424 15 1.5367383983523282
424 16 1.5246287519991353
424 17 3.195740677185892
424 18 1.9337308793738577
424 19 1.4751944295660586
424 20 0.0
425 12 1.6670323830791398
425 13 1.7078791124625776
425 14 1.6665268269054407
425 15 1.6065641297578954
425 16 1.5581278741186386
425 17 3.2595377904053393
425 18 1.935123975737353
425 19 1.8455414885778514
425 20 1.7682180749151515
426 12 1.6676598933463074
426 13 1.6869101227886454
426 14 1.7519677899550508
426 15 1.7827365180939494
426 16 1.7114914036530313
426 17 3.265798914394921
426 18 1.8194410735969158
426 19 2.4976747863904873
426 20 2.5245746707357832
427 12 1.66795739597913
427 13 1.6642947353287685
427 14 1.7151507912735535
427 15 1.7598674224775668
427 16 1.7860619391681845
427 17 3.270167145800029
427 18 1.8481442069685168
427 19 2.596049285157553
427 20 3.052266760204525
428 12 1.6681649556702227
428 13 1.6643184971018932
428 14 1.6680216793148994
428 15 1.7201343493337973
428 16 1.7695221696796584
428 17 3.2732147530529345
428 18 1.9170201748023636
428 19 2.662306107212996
428 20 3.4204250365966233
429 12 1.6683097630832104
429 13 1.666392937761897
429 14 1.6605400194941737
429 15 1.6567834831883774
429 16 1.7059108222439783
429 17 3.288545421126003
429 18 1.9285978068253489
429 19 2.708531922664099
429 20 3.677280326022526
430 12 1.6684107861070678
430 13 1.6676049981429542
430 14 1.6636450772279663
430 15 1.6535185488755366
430 16 1.645612972415025
430 17 2.904425598433042
430 18 1.931885603663599
430 19 2.740782578248724
430 20 3.8564789372369264
431 12 1.663389083684413
431 13 1.6676453961580893
431 14 1.6663809984106774
431 15 1.6609265957408812
431 16 1.647135876208073
431 17 1.7496573012050234
431 18 1.9341794216739316
431 19 2.763283094712927
431 20 3.842882927546149
432 12 1.5854680006158837
432 13 1.6105956544532747
432 14 1.6463048037351855
432 15 1.655934012722304
432 16 1.654860815320908
432 17 2.6893415260307862
432 18 1.9357797623553454
432 19 2.7789811490622744
432 20 2.124782093662604
433 12 1.5476460984093487
433 13 1.5048931795129326
433 14 1.5093385422551162
433 15 1.5524330377109816
433 16 1.5961981953755107
433 17 3.04632548870219
433 18 1.93689626517497
433 19 2.7899335539776775
433 20 3.8953052913542017
434 12 1.6034975819917057
434 13 1.6323712419683278
434 14 1.4653503062603093
434 15 1.4755922486104847
434 16 1.49543927371182
434 17 3.1170457514437566
434 18 1.9369526870958882
434 19 2.7967709901054736
434 20 3.6886536844610256
435 12 1.6476446707107435
435 13 1.6543727718135859
435 14 1.5840948629789
435 15 1.4520524466679223
435 16 1.4320021025474488
435 17 3.1663855958715286
435 18 1.8850435905538578
435 19 2.6035008794327577
435 20 3.8661496038117966
436 12 1.6604727674222546
436 13 1.7018566483602189
436 14 1.7762357384687524
436 15 1.6868321836173827
436 16 1.5750204423265415
436 17 3.2008088358989175
436 18 1.4690314736532597
436 19 2.743849375806214
436 20 4.1412483127810065
437 12 1.6629435520835874
437 13 1.6661242846248643
437 14 1.7579999365853094
437 15 1.8130999193349673
437 16 1.7437331483359992
437 17 3.224825110557689
437 18 1.6076203658673578
437 19 2.8013899308903385
437 20 4.180181671437515
438 12 1.6646669381924462
438 13 1.6574952749702325
438 14 1.6930347225334421
438 15 1.7801042476054456
438 16 1.802800713327165
438 17 3.241580674523288
438 18 1.5899600101707734
438 19 2.805567411688169
438 20 4.162923394677241
439 12 1.6658692861069897
439 13 1.6615461474000006
439 14 1.6544737056567187
439 15 1.683065546068265
439 16 1.754219173134958
439 17 3.2532703071338944
439 18 1.834787258427844
439 19 2.8084819378600185
439 20 3.0981540342512406
440 12 1.666708133523951
440 13 1.6647737443892554
440 14 1.6565826559636718
440 15 1.643231374143833
440 16 1.696963032750768
440 17 3.2407333331214163
440 18 1.8732440160065535
440 19 2.810513056329027
440 20 2.403805750287378
441 12 1.6672933770422458
441 13 1.6665134941972426
441 14 1.662296275858324
441 15 1.6518908179669545
441 16 1.6385599340162016
441 17 2.931846959049739
441 18 1.8932665954004302
441 19 2.6271837397888724
441 20 3.9069569969418043
442 12 1.0058800598884137
442 13 1.4391507878235423
442 14 1.6059575923395133
442 15 1.646126490255744
442 16 1.6463086782984888
442 17 3.146601759514035
442 18 1.9072358490453467
442 19 2.195331786398631
442 20 4.016775451023532
443 13 1.5557423304163667
443 14 1.6938096294994702
443 15 1.6676031558342816
443 16 1.6310589242503362
443 17 3.248198979737839
443 18 1.9169821940480871
443 19 2.41276378573285
443 20 4.09333993225047
444 14 1.7999158671874402
444 15 1.8371222218571233
444 16 1.788408295862505
444 17 3.2578887431977694
444 18 1.9239392378220725
444 19 2.7063931526576757
444 20 4.143823269971234
445 15 1.9043457248139881
445 16 2.2413785425257617
445 17 3.2646479573644025
445 18 1.9282906644018893
445 19 2.760549010348836
445 20 4.209207559751167
446 16 1.6609075208086037
446 17 3.2693641473208297
446 18 1.9295652368759069
446 19 2.777172715665906
446 20 4.079898470958217
446 21 0.0
447 17 3.272651425893037
447 18 1.933753843973332
447 19 2.788671471613349
447 20 3.96573727811483
447 21 2.000395993161147
448 17 3.150249138358762
448 18 1.9355383034664007
448 19 2.8593524401228128
448 20 4.233729433693006
448 21 2.856066866242172
449 17 2.930603981474187
449 18 1.936727765288654
449 19 2.756366038871684
449 20 4.244703684180317
449 21 3.4530481735033702
450 17 3.2312653854277444
450 18 1.9375692344425564
450 19 2.806396243890026
450 20 4.258581909087559
450 21 3.869547896356326
451 17 3.2780703276064034
451 18 1.9274833508183626
451 19 2.7921722166530123
451 20 3.2637628201082682
451 21 4.160129882521624
452 17 3.2787286255490793
452 18 1.5771822092359682
452 19 1.8962345597031856
452 20 3.1780720178093094
452 21 4.362838446424585
453 17 3.2791876416048438
453 18 1.8020413102183597
453 19 1.3652582017073824
453 20 4.271406970058713
453 21 3.024410029601875
454 17 3.1472312545695873
454 18 1.892838227070339
454 19 1.7540814973718903
454 20 4.271262757932832
454 21 3.958257214971756
455 17 3.111995131801332
455 18 1.9069371626349483
455 19 2.2773142426133837
455 20 4.270611051788887
455 21 4.113009444968228
456 17 3.2696299673296543
456 18 1.916773486153106
456 19 1.9612550114643024
456 20 4.393307098738139
456 21 4.358505058450926
457 17 3.2728587913480642
457 18 1.9236361534686568
457 19 1.9104310751048599
457 20 4.352330225514361
457 21 4.638494091930499
458 17 3.2750927083627968
458 18 1.9284239064456037
458 19 1.9159844603185068
458 20 3.834376131908109
458 21 4.696605430024343
459 17 1.9249764225477108
459 18 1.9273274603026453
459 19 1.9197520265634787
459 20 3.863534170023738
459 21 4.555479621918697
460 18 1.9340947461070501
460 19 1.9364829236326533
460 20 4.213985991004431
460 21 2.034063575903853
461 18 1.9346410367231794
461 19 1.9400422133484345
461 20 4.2069500616458
461 21 4.252195749409285
462 18 1.8952870847715153
462 19 1.908145324721401
462 20 2.8639279593716918
462 21 4.506391845859155
463 18 1.853556667359784
463 19 1.8278588867904466
463 20 1.7879339883619545
463 21 4.601967605035612
464 18 1.9359199989595903
464 19 1.893833773632511
464 20 1.7672012706558236
464 21 4.67323471925241
465 18 1.8321747644137802
465 19 1.9278904526498897
465 20 1.9254545107080792
465 21 4.721180794330823
466 18 1.8155072166554171
466 19 1.6874928734556895
466 20 1.7973496958226491
466 21 4.594560807765056
467 18 1.8942291341710362
467 19 1.8574158026882643
467 20 1.6305676404077605
467 21 4.701469455511345
468 18 1.9192556508463414
468 19 2.0008533029140056
468 20 1.9730238049529985
468 21 4.790767632990272
468 22 0.0
469 18 1.7930214582603285
469 19 1.8461425571706234
469 20 2.0099114781297684
469 21 4.802841152623003
469 22 2.06284201871529
470 18 1.8486528078236704
470 19 1.7615248243761608
470 20 1.7465211820117548
470 21 4.246088239736707
470 22 2.945224226318662
471 18 1.8604882986221576
471 19 1.8438528070977516
471 20 1.7757435692706502
471 21 4.10547562433718
471 22 3.5608413999138704
472 18 1.9210025728010254
472 19 1.9182828700695682
472 20 1.8765193652679664
472 21 4.794959840858994
472 22 3.9903426951745447
473 18 1.8764928255153908
473 19 1.9548406418320163
473 20 2.027542918905615
473 21 4.804088316684112
473 22 4.289968753898203
474 18 1.8563858962065938
474 19 1.7566816354389516
474 20 1.8617068613571703
474 21 4.848762985072473
474 22 4.499025381140471
475 18 1.9231329566370423
475 19 1.9385315930902023
475 20 1.783786612081622
475 21 4.843073286412844
475 22 2.6496961373516825
476 18 1.928072675237017
476 19 1.9712422205025688
476 20 2.0164920976760654
476 21 4.572691442167142
476 22 4.402719854604163
477 18 1.5698842011493104
477 19 1.7492396658065312
477 20 1.9082529003825146
477 21 3.929188359672535
477 22 4.064176908286214
478 18 1.7167248019371606
478 19 1.371755040461016
478 20 1.488399925200488
478 21 4.770550551824851
478 22 4.723126083941207
479 18 1.8368069756386451
479 19 1.7544508268482295
479 20 1.407336548679742
479 21 4.72706494738229
479 22 4.801484600480074
480 18 1.8546128663446717
480 19 2.0148170682541426
480 20 1.8473919241372658
480 21 4.793591294411393
480 22 4.832977513021976
481 18 1.8906452810550176
481 19 1.886976567902083
481 20 2.1557585470635687
481 21 4.515080157208142
481 22 3.7885445759915855
482 18 1.8976635120104333
482 19 1.8851718787350489
482 20 1.8893834793221926
482 21 4.56003812468283
482 22 2.962251949718319
483 18 1.81507140989738
483 19 1.8309894791510448
483 20 1.8405716282637168
483 21 4.6654233811375345
483 22 4.58609188651602
484 18 1.8888886110664274
484 19 1.8276174440511623
484 20 1.8164014334440344
484 21 4.285408776077568
484 22 4.705636639462371
485 18 1.9058571191784106
485 19 1.9335422026470563
485 20 1.8450486568665732
485 21 4.4978894560455105
485 22 4.7890394472603335
486 18 1.9275949629701832
486 19 1.9759366297787648
486 20 2.0252503196326326
486 21 4.791353185524132
486 22 4.847227462293455
487 18 1.9311451941351139
487 19 1.9437099544256433
487 20 2.006147731749374
487 21 4.1296735164363465
487 22 4.8480960297773334
488 18 1.8918587765680164
488 19 1.9002688487871735
488 20 1.9147428717432426
488 21 4.536824885345782
488 22 4.514965373846516
489 18 1.8093636453461477
489 19 1.7363773531826228
489 20 1.773777398657055
489 21 4.306881855353914
489 22 4.93055789732622
490 18 1.864814310850409
490 19 1.8420581760917893
490 20 1.7104817851505787
490 21 4.678130103852778
490 22 4.9459616556517485
490 23 0.0
491 18 1.9198169944406553
491 19 1.9818805115172873
491 20 1.9228396961207306
491 21 3.2169473287773793
491 22 4.573795416564983
491 23 2.6793976220328353
492 18 1.9257630665577101
492 19 1.973620461657845
492 20 2.0582385620982215
492 21 1.949064239479926
492 22 3.74068240237969
492 23 3.825511944711422
493 18 1.9299078712481683
493 19 1.9278107393378345
493 20 1.9657505037544545
493 21 2.0478200629305996
493 22 4.891376816261247
493 23 4.625128772255578
494 18 1.9327996041446427
494 19 1.9281221325357418
494 20 1.9201401210889772
494 21 1.9213441402332019
494 22 4.84566896517404
494 23 5.183002337131159
495 18 1.934817094972853
495 19 1.932296816733589
495 20 1.9253498166317422
495 21 1.8878492012507577
495 22 4.8107821052861945
495 23 5.283922524533063
496 18 1.9362246526515385
496 19 1.9351383430646887
496 20 1.931909483915632
496 21 1.9098514755377687
496 22 4.953075338775659
496 23 4.2208617439602545
497 18 1.937206663748619
497 19 1.9367782974367451
497 20 1.9355249900107836
497 21 1.9255217387280164
497 22 4.848263422542837
497 23 5.302014119824394
498 18 1.937891786017783
498 19 1.937729995846756
498 20 1.9372885453773645
498 21 1.93321429505779
498 22 3.4711180661653613
498 23 6.013077637703491
499 18 1.9325084429949708
499 19 1.9377278590189844
499 20 1.9387216928182578
499 21 1.9370637835409537
499 22 5.053445252130013
499 23 6.151568023391117
500 18 1.9343364449933507
500 19 1.9190957090295881
500 20 1.9244067180674256
500 21 1.9294717802117198
500 22 4.889589556663448
500 23 5.866253567315876
501 18 1.619895414475933
501 19 1.7355345062833074
501 20 1.8176021417957415
501 21 1.8745520320392437
501 22 4.929995721094073
501 23 3.2157681317717697
502 18 1.2931951489242675
502 19 1.2298017989819805
502 20 1.3846829857416516
502 21 1.5315825075913299
502 22 4.652870560158953
502 23 6.048093862978834
503 18 1.602246455307042
503 19 1.202078009177006
503 20 1.0855016878340402
503 21 1.1397642228051437
503 22 4.677674092737053
503 23 6.175771740553823
504 18 1.8090114652593288
504 19 1.4400183165327858
504 20 1.129926816094185
504 21 1.0338032295441073
504 22 4.772486364327347
504 23 6.2648490926803015
505 18 1.8489511237804062
505 19 2.1127771814895864
505 20 1.5997962438290303
505 21 1.2200328694823794
505 22 4.3363784474984275
505 23 5.940063663056466
506 18 1.8763395929891022
506 19 2.189587273297879
506 20 2.449357554721231
506 21 1.3003675523493556
506 22 4.646897342194903
506 23 6.269950830618829
507 18 1.8954377240364153
507 19 1.9280351120965327
507 20 2.3728082382584903
507 21 1.4833125051313814
507 22 4.93267444018158
507 23 6.412348870210955
508 18 1.9087505997867014
508 19 1.8979387053083174
508 20 1.9056935959470336
508 21 2.987272836597278
508 22 4.05651077508298
508 23 5.7542697543052235
509 18 1.9180386779858662
509 19 1.9093577493876994
509 20 1.887092882528667
509 21 3.0522920465112544
509 22 4.636862823960886
509 23 5.253556059291757
510 18 1.9245187500858865
510 19 1.9202540284268235
510 20 1.9070122833817418
510 21 1.9521216379325588
510 22 4.353668866104126
510 23 6.415547995203892
511 18 1.929039742618109
511 19 1.927141819846568
511 20 1.921337290362591
511 21 1.8822688974280803
511 22 4.9075772696623625
511 23 6.261265398544623
512 18 1.9321939311324505
512 19 1.9312585912118239
512 20 1.9289373983409117
512 21 1.9049353839795606
512 22 4.466147981418926
512 23 6.441755176983801
513 18 1.934394531235915
513 19 1.9337260573407298
513 20 1.9327326195575394
513 21 1.9216514136382494
513 22 4.80411793749217
513 23 5.018263415092225
513 24 0.0
514 18 1.9359297965716595
514 19 1.9351468994822705
514 20 1.9345521319696557
514 21 1.929825129734858
514 22 4.9526181398221825
514 23 6.4038035677382625
514 24 1.5612749421190826
515 18 1.937000964511924
515 19 1.9357127352088281
515 20 1.935123401290281
515 21 1.9331008225794821
515 22 4.961352588550833
515 23 6.548768501882754
515 24 2.229111449023655
516 18 1.9377479787767502
516 19 1.935100490909816
516 20 1.9343116666321694
516 21 1.933442431128215
516 22 4.953454291152693
516 23 6.217205827419232
516 24 2.695045151863599
517 18 1.9318517200868321
517 19 1.9296314882565562
517 20 1.929896305651671
517 21 1.9303233942194025
517 22 3.7858425188067293
517 23 6.186809250280996
517 24 3.020116032121881
518 18 1.8097936252863318
518 19 1.8234479129600332
518 20 1.863881895944877
518 21 1.8924003593440895
518 22 3.0515813619972634
518 23 5.979812292560274
518 24 3.2469099453930634
519 18 1.8507601961325701
519 19 1.7379256690663567
519 20 1.7089052376850498
519 21 1.740428097964376
519 22 4.645989405675467
519 23 6.005836344645063
519 24 3.405112352151781
520 18 1.8885013237530497
520 19 1.9038072912237964
520 20 1.7676579398536751
520 21 1.6917382892372852
520 22 4.747425020193945
520 23 6.110387619428274
520 24 3.5155287815785745
521 18 1.9204813364103575
521 19 2.0023354838108385
521 20 1.9809797001251446
521 21 1.8168624137263034
521 22 4.818194220010255
521 23 5.420497393886858
521 24 2.681623046981839
522 18 1.9262230008043482
522 19 1.9555507484442758
522 20 2.0706546122759337
522 21 2.039570036600409
522 22 4.867568127165496
522 23 6.028955949005636
522 24 2.402859696615984
523 18 1.9302287583727928
523 19 1.9281654089523934
523 20 1.9572044820914836
523 21 2.1354800365841946
523 22 4.9020901917219595
523 23 6.103459503909087
523 24 3.3583324420820335
524 18 1.9330234801778066
524 19 1.9295608535838125
524 20 1.9238621861106202
524 21 1.9644720892799694
524 22 4.406995503164593
524 23 5.978178609339619
524 24 3.1835258788274383
525 18 1.9349732913571394
525 19 1.9329727941279766
525 20 1.9278938070406781
525 21 1.9196371838775936
525 22 3.913449925241283
525 23 6.3582500992259305
525 24 3.373731373829342
526 18 1.9363336284651416
526 19 1.93517418304258
526 20 1.932672936404476
526 21 1.9260472889043248
526 22 1.9608914999762443
526 23 6.4279445902085355
526 24 3.5974818975061646
527 18 1.937282709628736
527 19 1.936300523291694
527 20 1.9350827075540755
527 21 1.9321063634144333
527 22 1.8529613956825637
527 23 6.423751940995216
527 24 3.649724836263799
528 18 1.9379447924500162
528 19 1.936582628570369
528 20 1.9357622828815422
528 21 1.9345466362996195
528 22 1.8801783883904366
528 23 4.233210040647077
528 24 3.6861733815615034
529 18 1.9384065073301833
529 19 1.935747060188306
529 20 1.9348736768841186
529 21 1.9343848492839364
529 22 1.905082138519371
529 23 5.446561626268085
529 24 3.578335722156605
530 18 1.9370598663683534
530 19 1.9313484327326844
530 20 1.9306986919046114
530 21 1.931056575085366
530 22 1.9178272058724324
530 23 6.14621789279012
530 24 1.864238141188217
531 18 1.925915836382488
531 19 1.9054775839639257
531 20 1.9092251978043056
531 21 1.9153778510151835
531 22 1.9144528539324275
531 23 6.244259198603917
531 24 3.020873295153138
532 18 1.9075938589998624
532 19 1.8811523633385414
532 20 1.8667583124011915
532 21 1.8752511566658627
532 22 1.883319861004221
532 23 6.303647659417247
532 24 3.4723869121608812
533 18 1.9171047222862394
533 19 1.9115366256137656
533 20 1.8560335243355435
533 21 1.8315739258063866
533 22 1.8353228876329337
533 23 6.055041693925525
533 24 3.56244905411979
534 18 1.932244432102328
534 19 1.964403053151105
534 20 1.96317646045475
534 21 1.9016894795487986
534 22 1.822084247477199
534 23 6.008717643336335
534 24 3.625283254492377
535 18 1.9361881027866357
535 19 1.9747090583236402
535 20 2.01973476494198
535 21 2.035023135168349
535 22 2.0249458404852705
535 23 6.384757672608945
535 24 3.669121181893874
535 25 0.0
536 18 1.93718117294516
536 19 1.940554281243522
536 20 1.97142201800137
536 21 2.0250828903860136
536 22 2.0598620386605195
536 23 6.402492591933278
536 24 3.6997058362386324
536 25 2.5241357877629538
537 18 1.9378740136768673
537 19 1.9358803422343935
537 20 1.933500933612459
537 21 1.9532940679547273
537 22 1.9847720947755643
537 23 6.162820613002228
537 24 3.721102925572568
537 25 3.603841507152795
538 18 1.9383573879206104
538 19 1.9369721705645353
538 20 1.9323792012906713
538 21 1.9226577478019575
538 22 1.9432842491796523
538 23 3.2819494881592726
538 24 3.4254443055379826
538 25 4.357124490042594
539 18 1.9386945503275095
539 19 1.9380552618159699
539 20 1.9356905106761866
539 21 1.928085984650882
539 22 1.9150849598273285
539 23 1.8668702898392573
539 24 3.7135807184890615
539 25 4.882672385676873
540 18 1.8071886989501773
540 19 1.8653994736110702
540 20 1.9047275145015945
540 21 1.922615375247257
540 22 1.9221720661913502
540 23 1.838077793110007
540 24 3.7695345726974376
540 25 5.249323792116083
541 18 1.8434918135702987
541 19 1.6778804951554422
541 20 1.725285100259743
541 21 1.7813325206108392
541 22 1.8326283848733995
541 23 1.8159485037208243
541 24 3.769761911632075
541 25 3.064065781513793
542 18 1.8814791447675292
542 19 1.9443892633122533
542 20 1.7159328218135628
542 21 1.6788924567147387
542 22 1.6868483339594302
542 23 1.6908062435406193
542 24 3.7634999487224494
542 25 5.256838988011097
543 18 1.931266451855082
543 19 1.923399183185978
543 20 1.9827386174729786
543 21 1.8248593754935725
543 22 1.7441474057936284
543 23 1.6907154281959296
543 24 3.035479503987064
543 25 5.303111293979332
544 18 1.9339096312131019
544 19 1.9965254594745072
544 20 2.0136447417090837
544 21 2.052197380879778
544 22 1.952745449901368
544 23 1.8814093488701107
544 24 3.227812087167014
544 25 5.788689976866106
545 18 1.9355916717335184
545 19 1.9395683855212114
545 20 1.999550648051479
545 21 2.0260939350590945
545 22 2.0955939991334134
545 23 1.9922909226316994
545 24 3.7148712159291275
545 25 5.811348569167398
546 18 1.936765067931255
546 19 1.9333354581708249
546 20 1.9271316368115654
546 21 1.9959959633322435
546 22 2.02138751012209
546 23 2.059382824880458
546 24 3.731609853651695
546 25 3.3919589832888315
547 18 1.9375837109455385
547 19 1.9353321172659455
547 20 1.9269152775679272
547 21 1.916627724106355
547 22 1.9805092808575673
547 23 2.044651555562351
547 24 3.7432986037454445
547 25 5.246084062505442
548 18 1.9381548576514298
548 19 1.9371272485404263
548 20 1.9328797639439557
548 21 1.9225263059765823
548 22 1.9098572935601243
548 23 1.9685515002763632
548 24 3.922425873536473
548 25 5.73015481768837
549 18 0.6202223046802184
549 19 1.3139876771696748
549 20 1.6566102433884233
549 21 1.8190736183353846
549 22 1.88105252138544
549 23 1.892972335303292
549 24 3.7424353509024733
549 25 5.911729494725956
550 19 1.4508538884762718
550 20 1.4905792528697015
550 21 1.484477214725683
550 22 1.5418364075017779
550 23 1.6342326260719158
550 24 3.7319113638383
550 25 5.920523844582918
551 20 1.6127343437528812
551 21 1.8444975141291555
551 22 1.7879356756018643
551 23 1.653181479109964
551 24 3.321954365823296
551 25 5.533385949275753
552 21 1.5481318717809625
552 22 1.925001795841852
552 23 2.0339000859300387
552 24 3.481517765477054
552 25 5.988439880186875
553 22 2.1518003614028345
553 23 2.1232092399605365
553 24 3.715837944846216
553 25 6.034152422464871
554 23 1.0880203816872327
554 24 3.712461666414973
554 25 5.478500865708278
555 24 3.7319431220123254
555 25 4.9206162128511695
556 24 3.747311281047959
556 25 6.2168593202308795
557 24 3.521843710030163
557 25 6.115374100636942
558 24 3.5856059131475915
558 25 6.03497748881788
559 24 3.556339964219026
559 25 5.6193178426497505
560 24 3.4459932122618007
560 25 5.948401406371636
561 24 3.4425755921478385
561 25 6.00952480603168
562 24 3.5834516133750314
562 25 6.045405518128972
563 24 3.6598167034351183
563 25 5.687927875818839
564 24 3.4064670212205823
564 25 5.4494056041493995
565 24 3.50833699418477
565 25 5.040674545747094
566 24 3.6717783954963834
566 25 5.720615384179095
567 24 3.510123079470746
567 25 5.752438781062715
568 24 3.619490981688875
568 25 5.606536071725101
569 24 3.735559459154469
569 25 5.508341099877121
570 24 3.465632153797227
570 25 5.795942954557101
571 24 3.5381404104589445
571 25 5.328610174923032
572 24 3.7363915894926305
572 25 4.057393294795747
573 24 3.7466388459021425
573 25 3.6892482612347846
574 24 3.753788124296733
574 25 3.720251123535689
575 24 3.757911613244334
575 25 3.7417074620107798
576 24 3.7397089795587832
576 25 3.7233346161488186
577 24 2.3044663643181655
577 25 2.705692935043238
578 24 3.417702381591547
578 25 1.9473421101078814
579 24 3.636013061081084
579 25 4.152247751161523
580 24 3.676607127051584
580 25 4.508503073370337
581 24 3.7049286380782953
581 25 3.7125449999575264
582 24 3.724687878715552
582 25 3.710550554840534
583 24 3.738473385973453
583 25 3.730751350758183
584 24 3.7480901864266425
584 25 3.7414645899490644
585 24 3.65168608804281
585 25 3.6707010982526262
586 24 3.51651233202622
586 25 3.342756842120909
587 24 3.737944077435272
587 25 3.824799252581194
588 24 3.7477254144173378
588 25 3.7527728766690545
589 24 3.7545445047274013
589 25 3.7560712183423037
590 24 3.7593181387276027
590 25 3.7524589842161364
591 24 3.7329689164328217
591 25 3.7454468318340965
592 24 3.5576865371254454
592 25 3.5773415665090167
593 24 3.5678458653919325
593 25 3.5023887712254864
594 24 3.767592745673749
594 25 3.8033594099800356
595 24 3.7684455437475575
595 25 3.7643921417874067
596 24 3.7681083341991224
596 25 3.76574068260462
597 24 3.385701093541167
597 25 3.4008720518909574
598 24 3.6418173179150894
598 25 3.683143551386984
599 24 3.7602312182990962
599 25 3.793885773300094
600 24 3.7632718537363683
600 25 3.754195186830228
601 24 3.1525252507361827
601 25 3.4920695451073764
602 25 1.5273820179650193
