Differences in distance:
0.2072460338004708
0.9343713356580262
1.1661283668841185
1.3558750720022834
1.5112265354845777
1.638417545459913
1.7429924355388298
1.822520855137918
1.8860513567231962
1.9283023929531897
1.9762615487885595
2.058146375095419
2.082034405160942
2.147954315525586
2.1897963990334524
2.346978312413097
2.1908954999332995
2.158739250883874
2.1684745428632715
2.176526274004251
2.183118884680433
2.1885164818350806
2.192935668392006
0.8008431036391589
0.7333802119738498
1.4982523790592597
1.7420406918423494
1.9416375302800624
2.1050539726567603
2.2375786152432817
2.4068079830222513
2.4354419471678472
2.4143426217478696
2.6747688129350466
2.5155118958945883
3.585113914145051
2.687677733924502
2.7146406288652347
2.740795034974319
2.7593485712657695
2.77453892233255
2.7860800001011907
2.365914420498609
0.5411675416851248
1.1055732687249196
1.2854667592225995
1.4327510598822237
1.5533372433129662
1.6520648809395468
1.732896224098414
1.7990754460091885
1.853259282548431
1.8973830761292
1.857006436999279
2.14680355404453
1.9195184838002304
1.823033914790872
2.7296009570819657
2.0188335128166206
2.058436637528755
2.0551600877627427
2.062919295747974
2.069275214963855
2.0744791530156594
2.078739789526777
2.0822281085304253
0.6047838273608379
0.40383415877943957
0.8250093007087764
0.9592507752543434
1.0691583399332782
1.159143195353131
1.2328164481874389
1.2931350220758508
1.3410116846031934
1.4172771170032692
1.390445968545349
1.424458475199355
1.471737266594834
1.441012895259053
1.4674282709016404
1.5944466275501736
1.4474247208443034
1.5221379254645964
1.4197277548016929
1.785617126007125
1.5393725341678803
1.5688046462510143
1.5499081946915505
1.552745433268787
1.5550705727970877
1.5569743741398774
1.5585330929235945
1.5598092674982005
1.5608541125548383
1.5617095595875776
1.3642505533064366
0.6772063178400954
1.3834924229543504
1.608607531867979
1.7929162883568146
1.9438155731288018
2.0673613649646887
2.1685121974870376
2.2513274069507228
2.2734445581073675
2.5071924865504784
2.3587263004292836
2.3167150781284205
3.1253710509604966
2.5510293408557554
2.523466800787669
2.5474595544207186
2.561582576753038
2.5731461463996994
2.5826136346862496
0.3219153295167924
0.5883480391063621
1.2019602286549933
1.3975373083933174
1.557662317659771
1.688761547456361
1.7960964892744864
1.8839750338923311
1.9559243058839735
2.014831925641803
2.0508275000694445
2.0757918179061114
2.135335144155332
2.171066021880925
2.453811753610874
2.349160482806154
2.249702871459734
2.225062170058489
2.2351757969343278
2.243462371343081
2.250247124654334
2.255802040681041
1.9495886080997231
0.8856905691443054
1.8100625975154232
2.104678716879355
2.342444945873515
2.539082426107234
2.700041652059661
2.913510943134108
2.8934607087659665
3.1855963372009306
3.107844340542467
3.839069342930634
3.2414031675379933
3.2519875898545783
3.285159156073276
3.3123177377194555
1.1684456148534916
0.5399089368430887
1.103002016260829
1.282477110952663
1.4294188984038299
1.549724710870396
1.6482227315635223
1.7288662833973552
1.7948916784105715
1.848903375601828
1.9060069973188287
1.7690135112101055
2.1573897834155007
1.9337939791633667
1.779352000734674
2.644792686034434
2.0503565222583306
2.0408758449728337
2.050505859909748
2.058224670521536
2.064547129136454
2.069723655590202
2.073961847256985
2.077431789968802
0.7413419582854043
0.5146666418513662
1.0514334983001503
1.2225176347144129
1.362589370923481
1.4772706670991782
1.5711634416839568
1.6480365784321998
1.7109748721583051
1.7625041979331544
1.8046936261195918
1.7767969064087628
1.9206795925113698
1.8728367368119865
1.976546585670397
1.7634251817018853
2.259415978836251
1.9467927514780978
1.9663190558391102
1.9601019472571357
1.966471920387101
1.9716876767132898
1.9759580080697834
1.979454267518307
1.9823167642022004
0.25520707798130937
0.4830637616123444
0.9868706831824913
1.1474494641998465
1.278920246022933
1.3865593381965593
1.4746869407817644
1.5468396105334483
1.6059132325055896
1.6542790958123441
1.6874864880638918
1.707261963552896
1.644617445425272
1.9243303447485658
1.7250971125768781
1.658604928717387
2.3063937398840624
1.8625794377658245
1.8705570558853029
1.8414671876612292
1.8469516261922425
1.8516234448687547
1.855449082805523
1.8585812983041383
1.8611457472100372
1.8632453423116482
0.3656705509985131
0.21521042922313105
0.4396621795092177
0.5112018606323526
0.5697736016772228
0.6177280823198956
0.6569898703879601
0.689134758985238
0.715452716289277
0.7370000646126761
0.7546415254494029
0.7690851384339801
0.7809105777223048
0.7905924087711274
0.7985192383573243
0.8050091691523331
0.8103226734062999
0.8146729945812544
0.8182347620121007
0.8211510297340967
0.8235383226901587
0.8156601134881245
0.7747605808543025
0.8651059633921391
0.8677922651105565
0.8200505512372213
0.7943459410606939
0.8439746988459994
0.8350856413991433
0.7423211260898881
0.6897248085305698
1.0619469843859106
0.8306227920078646
0.8312752216370625
0.8311120974221965
0.8404429492095622
0.8326854760510641
0.83295397018864
0.8332012936954573
0.8334043546393896
0.8335706719892118
0.8337068543270642
0.8338183546292228
0.8339096446390317
0.8339842469939779
0.8341265013271861
0.8894622645965662
0.8362100586488308
0.807089095708286
0.883647402157326
0.8127389507828653
0.8342862454390038
0.8342567217856879
0.5005182191658575
0.4938981205328696
1.009004772599922
1.173185106305059
1.3076045988031146
1.417657955609305
1.5077620335386717
1.5815330100044573
1.6419315637575533
1.691381708218798
1.691159115731906
1.7947609236754023
1.5850495111157894
2.0653563448814656
1.726671138595107
1.769809957276535
2.1686813268915333
1.952202434458988
1.7070806339317566
0.40275734742539204
0.633468465564498
0.7978494446110417
0.8642934798607451
0.9338212365634562
1.0387288759286355
1.222017256646088
1.508551385345618
1.690640219273719
1.6796737014023055
1.7127283330128023
1.7391856432923305
1.1188343976658954
0.2987241905741657
0.6102758523344519
0.7095769530899807
0.7908778259767923
0.8574413396886489
0.911938939511962
0.9565577900836573
0.9930886393834523
1.0229975538365095
1.0474849186081638
1.0675334535974124
1.0839478283660642
1.0973867293055672
1.108389677179384
1.117398547412119
1.124697718318458
1.105854415209776
1.0644367069942042
1.2487599489488046
1.1028416234161804
1.1255876298470735
1.1376937797319897
0.9266967037806599
1.5770180322119554
1.173880276669464
1.1503397548377607
1.1578054588680369
1.1537158140228327
1.1544485814794232
1.1551073331475636
1.1556471831314374
1.1560892256864075
1.1564511492183331
1.1567474697485405
1.1569900773486026
1.1571887080738426
1.1573513331541172
1.1574844794307009
1.1575934904170673
0.32028594577649877
0.590892544226702
1.2071586735092343
1.4035816381188049
1.564399141728351
1.6960653929505853
1.7935790193745598
1.8957394311732132
1.9348213681579933
2.0397845442601588
1.9627739116905685
2.1889803828399583
2.1131447404472694
2.1148479701120895
2.7685828712739506
2.2117062026246956
2.2672641180539386
2.2347858364716
2.2449315256924276
2.253238174815317
2.2600390889425213
2.26560721796054
1.5403506671732166
0.5609178609473533
1.1459218648202347
1.332380899776066
1.4850403839023592
1.6100274918849729
1.7123582960736001
1.796139640906689
1.864734714447637
1.9194511717096152
1.9223172667342983
2.024203886925347
2.0423899916206856
2.1236735152288393
2.1109732793795346
2.3232184481257696
2.147421250634635
2.1218390314147078
2.130380216959752
2.13838654696671
2.144942029233853
2.1503092413982636
2.154703548653915
0.06796794399627323
0.6065732722894236
1.2425476015682937
1.443931234319686
1.6091734239561284
1.7441127229534825
1.850703652830894
1.9408297403059036
1.991117826598872
2.103837720904766
1.9806159511589638
2.4504771762630866
2.1431449370046725
2.0657048978794155
2.7610413053340688
2.283026293014008
2.298624429694723
2.298705884058546
2.3091348514662107
2.3176737355078902
2.324664809387767
2.3303886266503873
1.4379897275966698
0.3964807969329411
0.8099867225925536
0.9417839575560052
1.049690239986232
1.1380364764636037
1.2103682284364807
1.2695885122902988
1.3180739927138894
1.3577704566257165
1.3864642485138545
1.4327950289037312
1.4427256853136876
1.3792681588407514
1.5248026867514883
1.52082992466725
1.4316443884665666
1.4602244856991644
1.477196839479488
1.712585652423191
1.5113548813294237
1.5388584568305117
1.5220219269218915
1.5247448744514607
1.5269780164765343
1.5288066219923653
1.5303037861355016
1.5315295655573304
1.5325331513611615
1.5333548181394432
1.5329373754271505
1.124182828774626
0.5026577661041167
1.0269000651379172
1.193992227231159
1.3307957108510111
1.4428009339890786
1.534503061183093
1.60797133619236
1.6954480578743087
1.720377162190982
1.7506304801502401
1.7629477712053123
1.7743560270326404
1.918751490614994
1.863278726068602
1.6514812236542171
2.386904017570801
1.906779278055539
1.9227694844072332
1.915808766227331
1.9217691166249462
1.926649043809059
1.9306443858651656
1.933915496882988
1.9365936561187245
1.4445984571991375
0.5086867832137817
1.0392170078361251
1.208313313588977
1.3467576692217822
1.4601062329083903
1.5527297042887247
1.6302006316398912
1.6917888074876006
1.727928029034942
1.7590969152641813
1.8151959902554988
1.7495633536568396
1.9907210708247274
1.852314405017629
1.682376630881747
2.5248540436517186
1.9138843059981288
1.9427094470454065
1.9387674178435914
1.9448015901767872
1.9497431892562145
1.9537890920864764
1.9571016086431579
1.959813670096621
1.2495867301211292
0.4962956933163354
1.0139027388115949
1.178880021426695
1.3139520178875441
1.4245395418766507
1.5150810969700605
1.5892101690741411
1.6499019051401624
1.6995924157388742
1.7605099844558074
1.7385775921236775
1.7058717129331853
1.9431379949813594
1.805410310948531
1.6503740435460594
2.459820136679282
1.86528635667336
1.9139193888079125
1.8911832064805587
1.897131292965168
1.9020061684124216
1.905997598803561
1.9092655302631174
1.9119410904861842
1.9141316556774923
1.2693870941812917
0.6424814451180315
1.3125515793753884
1.5261235547647458
1.7009814860665604
1.8441431909507657
1.9613537359947237
2.057317946093514
2.135888032637011
2.2046770099912054
2.068843383060481
2.4929093394255655
2.32844568854931
2.4171083947723218
2.708970472933461
2.4312780558883955
2.4163118865630944
2.4298042926254046
2.440852621505229
2.4498983087761927
2.4573042980765885
0.19467442655813283
0.8345103406458878
1.7048556754219777
1.9822612783079026
2.2093818412771973
2.3953325502219345
2.5803885659811003
2.6960865622486683
2.6247602253975386
3.033981587220937
2.8411806704994413
3.784080815190835
3.0739358780344923
3.0622789812075197
3.093458079490487
3.119152543945702
3.1401897171571047
1.6529606117966833
0.48626611133052283
0.9934128982308265
1.1550561921383695
1.2873985333324223
1.3957512623323267
1.4844630304842348
1.5570940273967202
1.6165597285957165
1.665245273702257
1.7051083546766395
1.8040715657213897
1.6702435072399853
1.8715715617648612
1.7661143129299677
1.6159226411306973
2.4365269480058194
1.9197497761219449
1.832534516144461
1.8532369761752603
1.8590196600578892
1.8637550057080858
1.8676320288794008
1.8708062794311198
1.873405135682087
1.8755329016489475
0.4608021569506652
0.7861546320492595
1.606067335549691
1.8673988441809604
2.081358879492611
2.2565348747146796
2.3999562692279754
2.517383004540981
2.6226440128890434
2.7461907678965876
2.7662619689499124
2.906674913051388
3.2920626827472295
2.92460490305495
2.914128350424036
2.938345920678682
2.958176093592167
2.974411792122053
1.6832437632307997
0.39758173797000107
0.8122359701605703
0.9443990355135007
1.052605002603123
1.1411965510280506
1.2137291761086768
1.2731138684526067
1.3217339515158923
1.3615407043306578
1.3926242054551137
1.4080039072129766
1.4293233164750903
1.459668173358499
1.3449487050593372
1.689432971806398
1.4202258623485635
1.5838522389345284
1.2677924115998669
2.031624374759226
1.5076389981887017
1.5419352336742012
1.5295965091950439
1.5287743780992487
1.531049071738141
1.5329133008021039
1.5344397133190946
1.5356894497144544
1.5367126508466176
1.5375503781308888
1.5382362516014247
0.2866828093792849
0.36000233209526317
0.7354636384917465
0.8551346111853565
0.9531129614507116
1.0333308672845625
1.0990077351019651
1.152779381886836
1.1968038993889931
1.232848080741419
1.262358721953035
1.2865197225973721
1.3063019996007448
1.3224990926949238
1.3495539110026669
1.2093895342814394
1.5528743367350637
1.3125039581066331
1.369610085087068
1.2853687445325674
1.438687630504405
1.544803579628177
1.3428826529830062
1.4141619079426886
1.384431038463613
1.3864624871573572
1.3881273206037694
1.3894904727597395
1.3906065425904546
1.3915203068529909
1.3922684348467829
1.3928809506411624
1.393382436079852
1.393793018107708
0.5201257985306835
0.3640086420179262
0.7436482147876192
0.8646510799015634
0.9637197567397978
1.0448303679118967
1.1112380960094512
1.1656081638658171
1.210122595531397
1.2465679645973455
1.276406894547168
1.3008371632970799
1.3260200389907566
1.3284825990777733
1.2683895393364766
1.4643801421348035
1.3887810066347643
1.3118361639131775
1.402972211047134
1.1675416659877287
1.715877494326112
1.4086134432277453
1.4030451809226971
1.3997704454289024
1.4008954883993798
1.402758093599922
1.4042844400838121
1.4055341984292982
1.4065574280146456
1.4073951808577247
1.408081075891736
1.4086426396200067
1.4091024093439182
0.0198049626233203
0.851718700564307
1.7400111447514475
2.0231374209536224
2.2549510940296558
2.4414841277602912
2.639448483933496
2.6615057061126914
2.749364534100189
3.131035932189959
2.897448649259734
4.152056634993971
3.0826519682676254
3.139711251507794
3.1581822501485437
3.184237551455219
3.205569837078451
1.5681988750039095
0.5004665049115381
1.022335355382378
1.1888289991921552
1.3248752831224966
1.4356208486333366
1.5267271161355727
1.6006899569644109
1.6597330317391246
1.7024619824171483
1.731910349174021
1.7802223102483778
1.7301383866747884
1.959195661664034
1.8170719261018144
1.6901422506480457
2.4686820559356355
1.9331162314850647
1.8872606591834513
1.9067527982637793
1.9128575706422315
1.9178639687108325
1.921963216000768
1.925319428644081
1.9280672683802162
1.8336166432510839
0.8591554813355802
1.7552037911912128
2.0408020758072896
2.2746299811987982
2.4660721287572476
2.6228121638873074
2.751143152424869
2.6767433920038473
3.12969618454788
2.9452429770620987
4.067554276232078
3.1575479983158132
3.140996780839946
3.1850621947713744
3.211470702190609
3.23309246188493
2.3782934709256685
0.7677812963901509
1.5685317698855825
1.823755572078782
2.0327151438992623
2.203796949248913
2.3438666199495515
2.440746911730855
2.5425400754504426
2.6690677683104176
2.744175955345962
2.6741612530394763
3.4139504281705593
2.836836774389202
2.846350613233293
2.8699347152640717
2.8892539564665336
2.905071441521814
0.024694979011911016
0.8103468327943054
1.6554905903702917
1.924863860303567
2.1454082628794064
2.3259744459222107
2.4738105051025605
2.594846712580661
2.6833260963356818
2.7880957873988828
2.866409844906468
2.9736490618958484
3.4404451126484843
3.003030138220865
3.003950500012734
3.0288855858933
3.0493044606633672
3.013308087752974
0.3048705830396379
0.6228325691022184
0.7241768413195235
0.8071505162174378
0.8750836196886735
0.9307025350667723
0.9761973384417941
1.0141431070076827
1.0439106404708212
1.0659765171394042
1.1298999063491106
1.0811972349551457
1.1117326110337016
1.113290905535986
1.162038950983407
1.120747508489668
1.0595212162532974
1.3101660522381244
1.1343661859964886
1.128589924578038
1.183648038348798
1.0183666408024372
1.5784877242492183
1.1625077482387791
1.1668214229981693
1.1969115609698446
1.1765946716215656
1.177477840643868
1.1782809325033197
1.1789394045973904
1.179478593155643
1.1799200565273247
1.180281499495676
1.1805774250346477
1.1808197087740266
1.181018074090186
1.1811804819536587
1.1813134503714369
0.20043604171611593
0.5297315993483718
1.0822104588975028
1.2583024609339635
1.4024743989740167
1.5205123955364008
1.6171537245782162
1.6962771134051065
1.7610576572866423
1.8140956624890154
1.9024461764009821
1.7741081272284294
1.9677523686618517
1.949283695752055
2.000325444521303
2.078768133959611
2.2804240304763805
1.9917044252632368
2.0143278530220323
2.0198513895148786
2.025977128079815
2.0309931979338702
2.0351000576663294
2.038462478683113
1.9141358950645286
0.27113636814709635
0.5539155655059521
0.6440459946208408
0.7178385153009241
0.7782548100059109
0.8277194209023774
0.8682176319719309
0.9013747723599582
0.9285215431111111
0.9507474329881253
0.9689444481896196
0.9838429782439038
0.9960407474409414
1.0060275130955012
1.014203882798678
1.0208987344138736
1.0263788965360605
1.0345398524081442
0.9462146496583556
1.1628447953695902
1.0468189259143237
0.9951388402425686
1.0552662401811947
1.0195099891040182
0.8630573870397134
1.461870655667784
1.0316367775129962
1.0441868574812638
1.0569148933759982
1.0504596487459796
1.0484572295965198
1.0489405436298764
1.04933803014305
1.049663582629772
1.049930141661862
1.0501483861904897
1.0503270712036132
1.0504733666531592
1.0505931434593416
1.0506912084809332
1.0507714974799758
1.0508372324852893
1.0508910517999812
0.1641074866726288
0.7737325084408107
1.5806899467944777
1.8378471941474883
2.049074700904156
2.2208792355864917
2.356281879109377
2.5330134597037293
2.410372073792613
2.846046731487847
2.6973664969267737
3.099015133242644
3.1427219385412486
2.0841528971706484
0.012731714496769199
0.8451777101632235
0.9914747296478594
1.0181923032189903
1.0298189524262529
1.037282127719154
1.0423385775135443
1.0456395229587772
1.047729400648711
1.049014267228035
0.6213500305216815
1.7726474982373117
0.811755712880812
1.6583688811380757
1.9282106160196406
2.1491380980446033
2.3300184884220396
2.478110524171581
2.62629915632633
2.516096588227374
3.148522792504496
2.785330652580738
3.455393285373231
3.1789496483418067
2.9844054292984508
3.0082615333081133
3.0334091923901156
3.053998354439452
1.5209145676803957
0.5167319989808302
1.0556529008104223
1.2274235826660174
1.3680575441852076
1.483198824772481
1.577468582404099
1.6546500881923587
1.7178411471995618
1.7695776695570058
1.8119373608717881
1.8683728289923665
1.9892602054138377
1.827572674144345
1.9860676160263386
1.8614956932555744
2.214717285806515
1.961874666442047
1.9719796564252927
1.9692920553957767
1.9754480253094961
1.980488136815807
1.9846146308471715
1.9879931213068678
1.9907591958037032
0.7335827947457091
0.5385568398112177
1.1002397667236812
1.2792653900948594
1.4258391894155102
1.5458435865543751
1.644095122006582
1.724536595616005
1.7903963555864162
1.8443185880770017
1.9128665231501285
1.7610086274998153
2.220858440495141
1.8905581308067536
1.8365284703814475
2.6991555472090187
2.0176015766557893
2.067531997710405
2.045478817944566
2.0531599088308865
2.059450335032451
2.0646005804838747
2.0688172577495223
2.0722695835445664
0.019893257336919226
0.11719502315092437
0.23942250513120805
0.2783801680390847
0.3102759831081596
0.3363901067923948
0.35777051770223256
0.3752753219290805
0.3896070463931426
0.4013408701056685
0.4109477092252786
0.4188131221552418
0.4252527849238926
0.43052512891954764
0.43484175783479867
0.43837592386791024
0.44126944916805905
0.4436384616663935
0.4455780548104799
0.4471660542374388
0.4484661965769101
0.4495306628626729
0.450402175923613
0.451115715040579
0.4516999066194559
0.45217819684061117
0.4525698113614994
0.452890413914212
0.45315286000454963
0.4533679072189596
0.4543174339429644
0.4544399057205202
0.45721607772066925
0.4539070302828866
0.45398233132639876
0.454047363195832
0.4540807932231927
0.45248749890529605
0.4447003628327094
0.4951546377804619
0.4540199429855252
0.45396871387364
0.4540361516173667
0.454088131178209
0.45402213328939484
0.45182863866809236
0.4755592822605164
0.4542440744215111
0.4541817925229776
0.4529157815606123
0.4204096046594841
0.38243124868252154
0.571162968339652
0.4529376953039527
0.44996738382005
0.45075525268526434
0.4514042654746877
0.4519361526316508
0.4523716250217877
0.4529081790670591
0.45543906616269486
0.4532750272316251
0.4534559549521122
0.4536151784576138
0.45374616835415255
0.45385350787824486
0.45394141189794734
0.45401338824723925
0.4540723198174302
0.45412056989579164
0.4541600741546367
0.4541924177053287
0.454218898493282
0.4542405791812424
0.4542583298591061
0.4542728629043366
0.4542847615665161
0.45429450337415506
0.4543024792956881
0.4543090094307626
0.45431435585480046
0.4543187331375418
0.4543223169542429
0.45432525113582706
0.4543276534417086
0.4543296202804567
0.45433123059539465
0.4543325490071261
0.45433362843274155
0.45433451219144705
0.4543305076816358
0.45482601401072015
0.45464848685972503
0.4545395294848415
0.04460581071239525
0.5226768982591409
1.0677979732321943
1.2415448448886586
1.383796746486906
1.5002627466179081
1.5956170585332472
1.6736224546282992
0.9302980483637208
0.06209485103164111
0.38651131638101294
0.3503361176404132
0.4430116935694469
0.41704825547961505
0.39715965192216734
0.5509578267504462
0.44345609234903277
0.44352976968115576
0.4399011592534947
0.41550581978027257
0.4312690896560467
0.45401388113626734
0.5329313801758178
0.48640950140734035
0.44837961215194977
0.45054146522643773
0.4370312018685898
0.4337956164090245
0.4347523680476821
0.4986383194192915
0.46920011752151386
0.40126221375618876
0.383541511328425
0.379669464964526
0.38134805536761884
0.48529959538393486
0.7226898331894868
0.4458609725293473
0.4463780339974331
0.44751835688495284
0.4455979019443292
0.44780381704095845
0.4550742103924633
0.46437009866662243
0.4521366694008053
0.4525996477917487
0.453066861765911
0.45344960543038226
0.45373414178241617
0.45393253175409687
0.45406497274320234
0.4541511317697301
0.4542069525609255
0.4542442790905688
0.45427171822078966
0.4542960473806299
0.4543239165895738
0.4543642195530352
0.45443190962552704
0.45455459279285504
0.45478485794120294
0.45522388608860076
0.45606693380829294
0.4576912477678849
0.4608263572705808
0.4668852519910204
0.47861225845586614
0.5013749141889997
0.5458393765334996
0.6339930246802165
0.8177606194761395
1.2351129393466498
1.5685207150081582
0.37773177329108415
0.36536919030418463
0.7464277364223799
0.867882824427157
0.9673218150011289
1.0487355901813569
1.1153915511268382
1.1699648371309632
1.2146456531661158
1.251227221987991
1.281177686368643
1.3056989768009002
1.3226202069171487
1.3327381985800077
1.3439795849064382
1.2316913762667165
1.5561458440432936
1.3172115821318309
1.4575895660966638
1.3125671514684982
1.053024091297132
0.2554798283254329
0.3536716716406654
0.4043132847059462
0.41227856543638147
0.42110718561471855
0.4400826836398452
0.43995706004036733
0.4412297536147322
0.44601263345546055
0.4494917352677634
0.45180085308448853
0.45320051199775996
0.453969737669832
0.45434439800634707
0.4544976260558561
0.4545448814739979
0.454559328767402
0.4545895754863053
0.4546775008186292
0.4548776760455518
0.45528327240823013
0.456068466743364
0.45756629755733247
0.46042081987076044
0.4658550888554849
0.47638932555217783
0.49647708408062996
0.5359232630306899
0.6140687081538242
0.771364770712999
1.0588017607087319
1.0495491348601467
0.39895950415054476
0.286366589588796
1.5164693518115517
0.06529964078029801
0.3239463461870845
0.66180330601502
0.7694887115210849
0.8576540578940983
0.9298377470953729
0.988936740945328
1.0373229354155937
1.0769381633736532
1.1093723642877735
1.1359272654499473
1.1573585818906358
1.1523096390241552
1.209956069105385
1.1901623516232573
1.1861057921912097
1.0862566269105218
1.433364074321367
1.1926094370562468
1.176485013530854
1.218382218584245
1.088049689265304
1.5346356250805917
1.2606719928117414
1.2678439079751245
1.2479284823936683
1.2502232111014313
1.2504786386203983
1.251453235756271
1.2522530964446361
1.2529080870314182
1.2534443658335113
1.2538834379512052
1.2542429210631831
0.9507930419486582
0.6191474309740799
0.7462869005250239
1.4514740316257992
0.25312848285114864
0.7498853364172742
1.5319715810811156
1.7812465176655456
1.9853356528136767
2.15242947377708
2.289234670524627
2.4012408339076963
2.5652545658276247
2.462741624754189
2.598385425129139
2.504356192110763
3.577995835594412
2.7804485005223145
2.783681191784985
2.803585847339468
2.8223562065772843
2.8267838801740655
0.36413854944171137
0.9158452589339808
0.5262492031286682
1.0750959920304368
1.2500303484826825
1.3932544996933434
1.5105164763280277
1.663431116781013
1.6550032529802552
1.742846135883537
1.7852797148712782
1.8355293280723155
1.8075301975238849
2.0755930001247425
1.8810214065358553
2.0035378209249246
2.0255530709995653
2.2176390879270134
1.9939480507465694
2.002297735841397
2.005228259780407
2.01155759130759
2.016740216962645
2.02098343349702
2.024457493000491
1.9958008686189874
0.22910899302750987
0.46805612247386286
0.5442159302329699
0.6065702686428378
0.6576217608581966
0.6994191378447828
0.7336399416856377
0.761657566105206
0.7845964605199107
0.8033772408128123
0.818753635577544
0.8313427582305957
0.8416498755736925
0.8500886439583973
0.8569976671454222
0.861459424876405
0.8873886297667516
0.8863513341445457
0.8749322488084716
0.8455150956316494
0.806724565217186
1.0016588096477113
0.878079267580193
0.8509929719619703
0.86661140079296
0.9042735298223948
0.8051882299422397
0.7995644801708772
1.101993606566157
0.8905257307213305
0.880161633191956
0.884819974147489
0.8906246262883398
0.886022471746716
0.8864092346563103
0.8867341231297919
0.8870004303141701
0.887218505293338
0.8873970592970318
0.887543249429379
0.8876629408643333
0.887760936186847
0.8878411681753706
0.8879068566524204
0.887960637869465
0.8880046702290655
0.8880407208882948
0.8880702366791197
0.8880944021570097
0.06006609061270288
0.5622494272087871
1.1486426127218858
1.3355440806185594
1.48856608325131
1.6138499176597454
1.716423628762894
1.8004038907396602
1.86916110351424
1.9254547791348129
1.9715439489925919
1.9030354907717937
2.242317023549951
1.976686507840237
1.9741503060091867
2.76137098901676
2.1389983510948
1.852829202209409
0.25059559619885535
0.663318442288401
0.8165089263598869
0.8499899115376212
0.8644332802042689
0.8731671131760712
0.8789090567365998
0.8825980821599716
0.8848755541698882
0.8862374450230592
0.8870374191767013
0.8875061359892079
0.6082463025962015
1.9744619048816272
0.5020110955574566
1.0255789667649209
1.1924561610399993
1.3290836451658243
1.4409447729642053
1.5325289108675735
1.6075117024686347
1.668902370932651
1.7182282502248627
1.7611771091267516
1.7498231463934133
1.7601013058279713
1.941336710801091
1.8463137999209915
1.6456257171382829
2.41304839712734
1.8838650417447458
1.9303796094975185
1.9119385769161823
1.9181404327211844
1.9232234180143153
1.9273852534834053
1.9307927015078326
1.933582488556041
1.7113348087101161
0.3523351455660344
0.719799864618618
0.8369221795554683
0.9328138151409237
1.011323207419803
1.0756013528640658
1.1282277797937923
1.1713146608158522
1.2065912423707679
1.2354732717884955
1.259321453336278
1.313096244807359
1.2584627760445977
1.3046105925150269
1.2027142325431373
1.5354569396758375
1.2962773727519896
1.2992583975600924
1.3134371964174651
1.1968931089369905
1.6063256337542264
1.342849951360897
1.3697925891258411
1.3592362828337035
1.3578790914013137
1.3593356775781642
1.3605297036179282
1.361507385372676
1.3623078582253947
1.362963233452584
1.3634998103751692
1.36393912279282
1.3642988017251156
0.8235835211176066
0.8166936698994929
1.6684570702816053
1.9399402605688851
2.162212015239542
2.344192511511713
2.513443746637259
2.551613852654674
2.5570510551192185
3.2448252989497277
2.7341547049148143
3.302338438205914
3.2495641901311902
3.0249661041250806
3.0269703237280403
3.052196862444722
3.0728505755812243
1.6785732182616013
0.8268555959993639
1.6892170622672054
1.96407818241207
2.1891152299872543
2.367303802280277
2.5564688061823255
2.675335109857603
2.6308324625646624
3.009954211108124
2.810959041671037
3.8665434872010103
3.006570353655081
3.0390061010282445
3.0657996428121255
3.091128619297903
3.111866302688044
1.0413500661724988
0.7257465373348645
1.4826571566619138
1.7239079924356522
1.921427352249682
2.0831428330721247
2.2155438824674216
2.323945924025798
2.412695612336222
2.3345956555728256
2.7922277763420245
2.5499451450765958
3.0071139056145335
2.9498800028234933
2.6873249656326386
2.711562586812667
2.73004969218697
2.745186488265324
2.7575794943858702
0.08549534956949718
0.8691111382063493
1.7755426317537049
2.0644502312085486
2.3009877276796926
2.49464865989841
2.653204013408682
2.7890922942062866
2.756037573102636
3.1598236697383717
3.001640763053647
3.772366767773695
3.2072261385321297
3.1902480969982294
3.2227131247290193
3.249293241587988
2.2478433445020407
0.7598292503273696
1.552286186189351
1.8048666205532962
2.0116619715084263
2.180971661525799
2.3195908960240432
2.4219999065701803
2.5240960821172638
2.581750748719385
2.7397506097597737
2.59830920680467
3.4704005591014795
2.8081573928789285
2.816553739253251
2.839960440909611
2.859125074500305
2.874815794971348
0.8959027451766909
0.8859442774187174
1.809931742918875
2.1044349647951597
2.345553720177374
2.542965495480424
2.7045928097012792
2.8285751527528293
2.7736309392386858
3.1902574526005347
3.314534653107619
3.6864786971599797
3.2502693643809786
3.2516165190266633
3.2847840605276777
3.3119417990989124
0.7355326474737771
0.3052832352445852
0.6236755888977361
0.7251570297147839
0.808243014195323
0.8762680624371046
0.9319622610936896
0.9775608058425396
1.0148937632856379
1.0454593852997562
1.070484368756648
1.0909731979516661
1.1077478742610325
1.1197936010476182
1.1428518957461713
1.1308979082298565
1.081470515329544
1.1979577231764706
1.2060438581112976
1.1080221202034983
1.2278184264653347
1.0730943185647686
1.2196674592096646
1.3629898021152187
1.151792486946265
1.1785989601909181
1.1858750322600229
1.1784648496759043
1.1793759525026979
1.180125788282756
1.180739893442204
1.1812427058922266
1.1816543795730108
1.1819914312947943
1.1822673862316546
1.1824933193567755
1.1826782977659238
1.1828297455073928
0.8290427850875572
0.794287692025811
1.6226829717145486
1.8867180233969176
2.102891635084789
2.2798796354386064
2.424785127307683
2.5801225783052506
2.3815176247060306
3.101641531030111
2.670878019037252
3.2660263229845508
3.069982175337276
2.975001606087845
2.9448937866561025
2.9692526817316924
1.1390581009673597
0.48805071728195953
1.282484620109697
1.5799040558164805
0.6964192547717515
1.42274325252829
1.654245231940072
1.8437827749595774
1.9989631105836538
2.126014377365255
2.230035468448337
2.3151988694905277
2.3865500971127855
2.4388108463169402
2.5141592285225673
2.376079530168565
3.2074116059032223
2.6112299789328888
2.608801600464374
2.619994863071703
2.634471435820349
2.6463242068652626
2.6560284614354823
1.2814497546230204
0.7597499469895695
1.552124171074393
1.804678218358032
2.0114520852756432
2.1807441028979446
2.319348547999293
2.432828655009902
2.5255014111266703
2.4604606015379256
2.807213073908276
2.658193639100414
3.7761183833547554
2.790229603501994
2.812665628146561
2.839440251886919
2.858643471205905
2.874365761147042
2.378071806952862
0.38003775186817
0.7763946450740031
0.9027257876079099
1.0061569920017304
1.0908392830802685
1.1601713039989936
1.2170748323495868
1.2619182344461315
1.3006468312815624
1.327875897913649
1.3498046385224893
1.3568611716087222
1.4202830889494762
1.3459642737005626
1.4355443827308096
1.4888476558535901
1.3693140039600278
1.460704137806285
1.2590668977729866
1.7022298573320687
1.4636718516929201
1.4778398360056215
1.4605192361340547
1.4628049458393189
1.464710214503773
1.4662708432559721
1.4675486355518887
1.4685948131774453
1.469451353433019
1.470152630025371
1.4707267870579226
1.0105172619576508
0.45525525459157096
0.9300596934680171
1.0813945142319696
1.2052969006865766
1.3067395881960153
1.3897938791253288
1.4577929359622797
1.5134658856679408
1.5590469703009961
1.596365961400923
1.6269204880781447
1.6715466549869786
1.499024838281512
1.868239202580262
1.6141768058095094
1.6932201527847468
1.759516852464324
1.9150328169677473
1.7532328387327065
1.7459205903334714
1.7443992947749845
1.7481171082663374
1.751163105047433
1.7536570563010276
1.7556989444944093
1.757370703708832
1.7587394253894577
0.17851796105034134
0.711881608574826
1.4543320029968152
1.690973750464554
1.8847197545842915
2.043345339198301
2.173217524236941
2.2795474075673163
2.365379905997695
2.287884424943217
2.835219817993639
2.488195019190359
2.7387299004723342
2.9717475265774063
2.661648239575563
2.6594177435640054
2.6776103674146174
2.6925092039669742
2.7047075328288788
1.3785802253345276
0.6109674542050808
1.2481703544505363
1.4512665464886934
1.617547681708138
1.7536870456283349
1.8651489537132286
1.9564053129100092
2.0311207067181978
2.1122521282775364
2.1185872109950488
2.452558349147953
2.140202774159634
2.049173882375332
2.886032534178328
2.2866817413412734
2.30857085507572
2.3106437638641495
2.321146193157665
2.3297448550654143
2.3367848414668204
2.342548701787537
1.293808115926349
0.6059543277235199
1.2379286944076395
1.4393586162356296
1.604275365462149
1.7392976391032666
1.8498446147853222
1.9403533363357528
2.014456619090551
2.0751256962076465
2.1246700531859837
2.385297859669331
2.127097105682674
2.060205399113345
2.957098364104096
2.2623182111493043
2.2992991402149987
2.2916162154789617
2.3020435027718418
2.3105818954237884
2.3175726036454805
2.3232961236504788
0.37206829549143977
0.29954391756609255
0.6119504377328697
0.7115241425301452
0.7930480748562179
0.8597942544669646
0.9144414024354091
0.9591827065478097
0.9958137720987111
1.0258048025695246
1.0507669723733504
1.079616893736576
1.0771186891033382
1.0952142110377743
1.0957552651483076
1.128029832965001
1.1201655965108082
1.0494446791549776
1.2440661702463338
1.162136622335306
1.0851682522843604
1.2089724854421782
1.0320848696511915
1.097104420343514
1.3242342845111044
1.206414531318407
1.1309954354613057
1.161643310967606
1.1565948341411372
1.1574370434838392
1.1581304623877644
1.15869839405788
1.1591634046584531
1.159544129152134
1.1598558418996285
1.1601110510933579
1.160319999044259
1.1604910711811824
1.1606311334178832
1.1607353832512601
0.6712531296544137
0.7289859878354765
1.4892754396132217
1.7316030677165961
1.9300041490713675
2.092441192203997
2.225433415021518
2.3343182107580485
2.4378869093432995
2.259172923993658
2.7138566467299716
2.6431065242627385
3.4387068515397017
2.716380572329104
2.716734953838563
2.72516458001058
2.743463516102139
1.34601089525462
0.37541032740833163
1.0448842459187462
0.3068427382391514
1.5626435607465035
0.6372198312500792
1.301802744896233
1.5136255241067358
1.6870515861053017
1.8290407795341355
1.945291752109508
2.0404698574851468
2.1183950205355004
2.1821033233714577
2.0926538288285412
2.4305686319797255
2.3115955509227333
2.3875035939782325
2.706839592308983
2.4030390626576783
2.3966769593341026
2.4100309023297712
2.4209660500483396
2.429919080166
2.4372492118708844
0.10689954018740414
0.2214857467532808
0.4524823924973925
0.5261080741471884
0.5863877062079917
0.635740505046667
0.6761471632871081
0.70922932743996
0.7363147045962017
0.758490345438162
0.7766462167646493
0.791510996839334
0.8036812505860816
0.8139324288560904
0.8223560429941724
0.8540062917512178
0.8156541206520038
0.8317084512524948
0.8324505112289634
0.8556914174859519
0.843338528404963
0.8309634942796466
0.7748116698234294
0.992499511664141
0.8534133011330679
0.8356127912024105
0.8059435267308992
0.9168385124190244
0.8134044714918629
0.6988633475826886
1.095143883955313
0.8764120160464145
0.8504485534932347
0.8520346703796214
0.8606297259231921
0.8599341838477309
0.8569462686932502
0.8572503230176396
0.8575037763983767
0.8577115200665086
0.8578816403921867
0.8580209310231556
0.8581349749231978
0.8582283470256906
0.8583047939876168
0.8583673836552327
0.8584186277382027
0.8584605829481726
0.85849493297367
0.858523056407486
0.8585460819351701
0.8585649336468797
0.3343193451430578
0.3375258448326496
0.6895454219815802
0.8017448876996094
0.893606039182808
0.9688155873947025
1.0303919604447087
1.0808064268902693
1.122082308172838
1.1558761300581164
1.1835441733610217
1.2061968529530456
1.2247433030181862
1.2399279065381594
1.2523599542987962
1.261787349261947
1.163642555389349
1.4491022521316994
1.2718000209511362
1.215612463000125
1.3215073297245532
1.1654477000796402
1.7445859291228127
1.2736914329345044
1.2699361504715438
1.3340680760936672
1.3021457039789528
1.303299578199093
1.304244290066313
1.305017754723977
1.3056510140265747
1.306169482891164
1.3065939692952195
1.3069415093807937
1.307226051248036
1.307459014216957
0.6388990434759028
0.741188676331871
1.5145282186407278
1.760790049530746
1.9625352696376666
2.128042341219166
2.28688511403076
2.381512690226838
2.4187604154347975
2.2926999714373437
2.8074210759081475
2.7716205259760036
3.3296067943261067
2.7930477900856063
2.7780443632990552
2.770061777029264
2.788857059325066
2.8042453596291415
2.816844215699016
1.666590227720239
0.5773453343477702
1.1795084203387634
1.3711172327258774
1.5281248420859581
1.6554858854103307
1.761994030792229
1.8439728817830094
1.9096294671743064
1.9467871994840955
2.023589514223686
1.9912140208626796
2.1671682862891104
2.1537433435667377
2.121164638455572
2.5096263381937045
2.1779791695649173
2.1826056800268785
2.1925912109734025
2.200859098587542
2.207628708364658
2.213171235453197
2.217709072461264
0.9113642861401281
0.628019006896461
1.283005677807878
1.4917699582144193
1.662691988774212
1.80263083894247
1.9172034691883644
2.011006880615996
2.087808587849084
2.1374481552454885
2.0328053214261037
2.4917199888471337
2.24274574581184
2.2286840787195255
2.786569914417937
2.3612719941333817
2.3622372960329554
2.3752623955785426
2.386033759517888
2.3948530651688236
2.4020737324007513
1.2303078547660125
0.4105471576989995
0.838723760877989
0.9751967100928816
1.0869313546784563
1.1784119488961629
1.2533099386628155
1.3146312139463132
1.3648368661862937
1.4059417106350358
1.4395957499690641
1.4652873770280863
1.477613120229355
1.4084019494626598
1.6614355584371687
1.5237039989775092
1.5379992439741403
1.399592826953133
2.0310484118290195
1.6283885376492166
1.5485441003616696
1.5791209376339415
1.575700724826944
1.5785803078335543
1.580939926733249
1.5828719454285551
1.5844537662646219
1.5857488540364375
1.5868091845191652
1.5876773097241021
0.3562956789850281
0.7696145040913798
1.572276886184905
1.828110087080443
2.0375685961495
2.209058673538008
2.34946538975727
2.4146014760869385
2.59340626686011
2.657820317883681
2.730402130679088
2.8175794484458114
3.310511686400277
2.8700671155817377
2.8516336191507055
2.8755485270773686
2.895138419381822
2.911177495303119
0.018414035454773645
0.28672979811586163
0.5857720205950919
0.6810859841924919
0.7591224555284662
0.8230133041026905
0.875322715237871
0.9181500358290409
0.9532140898083488
0.981922094501032
1.0054262158258092
1.0246697701883882
1.0692232288469863
1.034080266988134
1.049035590690361
1.0866141671199563
1.0699610156088681
1.0094531234908366
1.1709465001788146
1.1221991032079037
1.0476532698578755
1.11963970879959
1.0514322004581218
0.8939604388069835
1.4250640358026323
1.1187131328104136
1.0868131858055197
1.1275715855038269
1.107140844789063
1.107913555043989
1.10857880836147
1.1091239170713265
1.1095702619910606
1.1099357071406735
1.1102349113150243
1.1104798797631825
1.1106804431857609
1.1108446508242154
1.1109790927375027
1.111089164502596
1.111179281175243
0.24979719377004356
0.8745342837338568
1.7866220359242795
2.0773324443337255
2.315345998714414
2.510214983911359
2.707595231801297
2.758559930021865
2.812536405661773
3.1218811328977627
3.1253682099090208
3.6977269465729994
3.2133839795523857
1.4943809879750887
0.045922990331411624
0.9728205128326808
1.0627860099781845
1.0818359780245177
1.0920387392178443
1.0997814496409248
1.1071411444162806
0.706338411453201
1.173067408907185
0.6059679988386594
1.2379569375797315
1.439391350542841
1.604311766435385
1.7393372549102624
1.8498867471653064
1.9403970612337793
2.0145014466992732
2.073704380540048
2.039280374435293
2.321891884962393
2.1672402514752407
2.212714000419272
3.0373228990183025
2.2103693594365024
2.2993521962136243
2.2913908367888545
2.301868470814866
2.3104482563830264
2.3174728593205387
2.3232241346667237
0.40531636046641656
0.7199643021398674
1.470844289836694
1.7101730911724173
1.906118888184726
2.0665455557468846
2.197892084483073
2.3054294806374016
2.3934743177143383
2.3964064217431646
2.677271933699058
2.5554806565164028
2.5808915755022332
3.1047312702306864
2.721137342607798
2.6901583877982755
2.708462895142616
2.723449359225379
2.7357192386667215
1.7185719134519764
0.405529930781331
0.8284736550458399
0.9632788361243351
1.0736479875031644
1.1640106139128816
1.2379932554373065
1.2985651309642088
1.3481572816220706
1.388759715723404
1.4220022609965344
1.4492191305747992
1.4673193384145171
1.4764149832395508
1.3967621814048912
1.6576023509579656
1.4404694567334722
1.579835420727607
1.3277265439478603
1.8748660044236254
1.5286595906122713
1.5889446458392353
1.5564320423719042
1.559280761714541
1.5616130958482786
1.5635226495466363
1.5650860591453948
1.5663660719841508
1.5674140573777864
1.568272075246754
1.535491744011162
0.8260257007355929
1.6875216241654565
1.962106869111319
2.186918282083957
2.3709783094514996
2.6022045403895016
2.5970396138531795
2.537152610164771
3.175264872953499
2.7913826523212237
3.6414561434438366
3.1544891371493495
3.0488872857461873
3.0612692167087157
3.0868354800506155
3.107768135500764
0.5643068461866958
0.40156079749598805
0.820364950836349
0.9538507225456772
1.063139640963594
1.152617819609588
1.2258763844752405
1.2858553971420987
1.334962080143174
1.375167200363954
1.4080845604182233
1.4350356757509355
1.4573630260112231
1.393438838034914
1.5616107747677306
1.5302681786789027
1.4575189361854417
1.453733880102458
1.616459999350279
1.6870935695526852
1.5300328790819466
1.5557111465093025
1.541104531247387
1.5439380630871844
1.546261963938377
1.5481649004409117
1.5497229233450718
1.5509985300180056
1.5520429107988403
1.5528979773312785
1.2143451423447906
0.7075133705356361
1.445407944251574
1.6805976805688199
1.8731546401814143
2.0308071330467565
2.159882441146426
2.265560290063699
2.3520917785197115
2.2567451173277524
2.7805279759198718
2.4862131518062274
2.572133169046922
3.0479328214968393
2.645868274981784
2.6437440503625864
2.6617108293577556
2.676422161729067
2.6884668495627935
1.9388438640365753
0.6292501715738533
1.2855208623784449
1.4946945580168767
1.6659514149528791
1.8061646808859964
1.9209618087548146
2.0149496674630787
2.0919016737305705
2.154906370267684
2.117511340861126
2.4974850427190174
2.2019189597391557
2.128416027095857
2.908917656093773
2.4087154048321144
2.3529521778984184
2.379983301367303
2.390764445202963
2.399591432241449
2.406818369745132
1.9435930644545218
0.6265913368753482
1.280089351482529
1.4883790726737387
1.658912423258999
1.79853336666463
1.912845376857065
2.006435753420035
2.1012962473988064
2.115222256629502
2.0642934127855646
2.3740677703007864
2.2675280270582845
2.398935283233296
2.624884409605402
2.3630961287397896
2.3569184565331507
2.3699971017738357
2.3807198631226827
2.3894992102465618
2.396687153765578
0.5410997578252323
0.47671082768816486
0.9738922543309602
1.132359144014005
1.2621009179640998
1.3683245415203484
1.4552930921796687
1.5264967794615432
1.5847935127189043
1.6325228307101824
1.67160148092479
1.7352725464408756
1.5938455127266804
1.9933577017761632
1.6767420052580875
1.81075423924274
1.7534404114354025
2.0376061702846755
1.815811930666115
1.828417432249711
1.8220973662664504
1.8268096716733144
1.8306688539645477
1.8338285512253705
1.8364155022831146
1.8385335209963676
1.82630700076991
0.5028076498633437
1.0272062778378872
1.1943482664613159
1.3311925438402885
1.4432311657132353
1.5349605905389678
1.6100624345914651
1.6715505476625596
1.7218928302076537
1.7755449161107073
1.789972631302834
1.6848389380187405
2.000032900849356
1.822854437354238
1.681682245049317
2.531070125089002
1.8827996555094069
1.938929477491604
1.9157977347717061
1.9218623757169002
1.9268305781937038
1.9308983265947997
1.934228734353972
1.9369554449091975
1.9106409172209469
0.3268957810984506
0.6678287479784202
0.7764945757151149
0.8654626271006544
0.9383034782830829
0.9979406095960331
1.046767289414508
1.0867432824522711
1.1194727645070903
1.1462694687840091
1.1682087329707684
1.1861709165552317
1.2008777876192205
1.2129183648158348
1.2303420638319733
1.1088620465705428
1.418511360413006
1.2114168873199476
1.2001652305624706
1.2425682625168133
1.087035678355973
1.6063444186660027
1.2665942437939013
1.246289364131009
1.2701511671715233
1.2607776927614038
1.2619546316318733
1.262923401564652
1.2637168327401112
1.2643664709448237
1.2648983562604115
1.2653338289672504
1.2656903644987993
1.265982271354994
1.2662212645861919
1.254985723694168
0.16146049425048728
0.3298542820872049
0.3835265585240356
0.42746970325414385
0.4634473236659741
0.4929032807920285
0.5170197854393184
0.536764712139154
0.5529304956950705
0.566165910574666
0.5770021620749354
0.5858741359424715
0.5931378741772144
0.5990849329733446
0.6039539893543748
0.6079404033810154
0.6112042312752819
0.6138764086013517
0.616064196577972
0.6178554326235013
0.6193219514659326
0.6205226356764789
0.621505806920442
0.6223105730607161
0.6229695116163062
0.6160947306160646
0.6500903065533131
0.5899347724891687
0.5700521911210328
0.7161204873236479
0.6300458437049217
0.6182847169569672
0.6394375182285676
0.619199812654955
0.6345368970403104
0.6264204194060552
0.6289226524013268
0.589045445989012
0.4748479745765449
0.7991270941465886
0.6242954463742131
0.6227779139519217
0.6233073619852324
0.6237856212445252
0.628340709100054
0.6254665104729411
0.6247640621555912
0.6249755719096787
0.6251511864473112
0.6252951682848269
0.6254130857098743
0.6255096372173227
0.6255886897218385
0.6256534135513732
0.6257064053783531
0.6257497916223294
0.625785313377558
0.6258143961848124
0.6258382072018687
0.625857702030029
0.6258736630560621
0.6258867308443362
0.6258974298472949
0.6259061894533289
0.6259133612131332
0.6259192329544762
0.6259240403299737
0.6259279762766057
0.6259311987589166
0.12929400474474678
0.2860937949244346
0.5844727012478896
0.6795752433577693
0.7574386149510972
0.8211877536233084
0.8733811187253722
0.9161134546560002
0.9510997344487765
0.9797440688120724
1.003196069986704
1.0223969625258458
1.038117273434334
1.0509881961175156
1.045178833152871
1.0888538699702348
1.0602682302073299
1.0040499975366286
1.1277308230458376
1.1440710354068833
1.0363479194431173
1.1429292449067023
1.0315579281468976
0.9885644304512715
1.4069889082520017
0.6176970448395142
0.5054873948701144
0.5729516719545653
0.6067079383184488
0.5991215994776131
0.6082787372687412
0.6147627549864361
0.6192226771571638
0.6221223092636211
0.6238915193115725
0.6249036087409683
0.6254452848367096
0.6257150799021559
0.6258386094343801
0.62588934752615
0.625907201410441
0.6259122060818023
0.6259134779577422
0.6259145796174469
0.6259165023165613
0.6259192062210045
0.6259223491342438
0.6259255888773563
0.6259286797415772
0.6259314802861083
0.5327908016366213
1.1176540841179752
0.7260681450008504
