timeStep pedestrianId velocity-PID3
1 1 0.0
2 1 0.41449206760094115
3 1 1.1416173680554305
4 1 1.7369370479560011
5 1 2.2243435938415943
6 1 2.623398325673352
7 1 2.950116703732128
8 1 3.2172345647969456
9 1 3.430255165023337
10 1 3.6011670838840666
11 1 3.7255921225926394
12 1 3.826937894847702
13 1 3.8314387968998296
14 1 3.961171851166575
15 1 4.016783543581665
16 1 3.8056685838505353
17 1 4.185563348140693
18 1 4.2554517431533005
19 1 4.2864204708796745
20 1 4.3116842273455145
21 1 4.33236832492299
21 2 0.0
22 1 4.349303032134537
22 2 1.4667604239476988
23 1 4.363167992771539
23 2 2.2316325904192214
24 1 4.3745196626098215
24 2 2.85785698702546
25 1 1.386416805018504
25 2 3.3705660226550402
26 2 3.790336983277496
27 2 4.131865367250898
28 2 4.466787313257962
29 2 4.636636259771159
30 2 4.622720041023165
31 2 4.8673960154559275
32 2 4.797326444277054
33 2 5.283373171534949
34 2 5.306259300127175
35 2 5.365168690686642
36 2 5.423379379136564
37 2 5.471038260220483
38 2 5.510058052096772
39 2 5.541109025945978
40 2 0.404640181281767
41 3 0.0
42 3 1.0823350833702379
43 3 1.646740810017891
44 3 2.108837159579681
45 3 2.487169636697834
46 3 2.7969220616416512
47 3 3.0505259103535325
48 3 3.258159174734665
49 3 3.4281548666152992
50 3 3.567336525996306
51 3 3.6810418117410975
52 3 3.6935183394273365
53 3 3.824742134665528
54 3 3.799822391567294
55 3 3.6672570896689467
56 3 4.031049814423254
57 3 4.03015380675345
58 3 4.061593971075302
59 3 4.085953986929578
60 3 4.1058960560652835
61 3 4.1222232053528325
61 4 0.0
62 3 4.135590745156971
62 4 0.8076683175588791
63 3 4.146535158167421
63 4 1.2288434535487498
64 3 4.1554956858511884
64 4 1.5736724998337734
65 3 1.4729640882790185
65 4 1.855994587834167
66 4 2.0871404845725334
67 4 2.276386678506989
68 4 2.4313283550311344
69 4 2.5559404274369393
70 4 2.6946576103062703
71 4 2.7377549874145695
72 4 2.79333549531261
73 4 2.8557899225421255
74 4 2.867657334151707
75 4 2.8251906348406806
76 4 2.967048722471014
77 4 2.9180299776296987
78 4 2.9433249573494473
79 4 2.7169443169829157
80 4 3.0328315341015677
81 4 3.0550975696042273
81 5 0.0
82 4 3.0819865865448053
82 5 1.3544126356802035
83 4 3.090899014656727
83 5 2.0606987404411465
84 4 3.0981947054494925
84 5 2.638956900831573
85 4 3.1041678818611484
85 5 3.1123947208462264
86 4 3.1090583020283105
86 5 3.5000129333415404
87 4 3.1130622388740625
87 5 3.817367688329554
88 4 3.116340384611108
88 5 4.077195859844584
89 4 3.1190243036617704
89 5 4.289924806932226
90 4 3.121221710744667
90 5 4.408027743813732
91 4 2.9248614085829177
91 5 4.572660833647969
92 5 4.587056117480449
93 5 4.396372041407295
94 5 4.883603221400464
95 5 4.96804009420719
96 5 5.0062914455285625
97 5 5.050604502465236
98 5 5.086884757066656
99 5 5.116588509620488
100 5 5.14090788453766
101 5 2.2485387236827226
101 6 0.0
102 6 1.1766960782127083
103 6 1.7903082654737146
104 6 2.292691435603812
105 6 2.7040080306725303
106 6 3.040765542991762
107 6 3.3164792581110727
108 6 3.5422145751037495
109 6 3.72703158702301
110 6 3.8783474143554133
111 6 3.980293692329369
112 6 3.9547874071789657
113 6 4.079656254525472
114 6 4.101136754281238
115 6 4.021220345283102
116 6 4.319972745043575
117 6 4.386585977137414
118 6 4.4183507745141855
119 6 4.444350781420672
120 6 4.465637711143277
121 6 4.483065967476228
121 7 0.0
122 6 4.497335019946221
122 7 1.7713811382886282
123 6 4.19825611715056
123 7 2.695748914444686
124 7 3.4524645402695895
125 7 4.068625362295871
126 7 4.573394603016626
127 7 4.986732719077488
128 7 5.392627937743603
129 7 5.42867447163412
130 7 5.689815735673583
131 7 5.475464838973692
132 7 6.165312401437725
133 7 6.295827297456928
134 7 6.399901238582716
135 7 6.485109775364376
136 7 6.554872625401479
137 7 4.445881927477752
141 8 0.0
142 8 1.0798178736861925
143 8 1.6429109523807564
144 8 2.103932587125783
145 8 2.4813851780863425
146 8 2.790417254493276
147 8 3.043431357038959
148 8 3.2505819618731837
149 8 3.4201824708036876
150 8 3.5589869273365147
151 8 3.680646235476386
152 8 3.588119142001154
153 8 3.8118016503064704
154 8 3.7984824194785984
155 8 3.6077690326942853
156 8 3.9962269522980303
157 8 4.039754137504357
158 8 4.052543760771198
159 8 4.076774904015865
160 8 4.096611912912856
161 8 4.112853050424016
161 9 0.0
162 8 4.12615017077847
162 9 1.0293332837027476
163 8 4.137036928859025
163 9 1.566100138653818
164 8 4.145950252690723
164 9 2.0055676912148965
165 8 1.3316332415032688
165 9 2.3653732106394667
166 9 2.6599572674320706
167 9 2.901142075090696
168 9 3.098607613250779
169 9 3.2602786616317534
170 9 3.3926435189819646
171 9 3.501015003093914
172 9 3.515071231754145
173 9 3.5563927366239376
174 9 3.631408325206662
175 9 3.69586479838864
176 9 3.4021187084617135
177 9 3.799436253056416
178 9 3.8373312772332744
179 9 3.880227450646571
180 9 3.9002150436091796
181 9 3.916579370092766
181 10 0.0
182 9 3.9299773444754313
182 10 0.9661275232246666
183 9 3.940946674392547
183 10 1.4699344445593312
184 9 3.949927602214302
184 10 1.8824166863371916
185 9 3.9572805640929536
185 10 2.2201285875863443
186 9 1.7234332901271283
186 10 2.4966236312811163
187 10 2.722998756399229
188 10 2.9083389830282886
189 10 3.060082663609728
190 10 3.1843203614565336
191 10 3.2729833558731656
192 10 3.339958868842701
193 10 3.267542910157044
194 10 3.464805669567297
195 10 3.4331164503343876
196 10 3.3438976724872336
197 10 3.4810084401370056
198 10 3.5997846478185993
199 10 3.6463891896828686
200 10 3.664580024477862
201 10 3.6792407453813207
201 11 0.0
202 10 3.6912437254587234
202 11 0.4304208584462734
203 10 3.7010709244643127
203 11 0.6548726082829731
204 10 3.7091167535100973
204 11 0.8386381647712637
205 10 3.7157041210437454
205 11 0.9890926839208397
206 10 3.7210974014282696
206 11 1.112274422689341
207 10 2.226219234163244
207 11 1.2131270806434642
208 11 1.2956982983438043
209 11 1.36330186519399
210 11 1.418650994113808
211 11 1.4639670224490258
212 11 1.5010686496003016
213 11 1.5314449021254226
214 11 1.5563148576857297
215 11 1.576676666535202
216 11 1.593347502418723
217 11 1.60699642117514
218 11 1.6181712005446478
219 11 1.627320338289786
220 11 1.6348110998740784
221 11 1.6409438696656367
221 12 0.0
222 11 1.6309377554981064
222 12 0.987796241065706
223 11 1.5882904280194567
223 12 1.502902893079848
224 11 1.6058067458887109
224 12 1.9246365528343838
225 11 1.654755269703377
225 12 2.2699228749709386
226 11 1.6473914913536967
226 12 2.552619393085051
227 11 1.6180403426707575
227 12 2.7840717297862825
228 11 1.62868742340984
228 12 2.9735688722774936
229 11 1.6438287593919299
229 12 3.1287159969778835
230 11 1.5640942314372486
230 12 3.25573970305241
231 11 1.4373615493025143
231 12 3.3152472165328923
232 11 1.6569432820872319
232 12 3.4509815425992483
233 11 1.6590850236735892
233 12 3.3084469590546335
234 11 1.6608177007385054
234 12 3.5474293585633445
235 11 1.661189774847181
235 12 3.491190947176189
236 11 1.6633807903216469
236 12 3.4613577745690582
237 11 1.6643486036113595
237 12 3.5040977747628963
238 11 1.6651273650338503
238 12 3.6728718908808253
239 11 1.6657648283217685
239 12 3.533449072660114
240 11 1.6662867274835078
240 12 2.167875834697273
241 11 1.6667140203589432
241 12 1.71370205510346
241 13 0.0
242 11 1.6670638576592487
242 12 1.6528761410143216
242 13 0.5974483811483405
243 11 1.667350280005492
243 12 1.6892674580093563
243 13 0.9090000428276057
244 11 1.6675847827343309
244 12 1.7769960181792195
244 13 1.1640769744790418
245 11 1.667776606226909
245 12 1.9257362151143618
245 13 1.3729163129944957
246 11 1.6678859871693752
246 12 2.183954992786532
246 13 1.5438994960386836
247 11 1.7233144673463683
247 12 2.6004994705842415
247 13 1.6838886870252108
248 11 1.697754074802557
248 12 2.984708713077077
248 13 1.7985021292986818
249 11 1.6555495753399423
249 12 3.154045026614627
249 13 1.8923397037004266
250 11 1.7113078556685435
250 12 3.2774733538265495
250 13 1.9691674054930117
251 11 1.66832782873221
251 12 3.3777294912736195
251 13 2.03206862071679
252 11 1.6684293447485825
252 12 0.5700303479899524
252 13 2.0835677600223077
253 11 1.6684688173436641
253 13 2.1257317082821143
254 11 1.3347525094587684
254 13 2.160252563914084
255 13 2.188515955960065
256 13 2.2116558686975702
257 13 2.2305119088110796
258 13 2.2097374053857437
259 13 2.141959665485905
260 13 2.2669742545054
261 13 2.236327864010177
261 14 0.0
262 13 2.22116211030438
262 14 1.181785088453377
263 13 2.2347510045184
263 14 1.7980512100807562
264 13 2.042427985618905
264 14 2.302607235074455
265 13 2.29403130307783
265 14 2.715702759214273
266 13 2.3208540810805993
266 14 3.0539167715364486
267 13 2.310206215268452
267 14 3.31983943308351
268 13 2.302180225909101
268 14 3.5547969747879833
269 13 2.3047571313295907
269 14 3.711946392742078
270 13 2.3068263818137464
270 14 3.886651682080416
271 13 2.3085204141016815
271 14 3.898699235376201
272 13 2.3099073611021983
272 14 3.9690540769183498
273 13 2.311042895742095
273 14 4.060339616487271
274 13 2.311972592502791
274 14 4.055221320704631
275 13 2.3127337637167207
275 14 4.277136669056442
276 13 2.31335695795733
276 14 4.3150099826490464
277 13 2.3138671863175095
277 14 4.405907756527593
278 13 2.31428492585557
278 14 4.437739605589646
279 13 2.3146269420606798
279 14 4.463801306518027
280 13 2.314906961245924
280 14 4.485138821220143
281 13 1.477739419364409
281 14 4.50260849681794
281 15 0.0
282 14 4.516911465090887
282 15 1.1218357218947717
283 14 3.7988063997130572
283 15 1.706839725211078
284 15 2.1858007623784466
285 15 2.577940764905425
286 15 2.8989978695685235
287 15 3.1618572166495236
288 15 3.3770681947735874
289 15 3.553268672187773
290 15 3.6959734400084185
291 15 3.763377390625893
292 15 3.770831039971147
293 15 3.895455521730679
294 15 3.9583781361955745
295 15 3.7431998004197156
296 15 4.111815402858336
297 15 4.177833378294197
298 15 4.210516109685435
299 15 4.235637656114303
300 15 4.256205307170506
301 15 4.273044666829197
301 16 0.0
302 15 4.286831569390052
302 16 1.2131465445789034
303 15 4.29811933106932
303 16 1.8488594270770384
304 15 2.217027385372418
304 16 2.368344091319395
305 16 2.7933136559393743
306 16 3.1407066325364736
307 16 3.420893670398255
308 16 3.6512708576112414
309 16 3.816752197073787
310 16 3.994175757003377
311 16 3.964748051352015
312 16 4.20996362168809
313 16 4.204360426342762
314 16 3.967455098466038
315 16 4.414376328133813
316 16 4.472168959531941
317 16 4.5319667025032855
318 16 4.564688732068832
319 16 4.591479159946834
320 16 4.613413301686471
321 16 4.631371455507734
321 17 0.0
322 16 4.646074352406632
322 17 0.7929615938659121
323 16 0.8850475550379907
323 17 1.2064675171715253
324 17 1.5450177155861224
325 17 1.822199097497199
326 17 2.049136024805576
327 17 2.2349362407518742
328 17 2.3870566279182204
329 17 2.511602290303478
330 17 2.6135716016029824
331 17 2.6928932616317343
332 17 2.771202425345906
333 17 2.8119149886435415
334 17 2.7851517840813553
335 17 2.8042212885483173
336 17 2.905666456595707
337 17 2.86538360856258
338 17 2.8655742268340405
339 17 2.6909058921887996
340 17 2.9832194116871658
341 17 3.001694476194168
341 18 0.0
342 17 3.0269102088859423
342 18 1.0053155322082703
343 17 3.0354736461118916
343 18 1.5295578298460066
344 17 3.0424812875567953
344 18 1.9587711397897953
345 17 3.048218596613598
345 18 2.310181278561217
346 17 3.0529159028859696
346 18 2.597891572398801
347 17 3.056761731161922
347 18 2.8334488414645014
348 17 3.059910428293842
348 18 3.0246143904519793
349 17 3.0624883640772738
349 18 3.2046125850751297
350 17 3.064598999388771
350 18 3.3225201284475183
351 17 3.065236874666488
351 18 3.4047659253933524
352 17 0.4084357188505931
352 18 3.4563575677772285
353 18 3.4157585485437423
354 18 3.5757906173262075
355 18 3.593346260078078
356 18 3.355430310142575
357 18 3.7281800137084162
358 18 3.7671164114081255
359 18 3.7942169761786
360 18 3.812917252018721
361 18 3.82822774148522
361 19 0.0
362 18 3.8407629139210337
362 19 1.0173735664275236
363 18 3.8510258424544346
363 19 1.5479037838503493
364 18 3.859428417878617
364 19 1.9822651982906336
365 18 3.8663078649071743
365 19 2.337890256232924
366 18 3.377752389630128
366 19 2.6290513582286112
367 19 2.867182764868064
368 19 3.0619420318367863
369 19 3.2227170185475913
370 19 3.3392707081784727
371 19 3.426750276835544
372 19 3.515613803897246
373 19 3.444433387444046
374 19 3.6341306080721902
375 19 3.622050416933451
376 19 3.429052340176323
377 19 3.816615777854858
378 19 3.8190334288470518
379 19 3.839656686580331
380 19 3.858594270684535
381 19 3.8740986024311237
381 20 0.0
382 19 3.8867924652073818
382 20 0.9925913866327093
383 19 3.8971853167328976
383 20 1.5101984309597456
384 19 3.90569426381652
384 20 1.9339792368927624
385 19 3.912660800505859
385 20 2.2809416362032775
386 19 3.2059171303063105
386 20 2.565010359979805
387 20 2.7975862732862637
388 20 2.9880032947446042
389 20 3.143903489477387
390 20 3.271544061192563
391 20 3.3884805024615448
392 20 3.4258838571399903
393 20 3.360554363020513
394 20 3.547668442930129
395 20 3.538081244171683
396 20 3.376028890003571
397 20 3.669195590160843
398 20 3.6991047624647293
399 20 3.7449831064502974
400 20 3.7636704557393257
401 20 3.7789661795243825
401 21 0.0
402 20 3.7914892079577536
402 21 1.2849628902360937
403 20 3.8017421893351147
403 21 1.9550330235585824
404 20 3.8101366200320537
404 21 2.503640065007809
405 20 3.8170093983464213
405 21 2.9528015183022394
406 20 3.822636353773493
406 21 3.320543949379025
407 20 0.6419311911967334
407 21 3.621625686581911
408 21 3.868130779861909
409 21 4.0699533284861
410 21 4.235905614092109
411 21 4.16720438598387
412 21 4.418023790566233
413 21 4.450285258724698
414 21 4.210028347420837
415 21 4.694391007383662
416 21 4.7479407862057
417 21 4.790280476403516
418 21 4.824944396084104
419 21 4.85332479526461
420 21 4.876560699236729
421 21 4.895584644926174
421 22 0.0
422 21 2.2531180246262785
422 22 1.669020681291858
423 22 2.539366015931204
424 22 3.2519442843687654
425 22 3.835353983364923
426 22 4.313009498498753
427 22 4.733405580927494
428 22 5.06098789747809
429 22 5.056256417646756
430 22 5.3704825234577545
431 22 5.257330193308143
432 22 5.784915988715821
433 22 5.926920806858923
434 22 6.025682371094714
435 22 6.10629883725977
436 22 6.172301918046447
437 22 6.226340665949073
438 22 1.460209845367115
441 23 0.0
442 23 0.9725322226611114
443 23 1.4796790091804877
444 23 1.8948956967274573
445 23 2.2348463752168435
446 23 2.5131744499396085
447 23 2.7410502542602035
448 23 2.9276191380637604
449 23 3.0803692495519472
450 23 3.20542989634677
451 23 3.3078228714107882
452 23 3.448547481130607
453 23 3.324569528120394
454 23 3.474393110377028
455 23 3.4618385377802956
456 23 3.3173956217306477
457 23 3.594049974120783
458 23 3.7160771168247555
459 23 3.670177855587299
460 23 3.6883247814835385
461 23 3.703181945082471
461 24 0.0
462 23 3.7153459550296075
462 24 1.572309264098534
463 23 3.7253049988182823
463 24 2.3922219659681954
464 23 3.7334587757334767
464 24 3.0635098270106336
465 23 3.740134522068489
465 24 3.6131137709597616
466 23 3.7456001618984063
466 24 4.063091750166427
467 23 1.41199798276626
467 24 4.431501968773573
468 24 4.733133153762779
469 24 4.9798834209692
470 24 5.056586514438252
471 24 5.196385261011654
472 24 4.98021495438054
473 24 5.550545311424454
474 24 5.676263670044197
475 24 5.752258120516042
476 24 5.814474791119874
477 24 5.865413461505633
478 24 5.907118515482049
479 24 1.2703156218135916
481 25 0.0
482 25 0.795163475939993
483 25 1.2098177062093038
484 25 1.549307887041904
485 25 1.8272589429459922
486 25 2.054826022500231
487 25 2.241142187097084
488 25 2.393684961859992
489 25 2.51857642866255
490 25 2.6208289112056344
491 25 2.7004597923700904
492 25 2.7571203372980593
493 25 2.803766523939816
494 25 2.855296732017642
495 25 2.7635880390497105
496 25 2.9370914766557603
497 25 2.888730864725282
498 25 2.9513290155090965
499 25 2.73851381265707
500 25 2.9925215001004144
501 25 3.0037802023372975
501 26 0.0
502 25 3.0300396490146504
502 26 0.7200046641904297
503 25 3.043253269019825
503 26 1.095465970404443
504 25 3.0503987901052154
504 26 1.4028675934115933
505 25 3.0562482710076373
505 26 1.6545467581502542
506 25 3.061037397540004
506 26 1.860604238828926
507 25 3.0649584001234147
507 26 2.029309837026033
508 25 3.0681686450364944
508 26 2.1674342899590635
509 25 3.070796971159778
509 26 2.280521042135842
510 25 3.0729488625626282
510 26 2.373108597607486
511 25 3.07471068223237
511 26 2.448913001977016
512 25 1.8240381322310724
512 26 2.5109762235768924
513 26 2.5617900847920785
514 26 2.6033933637736797
515 26 2.648807464449745
516 26 2.533089574661163
517 26 2.684341256439741
518 26 2.6546714557974807
519 26 2.656341057975174
520 26 2.607351202936212
521 26 2.4911929446900816
521 27 0.0
522 26 2.7445891230422745
522 27 0.728017284035821
523 26 2.7148856015279557
523 27 1.1076568560142448
524 26 2.7560957870195835
524 27 1.4184795074854826
525 26 2.762476900117855
525 27 1.6729595072104402
526 26 2.767700750405894
526 27 1.8813101158530563
527 26 2.7719776564466527
527 27 2.0518931457759955
528 26 2.775479288442406
528 27 2.1915547298220583
529 26 2.7783461817480255
529 27 2.305899953887284
530 26 2.7806933953408772
530 27 2.39951793528313
531 26 2.7826151312630554
531 27 2.476165850717772
532 26 2.7841885155578305
532 27 2.5389199767154182
533 26 2.7854766934242985
533 27 2.5907119055713634
534 26 2.7865313645426006
534 27 2.6222899766651984
535 26 0.8731399310944982
535 27 2.5795247672522894
536 27 2.632751139997033
537 27 2.6942032332536328
538 27 2.647845391519004
539 27 2.6951581731350696
540 27 2.450769668771649
541 27 2.7485563203349446
541 28 0.0
542 27 2.782436298566549
542 28 1.7034374011286884
543 27 2.7818740293789546
543 28 2.5917298408393115
544 27 2.790087009248482
544 28 3.3190023383348355
545 27 2.795937237159082
545 28 3.9143986612534
546 27 2.800726541958567
546 28 4.395960688072474
547 27 2.804647674422035
547 28 4.837358319032937
548 27 2.8078580238259705
548 28 5.075827257291875
549 27 2.8104864351214305
549 28 5.230285014363341
550 27 2.812638396142034
550 28 5.478471384821585
551 27 2.814400272761136
551 28 5.48070603132753
552 27 2.8158427753134325
552 28 5.9387700005683035
553 27 2.8170237965825575
553 28 6.033189430415382
554 27 1.4283164340709371
554 28 6.152870275601078
555 28 6.234617387947999
556 28 6.301546245429751
557 28 6.356342959792923
558 28 1.6099726049229783
561 29 0.0
562 29 1.0009330098231366
563 29 1.5227996224538758
564 29 1.950215075494845
565 29 2.299980352508329
566 29 2.585591890710962
567 29 2.8195219723995804
568 29 3.0104507909632177
569 29 3.164936967587357
570 29 3.2849302624757963
571 29 3.3720981011021443
572 29 3.4546170104668783
573 29 3.391089164910386
574 29 3.580462177957128
575 29 3.563656836553353
576 29 3.4209225805798984
577 29 3.738899814537754
578 29 3.795970639214814
579 29 3.7750983327148995
580 29 3.7942961379988986
581 29 3.8100051267912503
581 30 0.0
582 29 3.8228664676497113
582 30 1.7183109626712285
583 29 3.8333964337485993
583 30 2.614359266589067
584 29 3.8420176398931463
584 30 3.3479816754711798
585 29 3.84907608591493
585 30 3.9486207440181054
586 29 3.7581546853948007
586 30 4.440382420521381
587 30 4.843003370071313
588 30 5.172644718383897
589 30 5.262135629515233
590 30 5.554689827368956
591 30 5.500132456561502
592 30 6.017200887500157
593 30 6.127339860466973
594 30 6.2044103261010415
595 30 6.287266958238084
596 30 6.355104139318163
597 30 6.410644521851515
598 30 0.827029009682034
601 31 0.0
602 31 1.5355625927803367
603 31 2.3363130653716144
604 31 2.9919121043069845
605 31 3.528671183278795
606 31 3.9681324678231373
607 31 4.327932678104265
608 31 4.595765269199308
609 31 4.827628817649875
610 31 4.892914123306426
611 31 5.078061408045424
612 31 4.845722769211999
613 31 5.485588908287995
614 31 5.544593675830571
615 31 5.618640554752352
616 31 5.679254674035697
617 31 5.728881254878704
618 31 5.769512059458072
619 31 2.9094500268322685
621 32 0.0
622 32 1.6206936655885376
623 32 2.4658374208804648
624 32 3.1577825658404675
625 32 3.724299545708549
626 32 4.18812418150189
627 32 4.567872271481789
628 32 4.878782845960853
629 32 5.119087618061243
630 32 5.25545851114581
631 32 5.354592862729129
632 32 5.114383839966233
633 32 5.74185843910319
634 32 5.851389656135941
635 32 5.929642755288043
636 32 5.9937067035673355
637 32 6.046157779407823
638 32 6.036386969590791
641 33 0.0
642 33 0.6097411660791977
643 33 0.9277031508677325
644 33 1.1880284134215486
645 33 1.4011647170100119
646 33 1.5756659636903934
647 33 1.7185355013713988
648 33 1.8354623858454966
649 33 1.930902384349951
650 33 2.0093229416421097
651 33 2.0706353600976497
652 33 2.1651876421797973
653 33 2.1637608838918023
654 33 2.1935785812072472
655 33 2.210054803694927
656 33 2.25175704505815
657 33 2.2466085333572323
658 33 2.171496843274333
659 33 2.302872617926134
660 33 2.2857970672261225
661 33 2.2579293509236176
661 34 0.0
662 33 2.2902537745636815
662 34 1.0594631986967218
663 33 2.1628338489818466
663 34 1.611942057993424
664 33 2.319634455687659
664 34 2.064273489632602
665 33 2.3223190110758756
665 34 2.4346111435955913
666 33 2.3279437579198308
666 34 2.7378179669562654
667 33 2.346728280198043
667 34 2.9860627041828582
668 33 2.3499047397498645
668 34 3.189308441826291
669 33 2.352428888262473
669 34 3.355711857141104
670 33 2.3544952224021287
670 34 3.491951398282582
671 33 2.356186978887555
671 34 3.6389732161387793
672 33 2.357572070011818
672 34 3.5866619742300214
673 33 2.358706086230052
673 34 3.630257982499196
674 33 2.359634540037267
674 34 3.740933493047502
675 33 2.360394693672078
675 34 3.772421469934646
676 33 2.3610170548093405
676 34 3.6957941298737222
677 33 2.3615266010027023
677 34 4.0081541342836715
678 33 2.361943782137342
678 34 3.975217548351762
679 33 2.36228534122687
679 34 4.001255650767954
680 33 0.9807066847154082
680 34 4.0204782591784
681 34 4.036216164494244
681 35 0.0
682 34 4.049101259763919
682 35 0.5422727362942413
683 34 4.059650680888562
683 35 0.8250519330526022
684 34 4.068287816396181
684 35 1.0565719611461706
685 34 3.948279802362597
685 35 1.2461244950932
686 35 1.4013170572242948
687 35 1.5283779488970397
688 35 1.6324066062022589
689 35 1.7175780733638175
690 35 1.787310569435295
691 35 1.8444027124679347
692 35 1.8911457925990667
693 35 1.9294158087551814
694 35 1.9607486338626512
695 35 1.9864018055969233
696 35 2.0074047795966354
697 35 2.0246008373541478
698 35 2.0386793127800327
699 35 2.049164071647981
700 35 1.9691624859518477
701 35 2.0422295493120046
701 36 0.0
702 35 2.0641373625414383
702 36 1.5474650168816824
703 35 2.0271729151877462
703 36 2.3544224467360486
704 35 2.0386713154597538
704 36 3.0147844330270273
705 35 2.030798600455392
705 36 3.556023085080782
706 35 1.8782508328966507
706 36 3.9988906952779537
707 35 2.086688768967272
707 36 4.355726555615422
708 35 2.0749726620167768
708 36 4.708976710216496
709 35 2.081654316753195
709 36 4.741521451234794
710 35 2.089757485406804
710 36 4.9444003840477695
711 35 2.0938605841905127
711 36 5.080848902351355
712 35 2.0953852006387836
712 36 5.107089035728113
713 35 2.096632917136641
713 36 5.491349733066336
714 35 2.0976544375624675
714 36 4.802900377360296
715 35 2.0984907845340635
715 36 2.4140488261267605
716 35 2.0991755269688324
716 36 2.052201926909773
717 35 2.0997361463486985
717 36 2.017575665039646
718 35 2.100195142611846
718 36 2.0269801249553527
719 35 2.1005709369443677
719 36 2.0433090088445565
720 35 2.100878611311866
720 36 2.0589366277671934
721 35 2.101130513739229
721 36 2.071806887608834
721 37 0.0
722 35 2.101336754083929
722 36 2.0815429631144857
722 37 1.6235114257617487
723 35 2.1015056093439175
723 36 2.0885008786122667
723 37 2.4701245940394014
724 35 2.1016438563413185
724 36 2.093264703212682
724 37 3.163272891998656
725 35 0.8867144915975543
725 36 1.6679818142841543
725 37 3.7307745288653558
726 36 2.60663708152151
726 37 4.195405749619836
727 37 4.575813398953651
728 37 4.912856802160795
729 37 4.972442238096784
730 37 5.297436891082403
731 37 5.329733841308428
732 37 5.351588563682847
733 37 5.766477200778628
734 37 5.858724307438054
735 37 5.937623686973017
736 37 6.002221035839117
737 37 6.055108872331396
738 37 4.548469003665813
741 38 0.0
742 38 1.0334639979615963
743 38 1.5723848996342162
744 38 2.013616028459429
745 38 2.3748655583179343
746 38 2.670631602652033
747 38 2.9127843823547583
748 38 3.111042278279606
749 38 3.2733622046771162
750 38 3.406258428647829
751 38 3.5150660370083493
752 38 3.609962523332464
753 38 3.6434166352979265
754 38 3.640371078714147
755 38 3.702815118162157
756 38 3.452958316177902
757 38 3.827977431729424
758 38 3.860937660523461
759 38 3.8999556957718275
760 38 3.919269850458277
761 38 3.9350829367133042
761 39 0.0
762 38 3.9480296002015027
762 39 1.0771136796224914
763 38 3.9586294287800157
763 39 1.6387966060566153
764 38 3.9673078346182247
764 39 2.0986636930780747
765 38 3.97441311252325
765 39 2.475171035532627
766 38 1.2536238113004539
766 39 2.783429102287681
767 39 3.0358096554047815
768 39 3.242441419821494
769 39 3.4116170413892695
770 39 3.5501269948162832
771 39 3.6835474203837877
772 39 3.5989814919104357
773 39 3.8151149914732203
774 39 3.7775421793419115
775 39 3.683480517554542
776 39 3.9449629757336515
777 39 3.9872271258965424
778 39 4.042740130374442
779 39 4.066846973982795
780 39 4.086583252293444
781 39 4.102741933794651
781 40 0.0
782 39 4.115971539068095
782 40 0.23439004630186214
783 39 4.12680302402168
783 40 0.3566175282154997
784 39 4.1356710940475585
784 40 0.45668892966745583
785 39 2.0877280784449077
785 40 0.538620446412751
786 40 0.6057003298005876
787 40 0.6606206825737382
788 40 0.705585663172283
789 40 0.7423998770012293
790 40 0.7725408057583332
791 40 0.7972181100069458
792 40 0.817422177142136
793 40 0.8339638731030923
794 40 0.8475070642768152
795 40 0.8585952898746018
796 40 0.8676735673140225
797 40 0.8751062277742799
798 40 0.8811915753171589
799 40 0.8861738404652957
800 40 0.890252970161373
801 40 0.8935926809962664
801 41 0.0
802 40 0.8963270001777862
802 41 1.0453537965181772
803 40 0.8985656760082198
803 41 1.5904748703309748
804 40 0.9003985453616568
804 41 2.036782275391331
805 40 0.9018991779980111
805 41 2.402187878446042
806 40 0.9031277853400194
806 41 2.7013566844933465
807 40 0.9041336848874348
807 41 2.946295391693373
808 40 0.9049572429884907
808 41 3.1466338405958907
809 40 0.9056314800303599
809 41 2.4987691458779784
810 40 0.906183562258284
810 41 1.1947854653478271
811 40 0.9050715137670848
811 41 0.9823847130384621
812 40 0.906200670531385
812 41 0.8409112895617692
813 40 0.9073046540332379
813 41 0.8633107968518953
814 40 0.9075565975860861
814 41 0.8486762447031293
815 40 0.9077600487650103
815 41 0.8153473625514234
816 40 0.9079270229597369
816 41 0.9185406913443637
817 40 0.9080422875069893
817 41 0.8982255173951749
818 40 0.9065042485304532
818 41 0.8926420561688545
819 40 0.8935178844799607
819 41 0.8861982213353783
820 40 0.9071660338362507
820 41 0.8585024301395864
821 40 0.9075148958522627
821 41 0.8604661363460085
821 42 0.0
822 40 0.9077253361180823
822 41 0.8838181053234516
822 42 0.7307383806083539
823 40 0.9078979703698437
823 41 0.9455464712493777
823 42 1.1117969255494247
824 40 0.9080362566163047
824 41 0.9514577594960444
824 42 1.4237812871784363
825 40 0.9080360624461026
825 41 0.9240401268270786
825 42 1.6792124585741524
826 40 0.905680068009445
826 41 0.9121371360317908
826 42 1.8883418193398684
827 40 0.9080132467837652
827 41 0.8930795006335736
827 42 2.0595624607878187
828 40 0.9082008922591602
828 41 0.8802199635826436
828 42 2.199746064562647
829 40 0.9082797046024265
829 41 0.8747806559818404
829 42 2.3145186854378874
830 40 0.9070484862526388
830 41 0.9278234120322594
830 42 2.4084865647119975
831 40 0.8739273319432832
831 41 0.9266844088314261
831 42 2.4854209412047745
832 40 0.8175377036977619
832 41 0.8645827239792835
832 42 2.548409361602345
833 40 0.8877742743911629
833 41 0.8156104405185907
833 42 2.5875805622433297
834 40 0.8949427201073002
834 41 0.7874192746613057
834 42 2.621728242875192
835 40 0.8974323997482723
835 41 0.7749884710007499
835 42 2.6525214158190136
836 40 0.8994709980409896
836 41 0.8622127645015609
836 42 2.5424377289366893
837 40 0.9011397644853555
837 41 1.0735732367191333
837 42 2.728463395520642
838 40 0.9025060348743577
838 41 0.9826455097700039
838 42 2.6814117222926637
839 40 0.9036246424589502
839 41 0.9377007612838335
839 42 2.7390870636638396
840 40 0.9036624744663344
840 41 0.9163661050604832
840 42 2.679900587714942
841 40 0.9052855181259655
841 41 0.9037428407019067
841 42 1.9565429957257883
841 43 0.0
842 40 0.9059039823296181
842 41 0.8996520087097076
842 42 1.1585895841736251
842 43 0.6478926923741336
843 40 0.9064067960434851
843 41 0.9048777525507107
843 42 0.9299937190174028
843 43 0.9857496516268143
844 40 0.9068183360382173
844 41 0.9120088345160124
844 42 0.869237672098226
844 43 1.2623635342896269
845 40 0.9071552607226647
845 41 0.9080671179533926
845 42 0.8467323677418271
845 43 1.4888358243025532
846 40 0.9074311080769546
846 41 0.906631666423462
846 42 0.8444579070342714
846 43 1.6742556580722612
847 40 0.9076569518852885
847 41 0.9063824859217473
847 42 0.860570425163108
847 43 1.826064569901027
848 40 0.9078418568802862
848 41 0.9066408047765331
848 42 0.8688420396246909
848 43 1.950355219820753
849 40 0.9079932441279039
849 41 0.9070545361540228
849 42 0.8756317701941013
849 43 2.0521157731408612
850 40 0.9081171894723991
850 41 0.9074597997042381
850 42 0.8838263056556279
850 43 2.1354302497590822
851 40 0.9082186673141609
851 41 0.9077948693644877
851 42 0.8914045054478023
851 43 2.203642378318107
852 40 0.9083017503203272
852 41 0.9080485492119281
852 42 0.8975029600301846
852 43 2.2590966049585184
853 40 0.9083697729401912
853 41 0.9082311762743124
853 42 0.9019519000096853
853 43 2.2676416535841515
854 40 0.908425465148797
854 41 0.9083597421329536
854 42 0.904945607432922
854 43 2.3338534339780983
855 40 0.9084710620702315
855 41 0.90845130814714
855 42 0.9068171201094628
855 43 2.3557732460689293
856 40 0.9085083936710322
856 41 0.9085211096711617
856 42 0.9079061037399446
856 43 2.3623271359897773
857 40 0.9085389581999355
857 41 0.908583287094418
857 42 0.9084978625160591
857 43 2.2660462107632036
858 40 0.9085639823192954
858 41 0.9086535511620616
858 42 0.9088082143262954
858 43 2.4326682989313237
859 40 0.9085844703350556
859 41 0.9087541999278148
859 42 0.9089936606964766
859 43 2.408928040001561
860 40 0.9086012445034704
860 41 0.9089230079868792
860 42 0.9091743198942575
860 43 2.370551062051212
861 40 0.9086149780309394
861 41 0.9092295702558102
861 42 0.9094648247138969
861 43 2.3717961267120664
861 44 0.0
862 40 0.9086262220920699
862 41 0.9098062543004878
862 42 0.9100156669488025
862 43 2.2729665775678694
862 44 1.499770672834596
863 40 0.9086354279507184
863 41 0.9109076108665326
863 42 0.9110762727189127
863 43 2.38723880987783
863 44 2.2818569174461842
864 40 0.9086429650703443
864 41 0.9130251724344683
864 42 0.9131043963889859
864 43 2.438996913778713
864 44 2.922174974577768
865 40 0.9086491359430413
865 41 0.9171103173885358
865 42 0.916973016291104
865 43 2.4842886964361592
865 44 3.4464231392767544
866 40 0.9086541882239076
866 41 0.9250097823845865
866 42 0.924341285250893
866 43 2.4897459797424206
866 44 3.8756410415708116
867 40 0.9086583246835892
867 41 0.9403251794389452
867 42 0.9385501897552229
867 43 2.4948190464959654
867 44 4.227055189473897
868 40 0.9086617113287886
868 41 0.9701468544518627
868 42 0.9657129061176375
868 43 2.4978857511019936
868 44 4.5147682273277105
869 40 0.908664484080161
869 41 1.028683425924264
869 42 1.0187701161721363
869 43 2.500395891694293
869 44 4.813290685715954
870 40 0.90866675421697
870 41 1.1453778256300906
870 42 1.1234532735427354
870 43 2.5024509962060115
870 44 4.771148415581365
871 40 0.9086327853188539
871 41 1.388033404073138
871 42 1.3330861899636948
871 43 2.5041335704821193
871 44 4.895363734399165
872 40 0.9086523459015361
872 41 1.9290927965312983
872 42 1.7253097517375455
872 43 2.5055111451678775
872 44 4.785014569544769
873 40 0.9086420995709945
873 41 2.51945097561307
873 42 1.9121891869704641
873 43 2.5066390077546443
873 44 5.324511766409385
874 40 0.9086205671809313
874 41 1.610885236201398
874 42 1.3550403533884574
874 43 2.507562423480283
874 44 5.424444188245102
875 40 0.4926170477224945
875 42 0.9638811714941575
875 43 2.2045739850782615
875 44 5.489389630372184
876 42 1.9983656290557126
876 43 1.7214327361714237
876 44 5.5482806625241
877 42 0.9338831737623442
877 43 1.6070032297542511
877 44 5.596496537837972
878 43 2.2549728347170785
878 44 5.625031692822539
879 43 0.8743584956473246
879 44 2.8474711481467105
880 44 2.3094519518126218
881 45 0.0
882 45 1.0524984062572154
883 45 1.6013451890069712
884 45 2.050702938826068
885 45 2.418605956380002
886 45 2.7198194542752354
887 45 3.0230920571849023
888 45 3.1655526582654137
889 45 3.325502432160207
890 45 3.447900472707631
891 45 3.550806893543418
892 45 3.5789968845416182
893 45 3.672936994376858
894 45 3.7034147375104696
895 45 3.7564059645602406
896 45 3.592369536877272
897 45 3.9273462403837405
898 45 3.938724028809199
899 45 3.9707334201630378
900 45 3.9905941700182535
901 45 4.006854594095097
901 46 0.0
902 45 4.02016749523104
902 46 0.4582179860549813
903 45 4.031067174851418
903 46 0.697165115495858
904 45 4.039991077824197
904 46 0.8927984875903018
905 45 4.015796406416349
905 46 1.0529695124218328
906 46 1.184106516634315
907 46 1.2914723961155432
908 46 1.3793761397055602
909 46 1.451345635928175
910 46 1.510269278432415
911 46 1.5585118799628648
912 46 1.5980095752371826
913 46 1.6303475448123081
914 46 1.6568236466900697
915 46 1.678500454079779
916 46 1.6962478739007008
917 46 1.7092586559127991
918 46 1.7282961565752484
919 46 1.7283542035907855
920 46 1.7391092713059253
921 46 1.7147985515258264
921 47 0.0
922 46 1.657477516929541
922 47 1.12449885441761
923 46 1.7553381739194591
923 47 1.7108920380169093
924 46 1.7556822216174968
924 47 2.190990099494853
925 46 1.7287973523933904
925 47 2.584061132704975
926 46 1.7164555880944452
926 47 2.905880483632986
927 46 1.7488921755867322
927 47 3.169363870301031
928 46 1.6794953405259954
928 47 3.385085825877249
929 46 1.5988843748570096
929 47 3.5617040118867194
930 46 1.7629883992503794
930 47 3.706306713569196
931 46 1.771953561149783
931 47 3.8246970944683683
932 46 1.7661323176313215
932 47 3.8061803528512677
933 46 1.765731279451897
933 47 3.955699050721665
934 46 1.769524833666484
934 47 3.9245024942213886
935 46 1.7707756217309663
935 47 3.855560554040081
936 46 1.771796511918132
936 47 4.165960421549503
937 46 1.7726322785993731
937 47 4.215887983033003
938 46 1.773316539473413
938 47 3.9512094568699574
939 46 1.7738767633232915
939 47 2.226197893395336
940 46 1.774335435590241
940 47 1.7764173613871361
941 46 1.7747109644602428
941 47 1.7047176006494102
941 48 0.0
942 46 1.7750184215431384
942 47 1.702348709745102
942 48 1.004022191114911
943 46 1.7752701460278857
943 47 1.7156076347417426
943 48 1.5275900609639794
944 46 1.7754762406015796
944 47 1.7309709304630665
944 48 1.9562511914371012
945 46 1.7756449765651836
945 47 1.7443945203683704
945 48 2.3072092406365687
946 46 1.7757831258872572
946 47 1.7547953362926052
946 48 2.5945493924410528
947 46 1.7758962329859598
947 47 1.7622732061466466
947 48 2.8298036024161575
948 46 1.7759888372465076
948 47 1.7673740105577909
948 48 3.022413495721285
949 46 1.776064655202975
949 47 1.7707243436927012
949 48 3.180109118698951
950 46 1.7761267296835945
950 47 1.772868143247308
950 48 3.3065364565908677
951 46 0.8279973533840725
951 47 1.4946756068198708
951 48 3.413983087453749
952 47 2.721792049742705
952 48 3.4487792629370886
953 48 3.404228551228913
954 48 3.5815165939540723
955 48 3.586346999336256
956 48 3.3649816855690537
957 48 3.706445186928731
958 48 3.7343258114074382
959 48 3.7848970275690705
960 48 3.8043826555620464
961 48 3.8203313972907145
961 49 0.0
962 48 3.833389064739094
962 49 0.7046702911321568
963 48 3.8440797721292306
963 49 1.0721350040561035
964 48 3.8528325826100636
964 49 1.3729896764737666
965 48 3.859998777687689
965 49 1.6193086491678912
966 48 3.641334197067609
966 49 1.8209775313346659
967 49 1.9860901181302317
968 49 2.121272838855437
969 49 2.2319510800276854
970 49 2.3225667765358735
971 49 2.396756620994626
972 49 2.4531837386922746
973 49 2.539642925013051
974 49 2.524201798178593
975 49 2.5631969918622475
976 49 2.482978397556601
977 49 2.6270539127262973
978 49 2.6093684231108547
979 49 2.58191917129559
980 49 2.5868217376162033
981 49 2.369406402660757
981 50 0.0
982 49 2.667846175247258
982 50 1.6333873397991734
983 49 2.676751753570292
983 50 2.4851507401594852
984 49 2.6964325488981866
984 50 3.182515629716755
985 49 2.7066008006000297
985 50 3.753469829986861
986 49 2.7111776165387784
986 50 4.2209274215856825
987 49 2.7149243066784385
987 50 4.623278412805024
988 49 2.7179918184215777
988 50 4.859418955147317
989 49 2.7205032821741186
989 50 4.968556820349242
990 49 2.722559494268347
990 50 5.353426997535396
991 49 2.7242429781988804
991 50 5.315497150352772
992 49 2.7256212982149446
992 50 5.259459501833428
993 49 2.726749771180535
993 50 5.768518003810247
994 49 2.7276736868771043
994 50 5.8956471244160085
995 49 2.1874203641051357
995 50 5.974793885937544
996 50 6.0395938054106715
997 50 6.092647478285773
998 50 4.724896957442467
1001 51 0.0
1002 51 1.6537111919986707
1003 51 2.5160726525203527
1004 51 3.2221145086298586
1005 51 3.800172481509716
1006 51 4.263722286207699
1007 51 4.6883186396372665
1008 51 5.008178953111705
1009 51 5.042039909409872
1010 51 5.335450487468346
1011 51 5.248274842502162
1012 51 5.79236077463527
1013 51 5.868404611658081
1014 51 5.972661843009051
1015 51 6.052130448553787
1016 51 6.11719382374804
1017 51 6.170463208846265
1018 51 2.043881617734207
1021 52 0.0
1022 52 1.4514930746694712
1023 52 2.2084036888871093
1024 52 2.82810981551229
1025 52 3.3354822339225216
1026 52 3.7508839361164386
1027 52 4.090985839247859
1028 52 4.369438247627725
1029 52 4.597414656788796
1030 52 4.62831461966975
1031 52 4.882165220939935
1032 52 4.899097013225463
1033 52 4.853328176570546
1034 52 5.268118717080372
1035 52 5.307110897305565
1036 52 5.3651170454007895
1037 52 5.412608133671244
1038 52 5.451490538709633
1039 52 5.4833247586169245
1040 52 2.656167321502767
1041 53 0.0
1042 53 1.7382222764123791
1043 53 2.6446537681908384
1044 53 3.386777114090776
1045 53 3.9943762847062674
1046 53 4.49183678466415
1047 53 4.899122344465644
1048 53 5.234024814738574
1049 53 5.266064132366687
1050 53 5.587292673473219
1051 53 5.379227321982474
1052 53 6.011771606420206
1053 53 6.176781761875152
1054 53 6.278638977931232
1055 53 6.362032613706309
1056 53 6.430309548446722
1057 53 5.462998119039881
1061 54 0.0
1062 54 1.5196585006544694
1063 54 2.3121154357259233
1064 54 2.9609243346146097
1065 54 3.49212413870452
1066 54 3.927033729171016
1067 54 4.28310765691952
1068 54 4.5509213187359405
1069 54 4.774500617674402
1070 54 4.812019103006881
1071 54 5.025571379358046
1072 54 4.8244493318119215
1073 54 5.442759872853515
1074 54 5.48622314096673
1075 54 5.559664315071527
1076 54 5.619792517991202
1077 54 5.669021317434776
1078 54 5.709326448693581
1079 54 3.750565965430741
1081 55 0.0
1082 55 1.771888554837433
1083 55 2.6958760178733026
1084 55 3.4523729674390573
1085 55 4.0717401999935685
1086 55 4.578835558840256
1087 55 4.994010334202624
1088 55 5.323390813931275
1089 55 5.373371981334642
1090 55 5.685999050164037
1091 55 5.606358926448469
1092 55 6.1332539894502265
1093 55 6.295080193286565
1094 55 6.399154744793624
1095 55 6.484361245637681
1096 55 6.55412239597282
1097 55 4.012593836489928
1101 56 0.0
1102 56 0.6105664704892215
1103 56 0.9289588241018725
1104 56 1.1896364417528782
1105 56 1.4030612349421951
1106 56 1.577798679676037
1107 56 1.7208616003727255
1108 56 1.8379916040412994
1109 56 1.933889563911082
1110 56 2.0124041567401707
1111 56 2.0766864433325734
1112 56 2.1293164154653614
1113 56 2.1724060318701084
1114 56 2.205920951071714
1115 56 2.2411573000744345
1116 56 2.2482440531751937
1117 56 2.205555345966622
1118 56 2.213720776027305
1119 56 2.2992991821582525
1120 56 2.2576301570928066
1121 56 2.304739838535526
1121 57 0.0
1122 56 2.2244534724987326
1122 57 1.5885753840518138
1123 56 2.2244782139681476
1123 57 2.416970663753934
1124 56 2.351997123530207
1124 57 3.0952033552277487
1125 56 2.3275240434362146
1125 57 3.650493312645294
1126 56 2.3381488968629687
1126 57 4.105126289455935
1127 56 2.351167600412033
1127 57 4.477348235652685
1128 56 2.3540441692592693
1128 57 4.817799656908402
1129 56 2.3563977068332127
1129 57 4.788594373393008
1130 56 2.358324578918465
1130 57 5.169427322445644
1131 56 2.359902163938381
1131 57 5.160335283724223
1132 56 2.361193780455903
1132 57 5.201391998508122
1133 56 2.3622512663902624
1133 57 5.562649322960555
1134 56 2.3631170627267335
1134 57 5.736938220791664
1135 56 2.3638259166026847
1135 57 5.813362897047476
1136 56 2.364406277061925
1136 57 5.875934130251359
1137 56 2.3648814359180492
1137 57 4.074941924421626
1138 56 2.365270463216075
1138 57 2.4683736607702222
1139 56 2.0116780166175094
1139 57 2.489426947407184
1140 57 2.7428918298167497
1141 58 0.0
1142 58 1.3928385095434943
1143 58 2.119162507222441
1144 58 2.7138264814752326
1145 58 3.2006960076101194
1146 58 3.5993111140891063
1147 58 3.9256698794841416
1148 58 4.192870389524463
1149 58 4.411634026349911
1150 58 4.585118940106369
1151 58 4.5841585783332786
1152 58 4.722312177503267
1153 58 4.518424012691581
1154 58 4.992391775787957
1155 58 5.083679059140621
1156 58 5.14914656598324
1157 58 5.194567669079548
1158 58 5.231755218590362
1159 58 5.262201804032021
1160 58 5.2871293593496915
1161 58 1.362115021764031
1161 59 0.0
1162 59 1.5194998939793019
1163 59 2.311874108995743
1164 59 2.9606152624030497
1165 59 3.4917597116430152
1166 59 3.9266239295298133
1167 59 4.282660510552525
1168 59 4.574158908415994
1169 59 4.8125664368737375
1170 59 4.866443211191743
1171 59 5.062309628919218
1172 59 5.052563466494005
1173 59 5.475141687798644
1174 59 5.499096322169995
1175 59 5.558382095775005
1176 59 5.618631253118175
1177 59 5.6679590867497
1178 59 5.7083453007768385
1179 59 5.232244456752721
1181 60 0.0
1182 60 0.7600755037363627
1183 60 1.1564323952660858
1184 60 1.4809419822216168
1185 60 1.746627965542678
1186 60 1.9641532521397913
1187 60 2.1422478960311975
1188 60 2.2880773425148355
1189 60 2.4045510020631244
1190 60 2.502840277369111
1191 60 2.5792891594580856
1192 60 2.6394462452672287
1193 60 2.676579557286088
1194 60 2.7396081020007865
1195 60 2.7157227327857
1196 60 2.7021206625179137
1197 60 2.8141600368851827
1198 60 2.766791607900474
1199 60 2.8035962346444343
1200 60 2.5645034716985955
1201 60 2.8425185978924867
1201 61 0.0
1202 60 2.8796806264740367
1202 61 0.9105105091831412
1203 60 2.90629643132529
1203 61 1.385314947639267
1204 60 2.9136457255338164
1204 61 1.7740519803704795
1205 60 2.919626811153458
1205 61 2.0923228723386864
1206 60 2.9245235056480117
1206 61 2.3529010197471294
1207 60 2.928532568930952
1207 61 2.566244388933137
1208 60 2.931814910792321
1208 61 2.7409151294662384
1209 60 2.9345022646944083
1209 61 2.883923444977947
1210 60 2.9367024838998375
1210 61 3.0010086921135297
1211 60 2.938503870966305
1211 61 3.0968702923041973
1212 60 2.9399787219555553
1212 61 3.175355459805599
1213 60 2.480506622927172
1213 61 3.257896257392561
1214 61 3.1277128476529543
1215 61 3.315451427577628
1216 61 3.262410129408016
1217 61 3.2722862384357763
1218 61 3.0975826802435673
1219 61 3.4072749069216774
1220 61 3.4457958672136186
1221 61 3.465445452581727
1221 62 0.0
1222 61 3.47711957043552
1222 62 1.4237632171497494
1223 61 3.486676720631143
1223 62 2.1662136115514614
1224 61 3.494501431901558
1224 62 2.774080553793699
1225 61 3.500907762036698
1225 62 3.271760024286205
1226 61 3.506152821492663
1226 62 3.6792253502839536
1227 61 3.5104471125919607
1227 62 4.01283014198395
1228 61 3.5139629807179524
1228 62 4.2859624169515085
1229 61 1.5784636299007075
1229 62 4.5078987706695886
1230 62 4.538207010550989
1231 62 4.80729740694451
1232 62 4.819500528201906
1233 62 4.673007688969513
1234 62 5.1326187994263295
1235 62 5.204629913061365
1236 62 5.261729797146785
1237 62 5.3084749866596015
1238 62 5.34674666041127
1239 62 5.378080853606807
1240 62 4.067620651917204
1241 63 0.0
1242 63 1.2219349084097904
1243 63 1.8591378051329497
1244 63 2.380835435391089
1245 63 2.807965363816298
1246 63 3.1576697235111246
1247 63 3.4439837927679076
1248 63 3.6783971987068265
1249 63 3.87031925028395
1250 63 4.045921286110908
1251 63 4.140287057673775
1252 63 4.240779162353054
1253 63 4.224368104413934
1254 63 4.0155258084568795
1255 63 4.460739519070156
1256 63 4.504425403195338
1257 63 4.5553859539309025
1258 63 4.5883367408273585
1259 63 4.615314563568764
1260 63 4.637402136844895
1261 63 4.655485909889228
1261 64 0.0
1262 63 4.670291656729198
1262 64 1.2119086554468452
1263 63 1.041337713371741
1263 64 1.8438830206579018
1264 64 2.3613001241957834
1265 64 2.7849254107536994
1266 64 3.1317603444543116
1267 64 3.415724778066585
1268 64 3.6482155577457998
1269 64 3.8385634974814855
1270 64 3.994407302008358
1271 64 4.10458277772152
1272 64 4.19073143231695
1273 64 4.189182871287203
1274 64 4.063777997128136
1275 64 4.399639453718457
1276 64 4.4551346436066455
1277 64 4.517787784938058
1278 64 4.550508657925749
1279 64 4.577297718569111
1280 64 4.59923073259735
1281 64 4.617187963147043
1281 65 0.0
1282 64 4.6318901025407175
1282 65 0.5990878351321041
1283 64 1.943876845127002
1283 65 0.9114943531755288
1284 65 1.1672713183068484
1285 65 1.3766837249389083
1286 65 1.5481361029785319
1287 65 1.6885094393493254
1288 65 1.8034374085060287
1289 65 1.897532469188955
1290 65 1.9745709935197513
1291 65 2.037099676774459
1292 65 2.098068872598258
1293 65 2.125829023411543
1294 65 2.1579470086364654
1295 65 2.174671252300079
1296 65 2.2048542011837644
1297 65 2.221714862462139
1298 65 2.1602412350352322
1299 65 2.214303441297519
1300 65 2.264368628342167
1301 65 2.2172869777521957
1301 66 0.0
1302 65 2.2654719024682377
1302 66 1.457971975670866
1303 65 2.1646849949735842
1303 66 2.2182614274901122
1304 65 2.0421460664614965
1304 66 2.840733781360079
1305 65 2.2792000035078743
1305 66 3.350371038765752
1306 65 2.3413123536184375
1306 66 3.7676267108448775
1307 65 2.3006822492187
1307 66 4.109246768957346
1308 65 2.307859463106182
1308 66 4.388941577962846
1309 65 2.3105201465372356
1309 66 4.629061144900974
1310 65 2.312696760594252
1310 66 4.535500963709174
1311 65 2.3144787759961436
1311 66 4.835362853889212
1312 65 2.3159377620666444
1312 66 4.929012571111166
1313 65 2.3171322779223145
1313 66 5.138371975759621
1314 65 2.31811026454614
1314 66 5.252776655502373
1315 65 2.318910972333112
1315 66 5.3355053681875955
1316 65 2.3195665362265188
1316 66 5.392917262808482
1317 65 2.3201032665372243
1317 66 5.4399221468359285
1318 65 2.320542704057556
1318 66 4.065971637236072
1319 65 2.3209024851878186
1319 66 2.408383761038629
1320 65 2.321186625677066
1320 66 2.2490721771778612
1321 65 0.48934024043734686
1321 66 1.4307745787908264
1321 67 0.0
1322 66 2.2778492236128054
1322 67 1.2744396625000438
1323 67 1.9390225700635872
1324 67 2.483136808362122
1325 67 2.9286199593486075
1326 67 3.2933507261308574
1327 67 3.591967054903814
1328 67 3.8364533774000305
1329 67 4.0366215223285815
1330 67 4.200413843962159
1331 67 4.19253112883981
1332 67 4.379057527101743
1333 67 4.411760774130773
1334 67 4.181717494610796
1335 67 4.672360069527667
1336 67 4.709537587047671
1337 67 4.751443799150193
1338 67 4.785752655988118
1339 67 4.813842352340867
1340 67 4.836840248829852
1341 67 4.855669333407532
1341 68 0.0
1342 67 2.534734061745751
1342 68 0.4429714935065614
1343 68 0.6739681392422556
1344 68 0.8630921382825124
1345 68 1.0179337746341808
1346 68 1.144707387072734
1347 68 1.2485008426819502
1348 68 1.3334797354193357
1349 68 1.4030545681615032
1350 68 1.4600176280016623
1351 68 1.5066550303491653
1352 68 1.5448385109386529
1353 68 1.5761004998381343
1354 68 1.6013036787873782
1355 68 1.6223221867150208
1356 68 1.6649519742430796
1357 68 1.6480114257507505
1358 68 1.6556830418309334
1359 68 1.6602497355458823
1360 68 1.6765252504420072
1361 68 1.6814479429879186
1361 69 0.0
1362 68 1.6716141215193734
1362 69 0.6750516896653106
1363 68 1.610597119695105
1363 69 1.0270712666127602
1364 68 1.6973348412605829
1364 69 1.3152805207035771
1365 68 1.7017476341604354
1365 69 1.5512462995474245
1366 68 1.6864392882441421
1366 69 1.7444387370042744
1367 68 1.648747030618205
1367 69 1.9026113288991358
1368 68 1.700847010705412
1368 69 2.0321120912822677
1369 68 1.6638258103692984
1369 69 2.1381383537203082
1370 68 1.5303476115404049
1370 69 2.2249453068527636
1371 68 1.6452403229550887
1371 69 2.2960168267040024
1372 68 1.6942681915973274
1372 69 2.3542052648011618
1373 68 1.6975812306302376
1373 69 2.4018459303553894
1374 68 1.70069121314609
1374 69 2.4408508152208936
1375 68 1.7062618652903676
1375 69 2.4727851357249198
1376 68 1.7119324292624936
1376 69 2.4975463909349194
1377 68 1.7129069979606653
1377 69 2.397950835698375
1378 68 1.7137033992250785
1378 69 2.5125505900614065
1379 68 1.7143553889203402
1379 69 2.524628178679314
1380 68 1.7148891871812553
1380 69 2.4719852390541397
1381 68 1.7153262230599793
1381 69 2.518152536952103
1381 70 0.0
1382 68 1.715684037448258
1382 69 2.4215251967403373
1382 70 1.4823773526637622
1383 68 1.715976990981621
1383 69 2.5697617326123314
1383 70 2.255651229228238
1384 68 1.7162168410047656
1384 69 2.5553200796637787
1384 70 2.8886156465963033
1385 68 1.7164132135763583
1385 69 2.54167920525753
1385 70 3.406843077045328
1386 68 1.7165739898625905
1386 69 2.5970509812143874
1386 70 3.831463690296695
1387 68 1.7167056222839094
1387 69 2.6006711945864005
1387 70 4.202612164661455
1388 68 1.7168133938251855
1388 69 2.6036351754927907
1388 70 4.4826449231706045
1389 68 1.7169016296990238
1389 69 2.6060618778125786
1389 70 4.64633521343497
1390 68 1.7169738711217049
1390 69 2.6080486936302343
1390 70 4.568921198017136
1391 68 1.717033017395662
1391 69 2.609675360841077
1391 70 4.907889614725701
1392 68 1.7170814422688114
1392 69 2.611007163311559
1392 70 5.090300557285945
1393 68 1.1928600636914535
1393 69 2.6120975509512085
1393 70 5.121710776666772
1394 69 2.6129902848559468
1394 70 5.305649497097789
1395 69 2.613721193676275
1395 70 5.422185187456673
1396 69 2.6143196110556666
1396 70 5.481154370755526
1397 69 1.9460588489687263
1397 70 5.529434244694919
1398 70 5.568962481971466
1399 70 5.601325456690568
1400 70 1.134072499980702
1401 71 0.0
1402 71 1.1546906686955827
1403 71 1.756851602380971
1404 71 2.2495423182767436
1405 71 2.652890489581692
1406 71 2.981859917504634
1407 71 3.252858472608634
1408 71 3.4703981265359882
1409 71 3.644827212592482
1410 71 3.768128939669249
1411 71 3.8893865679527178
1412 71 3.8417020548366683
1413 71 4.022802778224139
1414 71 4.066000630224347
1415 71 3.8160716547785745
1416 71 4.310046211411769
1417 71 4.301477958668628
1418 71 4.3332970661448185
1419 71 4.359239152505522
1420 71 4.380478609740945
1421 71 4.397867997902821
1421 72 0.0
1422 71 4.412105229206036
1422 72 1.2560380137929603
1423 71 4.423761684879464
1423 72 1.9110246847426662
1424 71 1.300516637418719
1424 72 2.447282300011136
1425 72 2.8863331387154783
1426 72 3.2457974083560743
1427 72 3.5401021707874545
1428 72 3.7810579618476607
1429 72 3.9783374814013155
1430 72 4.123201125884845
1431 72 4.086113289171639
1432 72 4.3400047129745065
1433 72 4.348985874646337
1434 72 4.089369526569021
1435 72 4.628809752248016
1436 72 4.641489230733946
1437 72 4.6829301940535455
1438 72 4.716726886111028
1439 72 4.74439713935142
1440 72 4.767051620312312
1441 72 4.785599537688218
1441 73 0.0
1442 72 3.623107623340606
1442 73 0.8210943153980199
1443 73 1.2492709177281636
1444 73 1.5998321665861193
1445 73 1.8868474358506109
1446 73 2.121835666259281
1447 73 2.314227768775058
1448 73 2.4717450808163446
1449 73 2.6007093803804
1450 73 2.7062963689849378
1451 73 2.7927438932937947
1452 73 2.8611589055506945
1453 73 2.907054333013734
1454 73 2.8619176853927972
1455 73 2.938276432786132
1456 73 2.987823750401513
1457 73 2.9887667390025685
1458 73 2.887548899597077
1459 73 3.056158272705262
1460 73 3.1479621414421453
1461 73 3.1147545694018537
1461 74 0.0
1462 73 3.133308265302712
1462 74 1.539229008182679
1463 73 3.142352557405158
1463 74 2.3418913880286163
1464 73 3.1497563691231827
1464 74 2.999055780302848
1465 73 3.1558180702257594
1465 74 3.5370964860450997
1466 73 3.160780968165646
1466 74 3.977606893675755
1467 73 3.164844245516852
1467 74 4.338268831863536
1468 73 3.168170974569839
1468 74 4.578547265748297
1469 73 3.1708946706535115
1469 74 4.880411710337136
1470 73 3.1731246444027765
1470 74 4.89838381480261
1471 73 1.2302667080204943
1471 74 5.093549782401754
1472 74 4.93390435171602
1473 74 5.433004490805062
1474 74 5.553086001079102
1475 74 5.628169867483231
1476 74 5.689633141708126
1477 74 5.739954951618146
1478 74 5.781154961615633
1479 74 2.9089901859374687
1481 75 0.0
1482 75 0.5734595962316459
1483 75 0.8725018155017608
1484 75 1.1173368837505122
1485 75 1.3177908889537795
1486 75 1.4819087450916513
1487 75 1.6162770876636383
1488 75 1.7262885775324663
1489 75 1.8163583775115049
1490 75 1.8901012831073507
1491 75 1.9504768570536908
1492 75 1.999908179839654
1493 75 2.0691366201946835
1494 75 2.061492339055855
1495 75 2.0797752349008345
1496 75 2.114709172815781
1497 75 2.126728163575493
1498 75 2.072797953597132
1499 75 2.1121807426468795
1500 75 2.169532169080323
1501 75 2.1324044709082197
1501 76 0.0
1502 75 2.148391766206254
1502 76 1.7490685674674349
1503 75 2.1208248943957813
1503 76 2.661156319454845
1504 75 1.9370115468731808
1504 76 3.407910603045931
1505 75 2.1799819089989967
1505 76 4.019301300200464
1506 75 2.208489221159668
1506 76 4.519865617657878
1507 75 2.1909332086125226
1507 76 4.966530784764553
1508 75 2.2090717134529907
1508 76 5.241765999285358
1509 75 2.2116470153383836
1509 76 5.26229475902169
1510 75 2.2137363749226324
1510 76 5.5793984818162485
1511 75 2.2154468905563034
1511 76 5.393716129698112
1512 75 2.2168473337129733
1512 76 6.049224572350052
1513 75 2.217993918343627
1513 76 6.214478659011445
1514 75 2.2189326616737954
1514 76 4.601619991438618
1515 75 2.2197012398255285
1515 76 2.346716585428619
1516 75 2.220330498396221
1516 76 2.146177765994825
1517 75 2.220845691627688
1517 76 2.135871756185712
1518 75 2.2212674961660515
1518 76 2.1497616961470247
1519 75 2.22161284051254
1519 76 2.1668905118042168
1520 75 2.22189558454971
1520 76 2.1831453722632106
1521 75 2.2221270733048737
1521 76 2.1984864969893607
1521 77 0.0
1522 75 1.3580265369092448
1522 76 1.7973204670596286
1522 77 1.211935997677309
1523 76 2.061840324407343
1523 77 1.8439249362750507
1524 77 2.3613538184030234
1525 77 2.7849886723329536
1526 77 3.131831590602144
1527 77 3.4158025203506006
1528 77 3.6482983015925865
1529 77 3.838650531860688
1530 77 3.992408689567354
1531 77 4.031304210556477
1532 77 4.115529031454522
1533 77 4.188899545192214
1534 77 4.217380069227785
1535 77 4.498059371795182
1536 77 4.453166282330494
1537 77 4.517019100264804
1538 77 4.54989877538636
1539 77 4.576817735625493
1540 77 4.598857100821468
1541 77 4.616901402637926
1541 78 0.0
1542 77 4.631674833205755
1542 78 1.4399286042790498
1543 77 1.910521142737258
1543 78 2.190808591806063
1544 78 2.8055773845709777
1545 78 3.308907578240799
1546 78 3.7209993306175306
1547 78 4.058391701898426
1548 78 4.334625298370158
1549 78 4.560785695481861
1550 78 4.664238811563376
1551 78 4.80894155442098
1552 78 4.884112572409364
1553 78 4.63019878558424
1554 78 5.157155499892803
1555 78 5.2654580105253235
1556 78 5.322887389464951
1557 78 5.369906588304745
1558 78 5.408402652602015
1559 78 5.43992056453924
1560 78 4.438532195697881
1561 79 0.0
1562 79 0.8110598615630189
1563 79 1.2340035852435247
1564 79 1.5802806274228356
1565 79 1.8637883000259783
1566 79 2.0959047573366543
1567 79 2.2859456340512825
1568 79 2.4415379476887975
1569 79 2.5689262135948248
1570 79 2.6732228136731173
1571 79 2.758613647586434
1572 79 2.828525953292079
1573 79 2.881311035500095
1574 79 2.912154110123614
1575 79 2.8166761951741717
1576 79 2.988089769557865
1577 79 2.9306086945246754
1578 79 2.9877568297963206
1579 79 2.726370696014042
1580 79 3.051872836943491
1581 79 3.0545414958147723
1581 80 0.0
1582 79 3.094988689153222
1582 80 1.6520514014710304
1583 79 3.103926386949504
1583 80 2.5135473237315566
1584 79 3.111243955189228
1584 80 3.2188805308414477
1585 79 3.117235073442686
1585 80 3.796358544381808
1586 79 3.122140186268258
1586 80 4.269157581388808
1587 79 3.126156152280019
1587 80 4.733576257918405
1588 79 3.1294441481241533
1588 80 4.963691497431084
1589 79 3.1321361314396596
1589 80 4.9872137826541865
1590 79 3.1343401409669607
1590 80 5.35922721538451
1591 79 3.102661814489568
1591 80 5.354953900204968
1592 80 5.495568504193497
1593 80 5.8390004434478096
1594 80 5.962103978927587
1595 80 6.042320309951057
1596 80 6.107995561989048
1597 80 6.161765902038771
1598 80 3.645189779990524
1601 81 0.0
1602 81 0.8031215949918852
1603 81 1.2219257484214465
1604 81 1.5648135968045016
1605 81 1.8455464385678861
1606 81 2.0753910384892125
1607 81 2.2635718974948866
1608 81 2.4176413458799733
1609 81 2.543782739428115
1610 81 2.6470585681338363
1611 81 2.731613737593679
1612 81 2.800842517357929
1613 81 2.8547122741036874
1614 81 2.8202010213707833
1615 81 2.8504753737824995
1616 81 2.9393971693978456
1617 81 2.9048774096793655
1618 81 2.8879759958518103
1619 81 2.772115351065649
1620 81 3.019685985983882
1621 81 3.0383228037161025
1621 82 0.0
1622 81 3.064378234890006
1622 82 1.4150267410716957
1623 81 3.073290240561149
1623 82 2.1529213121917623
1624 81 3.080582742594592
1624 82 2.7570583366879213
1625 81 3.086553268979817
1625 82 3.2516838071319736
1626 81 3.091441517078478
1626 82 3.656649016728481
1627 81 3.0954436753650056
1627 82 3.988206949240315
1628 81 3.098720364825968
1628 82 4.259663712119054
1629 81 3.1014030917719313
1629 82 4.481920695236946
1630 81 3.1035995224256014
1630 82 4.483197916740701
1631 81 2.766144903543667
1631 82 4.759441105799837
1632 82 4.797011783384633
1633 82 4.545384898420023
1634 82 5.116530261866054
1635 82 5.174732454949564
1636 82 5.23110878179013
1637 82 5.277265106483891
1638 82 5.315054694145825
1639 82 5.345994190427754
1640 82 4.611840958660121
1641 83 0.0
1642 83 1.2585003431477892
1643 83 1.9147710313959079
1644 83 2.4520800725781298
1645 83 2.891991450788688
1646 83 3.2521604055366224
1647 83 3.5470419607939303
1648 83 3.7884705516264177
1649 83 3.986136376765348
1650 83 4.147974507722637
1651 83 4.176651514725052
1652 83 4.365127851604091
1653 83 4.343829479448357
1654 83 4.100942973084713
1655 83 4.591365675056751
1656 83 4.68297862093023
1657 83 4.692314414015413
1658 83 4.72614030100289
1659 83 4.7538345631907175
1660 83 4.776508704853442
1661 83 4.795072718839119
1661 84 0.0
1662 83 4.341129423511996
1662 84 1.2531826737512344
1663 84 1.9066806868449993
1664 84 2.4417194156853936
1665 84 2.879772107725794
1666 84 3.2384193576645686
1667 84 3.5320550464125504
1668 84 3.772463274693374
1669 84 3.9869826865298226
1670 84 4.107519197641851
1671 84 4.057141430602547
1672 84 4.294740826770623
1673 84 4.315394726030951
1674 84 4.133225922286524
1675 84 4.5891560696623515
1676 84 4.631596668622768
1677 84 4.672706488352622
1678 84 4.706349935886423
1679 84 4.733894781150219
1680 84 4.7564465885209986
1681 84 4.774910443745083
1681 85 0.0
1682 84 2.928554966003001
1682 85 0.9534216553766196
1683 85 1.4506030819215527
1684 85 1.857660685040894
1685 85 2.190931260403319
1686 85 2.4637901605764414
1687 85 2.68718817239341
1688 85 2.870090833988819
1689 85 3.019838928354343
1690 85 3.142442257678861
1691 85 3.242822195821187
1692 85 3.3541850909142683
1693 85 3.270426547617787
1694 85 3.4383410024833694
1695 85 3.392149509059986
1696 85 3.4324758050063164
1697 85 3.2119556359526324
1698 85 3.54988896514054
1699 85 3.5817672320337564
1700 85 3.614612912526818
1701 85 3.6294024782161527
1701 86 0.0
1702 85 3.6415107916205294
1702 86 1.0056152997269234
1703 85 3.6514242243897486
1703 86 1.5300139273737514
1704 85 3.659540655268589
1704 86 1.9593552275378305
1705 85 3.666185826607152
1705 86 2.310870156783428
1706 85 3.6716264327349974
1706 86 2.5986662426916114
1707 85 3.662120216384573
1707 86 2.834293695030727
1708 86 3.0272092473987744
1709 86 3.185155088265801
1710 86 3.314470136133703
1711 86 3.428600670050884
1712 86 3.5029483910572563
1713 86 3.392822929280391
1714 86 3.6026133588159053
1715 86 3.5838988384391337
1716 86 3.4373053375097373
1717 86 3.726809490744141
1718 86 3.745602158726881
1719 86 3.7935067347757023
1720 86 3.8125481172147
1721 86 3.828136219800923
1721 87 0.0
1722 86 3.8408986511526546
1722 87 0.6537915621967424
1723 86 3.851347641515579
1723 87 0.9947245290527955
1724 86 3.859902551057758
1724 87 1.2738568392940899
1725 86 3.8669067186026194
1725 87 1.5023910467253603
1726 86 3.8440942756873895
1726 87 1.6894989987670601
1727 87 1.8426901088776848
1728 87 1.968112342894926
1729 87 2.0707994199008377
1730 87 2.1548724738677327
1731 87 2.223705705474021
1732 87 2.2800615796729615
1733 87 2.3262016188004013
1734 87 2.363978372959497
1735 87 2.3949074132725356
1736 87 2.4245981125759517
1737 87 2.3202625473872125
1738 87 2.4552322533584454
1739 87 2.4390166249285103
1740 87 2.4042851034174375
1741 87 2.4218076446278376
1741 88 0.0
1742 87 2.2751835278393715
1742 88 0.3229209885010594
1743 87 2.489906842253294
1743 88 0.4913147745690774
1744 87 2.5115475908125884
1744 88 0.6291839449150302
1745 87 2.4989643600334412
1745 88 0.7420616757341432
1746 87 2.5141087481826907
1746 88 0.8344781615159063
1747 87 2.51782681010737
1747 88 0.910142361008666
1748 87 2.5208676014831766
1748 88 0.9720909658639694
1749 87 2.523357129279052
1749 88 1.0228101946543287
1750 87 2.5253953766523694
1750 88 1.0643355927127598
1751 87 2.527064151472182
1751 88 1.0983337069281314
1752 87 2.5284304284929333
1752 88 1.1261690123483445
1753 87 2.529549041434606
1753 88 1.1489586366427769
1754 87 2.530464884227742
1754 88 1.1676171919488996
1755 87 2.5312147128807667
1755 88 1.1828935258587872
1756 87 2.5318286206576737
1756 88 1.195400747723119
1757 87 2.5209000338167886
1757 88 1.2056407758024663
1758 88 1.2140246170644173
1759 88 1.2208887149343524
1760 88 1.226508552951848
1761 88 1.2311097047575208
1761 89 0.0
1762 88 1.2348767835427905
1762 89 0.5721875898489477
1763 88 1.237961023469782
1763 89 0.8705664943615222
1764 88 1.2404861999354129
1764 89 1.114858488120136
1765 88 1.242553669626704
1765 89 1.3148678589215954
1766 88 1.2442463190021247
1766 89 1.4786216826980754
1767 88 1.2376762719101437
1767 89 1.6126919600496203
1768 88 1.2675684721860732
1768 89 1.722459434611056
1769 88 1.2232389984958185
1769 89 1.8123294512374453
1770 88 1.1816519168198307
1770 89 1.8859087915189974
1771 88 1.2418327461869891
1771 89 1.9461504628995507
1772 88 1.2495908768281507
1772 89 1.9954721788902652
1773 88 1.2430771122935005
1773 89 2.0358533618523915
1774 88 1.2609757490476996
1774 89 2.0689146360771677
1775 88 1.2495276560830195
1775 89 2.0743365845736346
1776 88 1.2391707254565205
1776 89 2.1243754054041886
1777 88 1.2444473875141067
1777 89 2.1222318975496584
1778 88 1.2511416250880818
1778 89 2.065058704854384
1779 88 1.2123560859365157
1779 89 2.0823391355482275
1780 88 1.0724023291274478
1780 89 2.1732002970526696
1781 88 1.2348313562616677
1781 89 2.1228776713103086
1781 90 0.0
1782 88 1.2417077225510857
1782 89 2.1700659456105353
1782 90 0.49120704142001004
1783 88 1.2436137003544485
1783 89 2.1098237513260805
1783 90 0.747357048222978
1784 88 1.245114212162255
1784 89 2.0384782512954165
1784 90 0.9570749367133606
1785 88 1.2463427273254426
1785 89 2.13521945560724
1785 90 1.1287774200072342
1786 88 1.2465700650187885
1786 89 1.6851850477163803
1786 90 1.269355523938422
1787 88 1.2481710938980823
1787 89 1.3462540524783526
1787 90 1.3844511388351282
1788 88 1.2488461981467702
1788 89 1.2460060828812392
1788 90 1.4786834615894817
1789 88 1.2493982650412339
1789 89 1.221862668610967
1789 90 1.5558343634907152
1790 88 1.2498502207866573
1790 89 1.2099130415938602
1790 90 1.619000187012175
1791 88 1.250220245127881
1791 89 1.21323255544993
1791 90 1.6707159698671756
1792 88 1.2505231941539114
1792 89 1.2213787224480488
1792 90 1.7130572760728342
1793 88 1.2507712274583633
1793 89 1.2299119637525215
1793 90 1.7477234144147826
1794 88 1.2509742997905955
1794 89 1.2370782655609118
1794 90 1.7747252943303022
1795 88 1.2511405613309219
1795 89 1.242430641322091
1795 90 1.8181348077064692
1796 88 1.2512766847456913
1796 89 1.2461189242225148
1796 90 1.8343231193336647
1797 88 1.2513881331596028
1797 89 1.248504744212691
1797 90 1.8047391426378356
1798 88 1.2514793793977532
1798 89 1.249967450465311
1798 90 1.849250961715512
1799 88 1.2515540854960456
1799 89 1.2508223337531241
1799 90 1.878660470185871
1800 88 1.2516152496742559
1800 89 1.2513005138429276
1800 90 1.8625547716211572
1801 88 1.2516653266662103
1801 89 1.2515574579826985
1801 90 1.779921099396097
1801 91 0.0
1802 88 1.2517063262394459
1802 89 1.2516909348534553
1802 90 1.839899308495636
1802 91 0.37308726046878504
1803 88 1.2517398938506064
1803 89 1.2517589452471305
1803 90 1.8796012933811654
1803 91 0.5676412811294725
1804 88 1.2517673766857442
1804 89 1.2517940521577664
1804 90 1.8567125609804138
1804 91 0.7269286391719508
1805 88 1.2517898777280059
1805 89 1.251813528347599
1805 90 1.8229421821005782
1805 91 0.8573420986195858
1806 88 1.2518083000232014
1806 89 1.2518259703696328
1806 90 1.8744727894892248
1806 91 0.9641156081537291
1807 88 1.2518233829227472
1807 89 1.2518353343086683
1807 90 1.765058129322652
1807 91 1.051534364573821
1808 88 1.251835731756421
1808 89 1.2518432560299915
1808 90 1.768842790884319
1808 91 1.1231067883386374
1809 88 1.2518458421263206
1809 89 1.2518503077571232
1809 90 1.8217988328229469
1809 91 1.1817053316252784
1810 88 1.2518541197985944
1810 89 1.2518566341615665
1810 90 1.9413844787005854
1810 91 1.2296817654219838
1811 88 0.7552210564911609
1811 89 1.1587191170718214
1811 90 1.8934775931525085
1811 91 1.2689615385296813
1812 89 1.697013623204521
1812 90 1.8952232710400114
1812 91 1.3011210993421045
1813 89 1.5745749565371858
1813 90 1.8979646823378
1813 91 1.327451124823507
1814 90 1.899114559096935
1814 91 1.3490083331357188
1815 90 1.900054284774831
1815 91 1.3666578621651266
1816 90 1.9008236201435675
1816 91 1.3811081007391415
1817 90 1.9014534933078209
1817 91 1.3929389154257488
1818 90 1.9019691887693406
1818 91 1.4026252157765036
1819 90 1.9023914042120942
1819 91 1.4105556342367995
1820 90 1.9027370848831053
1820 91 1.4170485298039066
1821 90 1.9030201042247463
1821 91 1.4223644029163467
1821 92 0.0
1822 90 1.9032518209017844
1822 91 1.4267167480752942
1822 92 0.7956215514539774
1823 90 1.9034415344217026
1823 91 1.4302805123987814
1823 92 1.2105146551244252
1824 90 1.903596858692356
1824 91 1.424213715924045
1824 92 1.5502003574811851
1825 90 1.903724027471536
1825 91 1.404557025023334
1825 92 1.8283115410464823
1826 90 1.9038281444687595
1826 91 1.3535633136618792
1826 92 2.0560097357513873
1827 90 1.9039133882564891
1827 91 1.4380985935032773
1827 92 2.2424332604326693
1828 90 1.7298036998676953
1828 91 1.4394773048163159
1828 92 2.3950639089633365
1829 91 1.4362855984427718
1829 92 2.5200273360240435
1830 91 1.4078607690916047
1830 92 2.622338710302353
1831 91 1.4018034251709444
1831 92 2.7061041770926626
1832 91 1.4369222532563553
1832 92 2.7746855017653913
1833 91 1.4014187687790263
1833 92 2.8370310304352544
1834 91 1.304966000338489
1834 92 2.843411041690222
1835 91 1.3276651129828552
1835 92 2.7531457061807036
1836 91 1.4344868253125111
1836 92 2.9222082929823543
1837 91 1.4366414189540218
1837 92 2.8633775671444446
1838 91 1.438405778629699
1838 92 2.9196052222442357
1839 91 1.4398104300858836
1839 92 2.8620374098498504
1840 91 1.4408670362094806
1840 92 2.9901224060266913
1841 91 1.442000800845169
1841 92 2.0853480391142343
1841 93 0.0
1842 91 1.4427940310026808
1842 92 1.547843390741148
1842 93 1.3068970258606198
1843 91 1.4434431387149445
1843 92 1.416178634356051
1843 93 1.9884054882140676
1844 91 1.4439745600163885
1844 92 1.3852387326106406
1844 93 2.546377246066016
1845 91 1.4444096473775079
1845 92 1.387011812027495
1845 93 3.003205862317058
1846 91 1.4447658659273896
1846 92 1.3984323937478689
1846 93 3.37722566359001
1847 91 1.4450575127506242
1847 92 1.4111657320165152
1847 93 3.6834468606797057
1848 91 1.4452962928817643
1848 92 1.422119696908353
1848 93 3.9341597178371983
1849 91 1.4454917894816681
1849 92 1.4304471696516508
1849 93 4.139427923691761
1850 91 1.4456518485161873
1850 92 1.436293621577066
1850 93 4.261660363874862
1851 91 1.4457828937965616
1851 92 1.4401671788372343
1851 93 4.188228620457446
1852 91 1.4458901845932763
1852 92 1.442623193629415
1852 93 4.403665259577786
1853 91 1.4459780268656799
1853 92 1.4441287631676694
1853 93 4.4388068364055
1854 91 1.4460499460341587
1854 92 1.445028881278991
1854 93 4.369817424800139
1855 91 1.4461088284683548
1855 92 1.4455580675370996
1855 93 4.724285227124928
1856 91 1.4461570373361918
1856 92 1.445866700049697
1856 93 4.834763543351052
1857 91 1.446196507408613
1857 92 1.446047089924255
1857 93 4.876784321981257
1858 91 1.4462288227707871
1858 92 1.44615405580834
1858 93 4.911181930038126
1859 91 1.4462552803516902
1859 92 1.4462193218836938
1859 93 4.939344189193979
1860 91 1.4462769419825685
1860 92 1.4462609105262765
1860 93 2.9977151671067275
1861 91 1.375043665906227
1861 92 1.441405843406977
1861 93 1.580136462122027
1861 94 0.0
1862 92 2.201866407634902
1862 93 1.7507361157303993
1862 94 1.276537786515567
1863 92 1.4771537073440222
1863 93 1.9103069584570778
1863 94 1.9422143210334695
1864 93 2.830557716492112
1864 94 2.487224366281526
1865 94 2.9334409368913175
1866 94 3.298772083561815
1867 94 3.597879885901608
1868 94 3.842768723129799
1869 94 4.040455406114596
1870 94 4.212479966571379
1871 94 4.152732370870016
1872 94 4.40888586241812
1873 94 4.4159251394423675
1874 94 4.173875231812615
1875 94 4.677895090547807
1876 94 4.7166130692111015
1877 94 4.758952623426638
1878 94 4.793374798948419
1879 94 4.821557143142117
1880 94 4.844630888482527
1881 94 4.8635220696019985
1881 95 0.0
1882 94 2.888208236786006
1882 95 1.377114128897491
1883 95 2.0952387501280807
1884 95 2.6831892965184525
1885 95 3.164562489547501
1886 95 3.5586775476736325
1887 95 3.8813515322030496
1888 95 4.145535712458515
1889 95 4.384205031436054
1890 95 4.390480485928453
1891 95 4.6532984265006565
1892 95 4.669461607151663
1893 95 4.460057357594623
1894 95 5.035947154306876
1895 95 5.033096798809696
1896 95 5.088520857832546
1897 95 5.13388149481418
1898 95 5.171019581067564
1899 95 5.2014256707712345
1900 95 5.223805009081276
1901 95 0.37744358201158645
1901 96 0.0
1902 96 1.4042169825494886
1903 96 2.136474589124979
1904 96 2.7359964146823046
1905 96 3.2264755396357474
1906 96 3.625523109136875
1907 96 3.9962424147227664
1908 96 4.235489535032761
1909 96 4.460805613146652
1910 96 4.47135888465021
1911 96 4.740121632789819
1912 96 4.757942874335668
1913 96 4.695695826263437
1914 96 5.106449095763135
1915 96 5.135226735066107
1916 96 5.191167172365375
1917 96 5.236967224807799
1918 96 5.274465131285831
1919 96 5.305165820001869
1920 96 4.732680389337043
1921 97 0.0
1922 97 1.5147838558025633
1923 97 2.304698810696667
1924 97 2.951426510033122
1925 97 3.4809224686804807
1926 97 3.9144371389019956
1927 97 4.2693695264636276
1928 97 4.5838246792976465
1929 97 4.783482641319327
1930 97 4.81123631173138
1931 97 5.008349863570919
1932 97 4.78990977610913
1933 97 5.4055293015173
1934 97 5.468633658206927
1935 97 5.541856429992604
1936 97 5.601787089107708
1937 97 5.650854112001255
1938 97 5.691026789677743
1939 97 3.620591493344713
1941 98 0.0
1942 98 0.9068751179284195
1943 98 1.3797836693680434
1944 98 1.7669684529335106
1945 98 2.0839685456773878
1946 98 2.343506288516824
1947 98 2.555997770894096
1948 98 2.7299711761211882
1949 98 2.8724085090346563
1950 98 2.9890262213535235
1951 98 3.0845047473183693
1952 98 3.162675355319061
1953 98 3.1933706545627363
1954 98 3.207817914295071
1955 98 3.2609453743871084
1956 98 3.2861793134421777
1957 98 3.094834782178006
1958 98 3.3793829333847034
1959 98 3.395654529423852
1960 98 3.4352629571265285
1961 98 3.4498590793945683
1961 99 0.0
1962 98 3.461802960685651
1962 99 0.662060534935863
1963 98 3.4715817047258306
1963 99 1.007305519419512
1964 98 3.479587857959399
1964 99 1.2899682186395613
1965 98 3.4861427410586368
1965 99 1.521392867350813
1966 98 3.4915094253032195
1966 99 1.7108673454170575
1967 98 3.495903294736098
1967 99 1.8659959301444309
1968 98 3.4341019272209183
1968 99 1.9930044439850565
1969 99 2.096990278347186
1970 99 2.1821266417908376
1971 99 2.2518304006854484
1972 99 2.3088990096410904
1973 99 2.355622814702671
1974 99 2.3938771996629025
1975 99 2.425198204458902
1976 99 2.4444881320323377
1977 99 2.406164579250928
1978 99 2.4098820057972365
1979 99 2.4914898147282294
1980 99 2.4361266989832906
1981 99 2.492628811955073
1981 100 0.0
1982 99 2.33488979049995
1982 100 1.4161230867304881
1983 99 2.5128016826647595
1983 100 2.1545895735441323
1984 99 2.5448442544347074
1984 100 2.759194796666333
1985 99 2.505315535241147
1985 100 3.2542036742050158
1986 99 2.545500614872978
1986 100 3.6594827353404775
1987 99 2.5493358620298743
1987 100 3.9912971103647585
1988 99 2.5524758962877314
1988 100 4.272402995138447
1989 99 2.555046739622103
1989 100 4.430327350673269
1990 99 2.5571515681223893
1990 100 4.380344905693434
1991 99 2.558874855945671
1991 100 4.723717857478677
1992 99 2.5602857646829413
1992 100 4.744680100308249
1993 99 2.561440919056084
1993 100 4.684690549530315
1994 99 2.5623866794657513
1994 100 5.093737460931818
1995 99 2.563161002744227
1995 100 5.175270040899978
1996 99 2.5637949648579603
1996 100 5.232318792179869
1997 99 2.564314009140798
1997 100 5.279026359641068
1998 99 0.7367725443788009
1998 100 5.3172672733873
1999 100 5.348576301662593
2000 100 3.587111160963591
2001 101 0.0
2002 101 0.7131486547438329
2003 101 1.0850345811008728
2004 101 1.389509041045175
2005 101 1.6387916468174617
2006 101 1.842886984020717
2007 101 2.009986118800792
2008 101 2.1467953149337364
2009 101 2.258805217608017
2010 101 2.350511161947487
2011 101 2.42559370922238
2012 101 2.487065943350256
2013 101 2.5373954160794194
2014 101 2.5786020018880347
2015 101 2.6570208284460977
2016 101 2.56414977904149
2017 101 2.5986890580926376
2018 101 2.656686449375737
2019 101 2.607665539341774
2020 101 2.649520842610632
2021 101 2.4039948534731344
2022 101 2.6996847172670915
2023 101 2.707552801191128
2024 101 2.7252018546932235
2025 101 2.7389000712306526
2026 101 2.7435800782064956
2027 101 2.7474112820472
2028 101 2.750547988126684
2029 101 2.7531161035477196
2030 101 2.7552186981413143
2031 101 2.7569401568671936
2032 101 2.758349568026931
2033 101 2.7595034962756686
2034 101 2.760448252818045
2035 101 2.1197999178567732
