timeStep pedestrianId velocity-PID3
1 1 0.0
2 1 0.945267832755954
3 1 2.4758617532031946
4 1 3.533750530127203
5 1 4.273737604069718
6 1 4.05154406164767
7 1 4.860558408759207
8 1 5.28025743454668
9 1 5.491734683236453
10 1 5.632553591025378
11 1 5.0838028688440815
12 1 5.234555867209929
13 1 5.729257433240634
13 2 0.0
14 1 1.3665071252527994
14 2 1.049650735395478
15 2 1.5789415352774356
16 2 1.908973852863738
17 2 2.137287907667981
18 2 2.2998702987251
19 2 2.406925508096071
20 2 2.1712501819725296
21 2 2.142816129569828
22 2 2.4588833376341817
23 2 2.524702736071141
24 2 2.5688099174882355
24 3 0.0
25 2 2.599582570161221
25 3 0.660409046852926
26 2 2.621051917560219
26 3 0.9513788351192201
27 2 2.636030575039836
27 3 1.1510377708062833
28 2 2.6519226448919513
28 3 1.2898735657155227
29 2 2.6319245060855
29 3 1.3867360637303812
30 2 2.5934371603474267
30 3 1.4528762435265523
31 2 2.1739669494954486
31 3 1.501462737258268
32 2 2.1732983752043165
32 3 1.534345519760694
33 2 2.539947323444414
33 3 1.5537336694992592
34 2 2.588522274523695
34 3 1.4875662462907362
35 2 2.6133361124107313
35 3 1.2272014333296755
35 4 0.0
36 2 2.6198933418239805
36 3 1.3189355392369804
36 4 2.459540036944086
37 3 1.473808035693003
37 4 3.51058642887904
38 3 1.5242778582069094
38 4 4.245706652712959
39 3 1.5504485888490742
39 4 4.04828508164976
40 3 1.5685330934426596
40 4 4.552565057967502
41 3 1.5811502244756213
41 4 1.8721361511418968
42 3 1.5899529073104202
42 4 1.5160889425499489
43 3 1.5960943191604533
43 4 1.5309143375524323
44 3 1.60037904030362
44 4 1.562673874911656
45 3 1.6033683891273491
45 4 1.58955312808869
46 3 1.6054539700324537
46 4 1.6160471914413252
46 5 0.0
47 3 1.605988898383815
47 4 1.6564115687429506
47 5 0.6566583702670288
48 3 1.606833508010975
48 4 1.6335536549661158
48 5 0.948979918938964
49 3 1.6072863108106408
49 4 1.5721829272414896
49 5 1.1480266522830769
50 3 1.626830460731561
50 4 1.5607506002244598
50 5 1.2864993268848977
51 3 1.5723916501781072
51 4 1.5514626917245886
51 5 1.3831084278839267
52 3 1.455596410472704
52 4 1.4561548153904154
52 5 1.449088716623457
53 3 1.4637833760010397
53 4 1.3119057508794005
53 5 1.4975349756651326
54 3 1.460774191056821
54 4 1.3630534953833355
54 5 1.5303329751936117
55 3 1.562228754359153
55 4 1.6368150203583096
55 5 1.55000380633869
56 3 1.5798796904628005
56 4 1.7674657972137258
56 5 1.4874374720542938
57 3 1.589067734371261
57 4 1.596109534106438
57 5 1.2289990025304314
57 6 0.0
58 3 1.5954768124629373
58 4 1.584987962090646
58 5 1.3161143973648295
58 6 2.523342991795712
59 3 1.5999482273186714
59 4 1.593644719251025
59 5 1.4634025703727576
59 6 3.6007528543700813
60 3 1.603067821793016
60 4 1.6002612292417724
60 5 1.5194932953637772
60 6 4.3546791288786695
61 3 1.04498816807559
61 4 1.4124009911900153
61 5 1.5459204820343615
61 6 4.079981685331408
62 4 1.4869197844091837
62 5 1.56410043319617
62 6 4.362554841749289
63 5 1.5767841554937525
63 6 1.709181071553126
64 5 1.5856332951847085
64 6 1.5158593202899349
65 5 1.5918071313479367
65 6 1.5725261773820995
66 5 1.5961144464578279
66 6 1.745910460439286
67 5 1.598224900119765
67 6 2.328945493477716
68 5 1.5384180014741369
68 6 3.7414222795517533
68 7 0.0
69 5 1.5755580332375412
69 6 4.561413275985947
69 7 1.9888493743383966
70 5 1.5927987146796037
70 6 4.476611733168905
70 7 2.8660367058279252
71 5 1.5968133848298018
71 6 4.739095908879609
71 7 3.462007694139382
72 5 1.5994178984499168
72 6 5.460179340577223
72 7 3.8240359958551524
73 5 1.5813239342227128
73 6 2.5173540265930106
73 7 3.3512147305370017
74 5 1.4167718567059606
74 7 4.224446353445705
75 5 1.2056080644641323
75 7 4.414660132673973
76 5 1.2107886036612674
76 7 4.545539844042783
77 5 1.4759554850777283
77 7 4.64972388903122
78 5 1.5201375448513195
78 7 4.6297601143816935
79 5 1.5461634581979458
79 7 3.7704924450309814
79 8 0.0
80 5 1.56427023205291
80 7 4.362358194480532
80 8 0.5668945767402841
81 5 1.576902643632005
81 7 1.866578850436438
81 8 0.8003409013750403
82 5 1.5857159680510582
82 7 1.5075222039270306
82 8 0.9838726641442285
83 5 1.5918647986658108
83 7 1.520638798309744
83 8 1.1025452350052622
84 5 0.5318107097016458
84 7 1.045992443199067
84 8 1.185340288064298
85 7 1.2949839444130244
85 8 1.2431045153629479
86 8 1.2824996744596904
87 8 1.3115202562831039
88 8 1.3311479018446293
89 8 1.3437743108826468
90 8 1.3068179467461485
90 9 0.0
91 8 1.1688847468331847
91 9 1.4023128503051303
92 8 1.074838515301714
92 9 2.080999864647043
93 8 1.1180144797444558
93 9 2.5155639020277554
94 8 1.2759523440977516
94 9 2.819443837349001
95 8 1.3068826362877948
95 9 3.00654135992632
96 8 1.3279383391538544
96 9 2.6171285844674417
97 8 1.3425918077877086
97 9 2.936523292317091
98 8 1.3528151896059477
98 9 2.6602645848989734
99 8 1.359947794513367
99 9 1.4347585749446965
100 8 1.364924058815116
100 9 1.3037678189669435
101 8 1.3683958529773441
101 9 1.316859838238966
101 10 0.0
102 8 1.3708180579162725
102 9 1.3415319835204413
102 10 0.7141796222891468
103 8 1.3725079711662915
103 9 1.3589594378329735
103 10 1.0453062268475632
104 8 1.3736869872034894
104 9 1.3683826920214968
104 10 1.2639802847600605
105 8 1.3745095401831389
105 9 1.3728926871737552
105 10 1.416438183764106
106 8 1.374189924076483
106 9 1.3771264944598942
106 10 1.5228023479509405
107 8 1.3754838177352608
107 9 1.3698570603423057
107 10 1.5964217550746387
108 8 1.375761723742874
108 9 1.3719081346085682
108 10 1.6487884408616573
109 8 1.3757067401281993
109 9 1.3702719826040508
109 10 1.6843435371264548
110 8 1.361880970892967
110 9 1.3597885400587049
110 10 1.6524545317327326
111 8 1.283053716026736
111 9 1.2846588349722907
111 10 1.396316376671128
112 8 1.1556728494366293
112 9 1.1157306056706031
112 10 1.4564092067292067
113 8 1.209625826019653
113 9 1.0771634505442778
113 10 1.6008013950491553
113 11 0.0
114 8 1.297308353391703
114 9 1.1941819967732514
114 10 1.6727666147906424
114 11 2.323739749336129
115 8 1.3277539624522812
115 9 1.374840947464948
115 10 1.7017301251563264
115 11 3.319250160472425
116 8 1.3445970184731144
116 9 1.566831796397679
116 10 1.7218464769579989
116 11 4.013248705776701
117 8 1.3542153555502146
117 9 1.3859485919454466
117 10 1.735881179950655
117 11 4.0108531394311795
118 8 1.3609247205197186
118 9 1.3537375263422233
118 10 1.745672858541591
118 11 4.341455650341983
119 8 1.3656056364488987
119 9 1.3578759656895178
119 10 1.7525042854917123
119 11 4.939867445664784
120 8 1.368871389710896
120 9 1.364817297540732
120 10 1.757270401388748
120 11 3.640091827704477
121 8 1.3711498293053845
121 9 1.3694517438613576
121 10 1.7605956072775832
121 11 1.7483973144744012
122 8 0.9122112969824733
122 9 1.2402858417567122
122 10 1.762471220240241
122 11 1.686279195255584
123 9 1.6263228835831516
123 10 1.7721479096018058
123 11 1.7146006219532988
124 10 1.7656612607974107
124 11 1.731536596237763
124 12 0.0
125 10 1.7653881519765284
125 11 1.7430748912700396
125 12 1.407045177679058
126 10 1.6996198357822825
126 11 1.7110420000834108
126 12 2.0893510144077236
127 10 1.5708466616331407
127 11 1.5155531002848381
127 12 2.525553865534633
128 10 1.6041311139144858
128 11 1.3589919279351266
128 12 2.8307441690493764
129 10 1.706064238208199
129 11 1.6748812483741635
129 12 3.0153637595529292
130 10 1.7276100199627449
130 11 2.019783665803845
130 12 2.621206589152839
131 10 1.7399191887401064
131 11 1.7769932826907464
131 12 2.9599598383010126
132 10 1.7484902557670696
132 11 1.7383248487845637
132 12 3.258935583347145
133 10 1.7544699212661141
133 11 1.7470722479883953
133 12 3.3420630496791697
134 10 1.7586417924256932
134 11 1.755183114457839
134 12 3.4000593036137134
135 10 0.9887926604424154
135 11 1.4487997082465134
135 12 3.440521773243527
135 13 0.0
136 11 1.4307652642829207
136 12 3.4646960171454877
136 13 1.4235002939503378
137 12 3.474938667286126
137 13 2.1130675178902214
138 12 2.9635621162970365
138 13 2.5540493907655524
139 12 2.968862089057634
139 13 2.8628864697728127
140 12 3.4042405810857668
140 13 3.0392595363866652
141 12 3.4435330739689882
141 13 2.635519014403569
142 12 2.9185341112741807
142 13 3.039891298303291
143 13 3.29927845695331
144 13 3.38233679247148
145 13 3.4402845822688155
146 13 3.4807134010725536
146 14 0.0
147 13 3.5024495022981075
147 14 2.3537403439491116
148 13 3.5274683139145777
148 14 3.3614644714262765
149 13 2.9018446553173476
149 14 4.064523704754277
150 13 3.084191957460265
150 14 4.019458280662153
151 13 3.450255623180766
151 14 4.426615274512015
152 13 3.487676001062729
152 14 5.007433286723281
153 13 2.3048748564371184
153 14 5.212669827643867
154 14 5.348664695824508
155 14 5.348276021183869
156 14 4.334475461959144
157 14 5.421476346671035
157 15 0.0
158 14 4.015993891271032
158 15 0.4967913474573275
159 15 0.6869417672372348
160 15 0.8625431858846209
161 15 0.9665815388989346
162 15 1.039166465064085
163 15 1.089807109316081
164 15 1.1250238933739087
165 15 1.1497194858171176
166 15 1.1669842933404762
167 15 1.1789783737323212
168 15 1.1868782114982996
168 16 0.0
169 15 1.1734510605019721
169 16 1.4413035504165352
170 15 1.0968139115366298
170 16 2.137124238962198
171 15 0.8860209032633396
171 16 2.5828870948432416
172 15 1.0082648861352481
172 16 2.8954836626131795
173 15 1.0004888220497952
173 16 3.0613364189188648
174 15 1.125628092482227
174 16 2.4828352771801496
175 15 1.1502970096014544
175 16 1.537144291881847
176 15 1.167341614872865
176 16 1.1763786664900853
177 15 1.179232066747524
177 16 1.1221047392175558
178 15 1.1875277230371402
178 16 1.1430582579071455
179 15 1.1933153826794494
179 16 1.1695124439189968
179 17 0.0
180 15 1.19735332304503
180 16 1.1879133435202287
180 17 2.223139472322599
181 15 1.2001704969818114
181 16 1.199046330382218
181 17 3.177946830415624
182 15 1.2021359712398216
182 16 1.206880640379218
182 17 3.841592635839839
183 15 1.2035072374121094
183 16 1.2153381099508014
183 17 3.969250792841611
184 15 1.2044639355598028
184 16 1.2284286296511064
184 17 4.030731071516033
185 15 1.2051314040087948
185 16 1.2382330556491092
185 17 4.718713136180287
186 15 1.205597075422532
186 16 1.1877336164418635
186 17 4.8583416514229185
187 15 1.2053894257557445
187 16 1.2161398053678327
187 17 2.5047794356594038
188 15 1.2056343670298575
188 16 1.1281315428953305
188 17 4.224552775551396
189 15 1.1616005126463627
189 16 1.198927373477298
189 17 4.688585319380094
190 15 1.195661900097344
190 16 1.190779419549807
190 17 3.9399398049055843
190 18 0.0
191 15 1.1987633970794485
191 16 1.1930951455906775
191 17 4.905579376576891
191 18 1.0500608943524052
192 15 1.192893054518544
192 16 1.1883560676771852
192 17 5.057175396052631
192 18 1.5807927072551222
193 15 1.1326191656426117
193 16 1.1383409725695357
193 17 1.5748605052107802
193 18 1.9112134055574337
194 15 1.0367757856684885
194 16 1.0361162925250647
194 18 2.139772483608541
195 15 1.1112753354961937
195 16 0.9569168517669653
195 18 2.302572501236892
196 15 1.043166041025369
196 16 0.8939126381697374
196 18 2.4094936265835263
197 15 1.1571734471573232
197 16 1.1740318963563854
197 18 2.170210655920417
198 15 1.1720146724637983
198 16 1.2763590707640202
198 18 2.1516727183629216
199 15 1.182675960710522
199 16 1.3515353215115677
199 18 2.4594829143169457
200 15 1.1899310261756753
200 16 1.2184021557910003
200 18 2.5261770434569217
201 15 1.1949921672021007
201 16 1.1894640526430298
201 18 2.5707855923229794
201 19 0.0
202 15 1.198523183790079
202 16 1.1913756802020765
202 18 2.6019080403592745
202 19 2.8407168431912986
203 15 1.2009866829322529
203 16 1.1969803822326934
203 18 2.6236214191092158
203 19 4.051026354161312
204 15 1.2027054077064834
204 16 1.2009805797297282
204 18 2.6387703219405543
204 19 4.84839636842725
205 15 1.2039045210729122
205 16 1.203280451987073
205 18 2.646147963919638
205 19 4.398341472164199
206 15 0.5530009197666136
206 16 0.9673809662393077
206 18 2.655649409919517
206 19 5.748632312484905
207 16 1.46958683921398
207 18 2.568287399576584
207 19 6.0846332410298
208 18 2.1570320723780245
208 19 6.310400824686204
209 18 2.183334963431833
209 19 5.773906922294293
210 18 2.5394126546383657
210 19 2.9070729221536906
211 18 2.5837254368183773
211 19 2.532222150555138
212 18 2.610936245876731
212 19 2.546403344122341
213 18 2.6177361416064513
213 19 2.59411687152607
213 20 0.0
214 19 2.1065989785902937
214 20 2.3995962734550687
215 20 3.4259986597741428
216 20 4.142996681474368
217 20 4.029193286880177
218 20 4.577103788457882
219 20 5.1104971748354515
220 20 5.317796990765296
221 20 5.454257293411347
222 20 5.268851391058321
223 20 4.7215877367123955
224 20 5.544026394498923
224 21 0.0
225 20 3.0125559905981847
225 21 2.368892099483559
226 21 3.3818109145209796
227 21 4.089371033161834
228 21 4.026216666377745
229 21 4.471502007047247
230 21 5.041888169661081
231 21 5.247220669858554
232 21 5.377283306779982
233 21 5.33698286996982
234 21 4.416145405432715
235 21 5.460766796751764
235 22 0.0
236 21 3.7264568005592915
236 22 1.9002406872430948
237 22 2.748048947023611
238 22 3.318886354069064
239 22 3.6991266812169754
240 22 3.263513673987126
241 22 4.027047075647327
242 22 4.226350483584946
243 22 4.353827988601674
244 22 4.442323235558874
245 22 4.503364183493824
246 22 4.063292670009318
246 23 0.0
247 22 3.963730188274124
247 23 1.585076470513188
248 22 4.482431817765151
248 23 2.330406793018048
249 22 4.317482703017262
249 23 2.81464751441865
250 23 3.1574165038032405
251 23 3.1947582900787377
252 23 2.9067210048009233
253 23 3.54229237680867
254 23 3.6641519120075605
255 23 3.7480358204321886
256 23 3.8065597419710886
257 23 3.8522857517739286
257 24 0.0
258 23 3.8078931108991765
258 24 1.2870866362976363
259 23 3.137485859713719
259 24 1.9228832829230582
260 23 3.6219274588889014
260 24 2.3248084528094712
261 23 3.8185640963354057
261 24 2.6040568351118014
262 23 3.8557655784396956
262 24 2.7996982228568594
263 23 0.6871754200982452
263 24 2.5899577283883195
264 24 2.591264953760348
265 24 2.9757350847443296
266 24 3.0606739538105887
267 24 3.118618287073659
268 24 3.159044365940836
268 25 0.0
269 24 3.1872489374705837
269 25 0.3878117431895229
270 24 3.204572815321923
270 25 0.5320310341038195
271 24 3.1882994694123465
271 25 0.6719310215688336
272 24 2.7443833529863992
272 25 0.7529881277846173
273 24 2.7049467286583675
273 25 0.8095334552311547
274 24 3.1196363511597154
274 25 0.8489837906516091
275 24 3.1621968644954235
275 25 0.8765074022651547
276 24 3.1894485732632676
276 25 0.8957098991027876
277 24 0.8371658122737785
277 25 0.9084844050508116
278 25 0.9184598898526681
279 25 0.9249750117341917
279 26 0.0
280 25 0.9295237186037116
280 26 1.17421910124555
281 25 0.9326488357455907
281 26 1.764493526279735
282 25 0.9333679377784365
282 26 2.133311745416657
283 25 0.9134797443738444
283 26 2.388033548523931
284 25 0.8650126077290058
284 26 2.5700873041383314
285 25 0.7836832985296869
285 26 1.7134090773577852
286 25 0.8748899521722385
286 26 0.8165153902410716
287 25 0.8687025283356422
287 26 0.7000036071917108
288 25 0.8990056558422856
288 26 0.815695646821462
289 25 0.9169215160817248
289 26 0.884691227752943
290 25 0.9242424645972892
290 26 1.0794118498256458
290 27 0.0
291 25 0.929013554582814
291 26 1.0212024534815847
291 27 0.564927538403233
292 25 0.9323422277061983
292 26 0.9473302412268156
292 27 0.7972350343042128
293 25 0.9346645712739398
293 26 0.9291911055853235
293 27 0.9804340904367707
294 25 0.9362848058217798
294 26 0.9296099444268627
294 27 1.0986916978550862
295 25 0.937415204426069
295 26 0.9335724456886265
295 27 1.1811971156968935
296 25 0.9382038595428176
296 26 0.9369048719383105
296 27 1.2387594412832967
297 25 0.9387540844122962
297 26 0.939192296550358
297 27 1.277971988825209
298 25 0.9391379642195905
298 26 0.9410361310952793
298 27 1.3069386789671502
299 25 0.9394057884831796
299 26 0.9431999115710463
299 27 1.3266061941151497
300 25 0.9395926428481377
300 26 0.9465204867950205
300 27 1.3397833674963628
301 25 0.9397230059379296
301 26 0.9521351776669701
301 27 1.306493334481726
301 28 0.0
302 25 0.9398139576701856
302 26 0.9617653439901458
302 27 1.1732850291107089
302 28 1.829904824762499
303 25 0.9398774120826179
303 26 0.966400231132907
303 27 1.0621029474228434
303 28 2.655631915186395
304 25 0.9399216822293811
304 26 0.9279750408454155
304 27 1.111028927081576
304 28 3.2069151122793405
305 25 0.939941230241243
305 26 0.9196861422219649
305 27 1.2691880742555026
305 28 3.5897678259701356
306 25 0.9396834426398987
306 26 0.9289207438403201
306 27 1.3012120948365422
306 28 3.2017520183088335
307 25 0.939989156366359
307 26 0.9368273801769155
307 27 1.322602793404749
307 28 2.7694169552624075
308 25 0.9399995668015061
308 26 0.9387118843065407
308 27 1.3374148724817463
308 28 1.3794182741563707
309 25 0.9400058094230395
309 26 0.9383341785331978
309 27 1.3477489065180521
309 28 1.2772935540170725
310 25 0.939961500913014
310 26 0.9368479041333068
310 27 1.3549587152463682
310 28 1.2990104886127225
311 25 0.9388622577577114
311 26 0.9360788592763426
311 27 1.3599888306030257
311 28 1.328493576167331
312 25 0.9246111321819609
312 26 0.9253284944319137
312 27 1.363498222395479
312 28 1.3493833388374543
313 25 0.8743432515254014
313 26 0.8849213120044425
313 27 1.3659466423449702
313 28 1.3619817918133752
313 29 0.0
314 25 0.8340546762547649
314 26 0.83028408505608
314 27 1.3676548460626614
314 28 1.3707189812650602
314 29 2.8448394191756585
315 25 0.8148338458300088
315 26 0.7241016761336496
315 27 1.3688466177851875
315 28 1.3804994128153436
315 29 4.056890211863867
316 25 0.8408767143885435
316 26 0.7587109047656971
316 27 1.3696780897197147
316 28 1.3785869028452817
316 29 4.854091385040804
317 25 0.8299510488302551
317 26 0.6770658575186796
317 27 1.3689277089375156
317 28 1.3575818622849403
317 29 4.404036882566371
318 25 0.9019962359917242
318 26 0.9635464266721375
318 27 1.370662906532249
318 28 1.3659986355591303
318 29 5.75705238305403
319 25 0.9124686445850051
319 26 0.9245905411826667
319 27 1.3709444001529865
319 28 1.3675233533132902
319 29 6.093512931496102
320 25 0.9215127993040566
320 26 1.1742875722317565
320 27 1.3709836500152472
320 28 1.365604443877901
320 29 4.6442755912433835
321 25 0.9271104032049388
321 26 1.0023208536820924
321 27 1.3613757209358888
321 28 1.3563402455269176
321 29 1.4019520267953902
322 25 0.9310145274581549
322 26 0.9370382628884877
322 27 1.289591635176359
322 28 1.2873336028714615
322 29 1.23248091266496
323 25 0.9337382726921444
323 26 0.924888625700307
323 27 1.181398003063378
323 28 1.136161447627987
323 29 1.121388641861002
324 25 0.9356385553536585
324 26 0.9278466388623612
324 27 1.2430037216652174
324 28 1.1847122206232286
324 29 1.0627109342558936
324 30 0.0
325 25 0.9369643354253877
325 26 0.9326804993357404
325 27 1.2890344819104909
325 28 1.2984763860782353
325 29 1.1176415039823868
325 30 1.720410537097858
326 25 0.9378893001905277
326 26 0.9360804758871587
326 27 1.3287909878231332
326 28 1.3330104808136187
326 29 1.1620040586832985
326 30 2.510631135914656
327 25 0.9385346260088676
327 26 0.9379528008886932
327 27 1.3442348957635712
327 28 1.4295897081686748
327 29 1.5080697858132535
327 30 3.03164420082955
328 25 0.9389848544801066
328 26 0.9388775968447106
328 27 1.3525086071358
328 28 1.3649592035605633
328 29 1.6967053438879398
328 30 3.402127098484295
329 25 0.8375590500022697
329 26 0.9273466678498531
329 27 1.3582795183449177
329 28 1.353296650721744
329 29 1.397761007286918
329 30 3.1790842888125086
330 26 1.769149684285003
330 27 1.3623056867775056
330 28 1.3581268148946328
330 29 1.3428307742858894
330 30 3.3819358147869347
331 27 1.3651146436685797
331 28 1.3630748734516305
331 29 1.3503924576044617
331 30 3.83642850478507
332 27 1.367074381476848
332 28 1.3662553108520465
332 29 1.3601721805333402
332 30 3.960386056182061
333 27 1.0026380363066332
333 28 1.2743952824402858
333 29 1.3447463601680754
333 30 4.046868373982846
334 28 1.625701351031287
334 29 1.7533936382741881
334 30 4.122642168392881
335 29 1.5292079592003698
335 30 4.092053151702682
335 31 0.0
336 30 3.575362836160321
336 31 2.347257850010126
337 30 3.643367014236606
337 31 3.352304956689578
338 30 4.103606973546902
338 31 4.053427235503922
339 30 4.146796968696654
339 31 4.016250463307357
340 30 0.6403448170250046
340 31 4.406099828402457
341 31 4.992389962280663
342 31 5.197470424877897
343 31 5.333433857062683
344 31 5.338881492285554
345 31 4.32029028424177
346 31 5.4100262204935525
346 32 0.0
347 31 4.143663861013495
347 32 2.35961027679381
348 32 3.369948819983153
349 32 4.074817155205751
350 32 4.018266067742873
351 32 4.446617580298649
352 32 5.022915810950365
353 32 5.227820579915963
354 32 5.362538863307743
355 32 5.34848520984986
356 32 4.369702984828703
357 32 5.436428596914618
357 33 0.0
358 32 3.8817172290714894
358 33 1.365292002846792
359 33 2.031344479086183
360 33 2.455844956901088
361 33 2.752031700002681
362 33 2.947250456776755
363 33 2.597057183088322
364 33 2.812327698479458
365 33 3.1628437453794915
366 33 3.245360727684737
367 33 3.30293087498533
368 33 3.3430962080049658
368 34 0.0
369 33 3.3702541193200557
369 34 0.44408217821079077
370 33 3.357984347186813
370 34 0.6066774473400073
371 33 3.179367399613964
371 34 0.7706573818156862
372 33 2.6531810119955814
372 34 0.8636125668564961
373 33 3.2754234162211215
373 34 0.928465174698014
374 33 3.338171374848845
374 34 0.973711336158548
375 33 3.3676835261029803
375 34 1.00527847362477
376 33 1.0795051417043442
376 34 1.0266548222383516
377 34 1.0426751281281341
378 34 1.0533874974743984
379 34 1.0608613494404375
379 35 0.0
380 34 1.0657391645348804
380 35 1.1565923924767136
381 34 1.059501403859099
381 35 1.735051391573273
382 34 1.004537155161173
382 35 2.0977156120895892
383 34 0.8500307537478412
383 35 2.3480826389007117
384 34 0.8545762783714392
384 35 2.527240619840814
385 34 0.8508881899351536
385 35 2.586572986456993
386 34 0.9548577487726109
386 35 1.6071288314770646
387 34 1.0117576731787086
387 35 1.028122698619677
388 34 1.0322141679401184
388 35 1.1751724163137771
389 34 1.0460945238697195
389 35 1.0593655639155275
390 34 1.0557785169892906
390 35 1.0304167357130207
390 36 0.0
391 34 1.0625348089591102
391 35 1.041255789248484
391 36 1.500269280513827
392 34 1.067248515814924
392 35 1.0558250013466277
392 36 2.214431439273443
393 34 1.0705371573086835
393 35 1.065779581208892
393 36 2.675444444149162
394 34 1.072831563236349
394 35 1.0713077216586124
394 36 3.00021909603709
395 34 1.0744323166726193
395 35 1.074185379626627
395 36 3.1455656393176854
396 34 1.0755491240223234
396 35 1.0757606505739064
396 36 2.717982750785805
397 34 1.0763282932883016
397 35 1.0767662838792567
397 36 3.3418083484330654
398 34 1.0768719025114901
398 35 1.0775580246528218
398 36 3.468336208238397
399 34 1.0772511656677604
399 35 1.0783225307623692
399 36 3.5303754591171392
400 34 1.0775157636351715
400 35 1.079165091609403
400 36 1.6791187332652395
401 34 1.0776917209725834
401 35 1.080167369838467
401 36 1.264004969312479
402 34 1.0774041771398475
402 35 1.1311455520973186
402 36 1.709729563091255
402 37 0.0
403 34 1.077911544902083
403 35 1.0315281524159876
403 36 2.5513067255281614
403 37 2.139822366790534
404 34 1.0756284962790057
404 35 1.0169290101013873
404 36 2.813945015541035
404 37 3.06493509073293
405 34 0.9088013335653579
405 35 1.0191309186516526
405 36 3.152811931679352
405 37 3.70392042254726
406 34 1.0404700055043274
406 35 0.9855059206188702
406 36 2.8302418752447385
406 37 3.9687918833337665
407 34 1.0459676337757857
407 35 1.025953010799744
407 36 2.952662872006415
407 37 3.683010552947216
408 34 0.9978305799638743
408 35 1.0120634648888618
408 36 3.429512161423621
408 37 4.541045371217731
409 34 0.9681567092826486
409 35 0.9542413326581829
409 36 3.52504584715003
409 37 4.735421683110521
410 34 0.9076672098258491
410 35 0.8314799756443376
410 36 2.5826060572786753
410 37 4.871033432998243
411 34 0.9381614282525848
411 35 0.8504711618954107
411 37 4.94206234136486
412 34 0.9689054055010393
412 35 0.954013576492126
412 37 3.030019430699605
413 34 1.030944720596306
413 35 1.094928296480244
413 37 1.0201422581848614
413 38 0.0
414 34 1.046290912330758
414 35 1.1508323498974367
414 37 1.062819233338049
414 38 0.6895471363255108
415 34 1.0559396186179575
415 35 1.0972364554660936
415 37 1.0611505339784084
415 38 1.0006532084976267
416 34 1.0626475394188883
416 35 1.0724737829962332
416 37 1.3066539019383678
416 38 1.210054264343582
417 34 1.0673271978414631
417 35 1.0637598612111563
417 37 1.0764564750921257
417 38 1.3560085855458
418 34 1.0705920603340566
418 35 1.066575460471946
418 37 1.0438753567755938
418 38 1.4578375088916748
419 34 1.0728698688788323
419 35 1.0705949682636282
419 37 1.0520917201105715
419 38 1.527950938167329
420 34 1.0744590427048888
420 35 1.0734815972020053
420 37 1.0638233683388498
420 38 1.5784465697385706
421 34 1.0755677716876801
421 35 1.0752329057969765
421 37 1.0712956816475876
421 38 1.6129347099848577
422 34 1.076306053609239
422 35 1.076257564121551
422 37 1.0749889745783863
422 38 1.6179629511249725
423 34 0.2774358453207906
423 35 0.7532696577313976
423 37 0.9528042163818958
423 38 1.4605061389119844
424 35 1.403781116219742
424 37 1.201933786279728
424 38 1.313753667589947
424 39 0.0
425 37 1.7673165699808742
425 38 1.4065507419723733
425 39 1.9836209830179663
426 38 1.5855192646236922
426 39 2.859152203646124
427 38 1.6186797566123465
427 39 3.4536878178386106
428 38 1.641096910256497
428 39 3.8160499498751395
429 38 1.6567368276752692
429 39 3.353542948710353
430 38 1.6676484284843307
430 39 4.216165262003418
431 38 1.6752611916338054
431 39 3.900941715729907
432 38 1.6805724371674402
432 39 1.7951208584230374
433 38 1.6842779689545246
433 39 1.6111601834650193
434 38 1.6868632259367908
434 39 1.629875831608033
435 38 1.6876656921503383
435 39 1.656874991671912
435 40 0.0
436 38 1.6898184421775988
436 39 1.669052657299445
436 40 0.9641747992269055
437 38 1.6908006195906151
437 39 1.6787477983836834
437 40 1.4466651986080983
438 38 1.6903038960555121
438 39 1.680157717306827
438 40 1.7490503091476328
439 38 1.625917543955807
439 39 1.6369944655568218
439 40 1.9597607626391986
440 38 1.5064855752089847
440 39 1.4663741635281333
440 40 2.1071636094346426
441 38 1.5225882390125147
441 39 1.2957909251550959
441 40 2.2097115174825634
442 38 1.6205731545244
442 39 1.5315153817110734
442 40 2.209077556756572
443 38 1.647747383045499
443 39 1.8671948977650765
443 40 1.8670677179228876
444 38 1.6614883970931689
444 39 1.7506629062763805
444 40 2.040902851921338
445 38 1.6709637937536554
445 39 1.6648930157924346
445 40 2.2892573184526537
446 38 1.6775742665284705
446 39 1.6685147518951853
446 40 2.3374306373174867
446 41 0.0
447 38 1.682186219593218
447 39 1.6775254002381335
447 40 2.3705162707997096
447 41 0.9127164451086908
448 38 1.570289580800302
448 39 1.6659173334637176
448 40 2.3935993400766282
448 41 1.3776618462014318
449 39 1.9324823685594221
449 40 2.409703841886804
449 41 1.6656235892459583
450 40 2.420939585231596
450 41 1.8665238880940778
451 40 2.4464061120461063
451 41 2.0060524517546106
452 40 2.4213821582738118
452 41 2.1044622665503785
453 40 2.41038355565034
453 41 2.1437800129765914
454 40 2.1925229662069388
454 41 1.8422863456299736
455 40 1.848597135031948
455 41 1.9250725261475279
456 40 2.269732973787403
456 41 2.162170829138858
457 40 2.344047927353237
457 41 2.21434640842351
457 42 0.0
458 40 2.3751329993763646
458 41 2.249358694465005
458 42 0.8895442279408728
459 40 2.3968203387670273
459 41 2.2737859607210997
459 42 1.3310913841995755
460 40 2.326041402536491
460 41 2.290828248395185
460 42 1.6093186204886916
461 41 2.302718271102973
461 42 1.803431374851733
462 41 2.3110136431984016
462 42 1.9374998841817446
463 41 2.3149469818942974
463 42 2.0335907664114634
464 41 2.320833423518607
464 42 2.089474458739955
465 41 2.3124285160291573
465 42 1.865108209674719
466 41 1.9667923405192733
466 42 1.784232868964407
467 41 1.8151706816521815
467 42 2.055799506075776
468 41 2.1925140644315215
468 42 2.1296082326848356
468 43 0.0
469 41 2.2318290144083863
469 42 2.1664251670348764
469 43 1.8890803642965952
470 41 2.2615646424219165
470 42 2.192111471912533
470 43 2.7349526922019947
471 41 2.282301838016309
471 42 2.2100321940924896
471 43 3.30299200473614
472 41 2.296769603945457
472 42 2.2225350583837176
472 43 3.686539838191653
473 41 0.45601569674819314
473 42 2.23125801047404
473 43 3.2484653760949826
474 42 2.261588421287778
474 43 3.9923490180608154
475 42 2.2331037856369655
475 43 4.2023677030332465
476 42 2.224484206471261
476 43 4.3303991188641495
477 42 2.170663441914251
477 43 4.419641193950884
478 42 1.8075323849325047
478 43 4.481863934328705
479 42 1.8025979939436194
479 43 3.9876729361087224
479 44 0.0
480 42 2.117784387976687
480 43 2.433221170029524
480 44 0.5011080864476007
481 42 2.1633298752408603
481 43 2.234889377602533
481 44 0.6928419411554708
482 42 2.189953293317914
482 43 2.1353035170481665
482 44 0.8700389537774764
483 42 2.208526514799714
483 43 2.1737538983440268
483 44 0.9749811320620988
484 42 2.152695315016747
484 43 2.197604742068497
484 44 1.0481969014072001
485 43 2.0842502993989016
485 44 1.099277739294871
486 44 1.1347158388075667
487 44 1.1597511923439519
488 44 1.1771230982473235
489 44 1.1892493130748352
490 44 1.1969477050527053
490 45 0.0
491 44 1.178009837657835
491 45 2.4767779859762658
492 44 1.0951784322255587
492 45 3.559807528305612
493 44 0.8955257227861864
493 45 4.276340998674518
494 44 1.0935077451312385
494 45 2.459676401956207
495 44 1.1052154538796628
495 45 1.122197744044616
496 44 1.1659569242989694
496 45 1.1431860760509205
497 44 1.1820293144435516
497 45 1.330573759346016
498 44 1.1926495213883377
498 45 1.1852667293299273
499 44 1.2000590015771126
499 45 1.1791798180537294
500 44 1.205228406373902
500 45 1.1939475244538684
501 44 1.2088349746246372
501 45 1.2092343776876289
502 44 1.2113511837817386
502 45 1.2355019437574166
502 46 0.0
503 44 1.2131066928808774
503 45 1.3245892414511404
503 46 0.8378126302410851
504 44 1.2143314680077941
504 45 1.4300311034150388
504 46 1.2542913688357462
505 44 1.2151859693976452
505 45 1.1898100009292654
505 46 1.5164665393652144
506 44 1.2157821316997726
506 45 1.1101994249887785
506 46 1.699379688058544
507 44 1.2161980609970595
507 45 1.134414756870914
507 46 1.825059895858655
508 44 1.2164882420582581
508 45 1.172217904994429
508 46 1.9160268006917283
509 44 1.215695259195273
509 45 1.2023323790755034
509 46 1.9774874737338672
510 44 1.2168319421170068
510 45 1.2167894150734906
510 46 1.923597787368029
511 44 1.21693022062598
511 45 1.216576930621653
511 46 1.6135659862114624
512 44 1.2169669648411954
512 45 1.213532727722618
512 46 1.7588843417369207
513 44 1.215201320729222
513 45 1.2060113010217346
513 46 1.9868703237540264
513 47 0.0
514 44 1.1745790328012466
514 45 1.1868427126011214
514 46 2.0285415047509536
514 47 1.9920543222596458
515 44 1.1345684951019297
515 45 1.1163345849320214
515 46 2.0566422722188014
515 47 2.869622810384517
516 44 1.0722134416315814
516 45 0.9753850132092147
516 46 2.076247512018099
516 47 3.466383698688199
517 44 1.094329773766163
517 45 0.9201870625011898
517 46 2.0899256229825682
517 47 3.825872099600234
518 44 1.1672506544617962
518 45 1.1832163441674173
518 46 2.0994685167438716
518 47 3.358662366695021
519 44 1.1831208671456646
519 45 1.2683205196906493
519 46 2.1061263659304474
519 47 4.228735140275378
520 44 1.1955267674596546
520 45 1.4083692673319006
520 46 2.1080250274384995
520 47 4.419476748862649
521 44 1.2020681159871014
521 45 1.238967370472297
521 46 2.1516835123294484
521 47 4.550734019523426
522 44 1.20663019994137
522 45 1.2989788372187514
522 46 2.094391413442146
522 47 4.65493083220589
523 44 1.2098129878024635
523 45 1.329384067359053
523 46 2.0657719235321217
523 47 3.4625738088953715
524 44 1.2120335347281164
524 45 1.2348452278807107
524 46 1.9041780920294498
524 47 1.81200508474775
524 48 0.0
525 44 1.2135827559502477
525 45 1.2083136037830966
525 46 1.9117588134298669
525 47 1.677901970530409
525 48 0.9122363912948986
526 44 1.2146636104352884
526 45 1.2057910819449438
526 46 2.057388127513818
526 47 2.135857256474971
526 48 1.3693932174024588
527 44 0.8021684635666585
527 45 1.130033208165607
527 46 2.0817665748498144
527 47 2.2326906802917152
527 48 1.65562676450309
528 45 1.2399177337228335
528 46 2.093777630119299
528 47 2.0810621622023175
528 48 1.8553240415935244
529 46 2.1021560213860346
529 47 2.0872818656437295
529 48 1.993937152621237
530 46 2.108001385118128
530 47 2.1006788941319825
530 48 2.092011947809819
531 46 0.5593737868620144
531 47 1.2637844512918408
531 48 2.1358620683869893
532 47 1.2689226121903585
532 48 1.838796829378945
533 48 1.910483651088718
534 48 2.1458108144870605
535 48 2.1989896969743175
535 49 0.0
536 48 2.234416588957728
536 49 0.9479827635085667
537 48 2.2591331115042492
537 49 1.3980735329457776
538 48 2.276377214579031
538 49 1.6903015906000012
539 48 2.2884080358627434
539 49 1.8941252009393847
540 48 2.2968016324119045
540 49 2.0362616313541078
541 48 2.306846400558799
541 49 2.13562294496458
542 48 2.3071685570069
542 49 2.1588681135718226
543 48 2.3034977866802957
543 49 1.8538468493248146
544 48 2.030186496957822
544 49 1.9438913538705922
545 48 1.7615713260818098
545 49 2.197399770843538
546 48 2.05419167193879
546 49 2.249298253603445
546 50 0.0
547 48 2.2089889629147565
547 49 2.284181111287592
547 50 1.5424892284980822
548 48 2.241538892138121
548 49 2.3085180604824203
548 50 2.269298413451783
549 48 2.2641023709502526
549 49 2.325497360454025
549 50 2.763651249235614
550 48 2.2798441793153197
550 49 2.3373434185090582
550 50 3.0757470608131388
551 48 0.8347789523134188
551 49 2.3455976129872638
551 50 3.1799178441842946
552 49 2.3509279519111
552 50 2.775663320658009
553 49 2.3553201660792284
553 50 3.4385176725767708
554 49 2.314536803869309
554 50 3.561127217269805
555 49 1.9295570256567611
555 50 3.6449104271380546
556 49 1.8980670609700812
556 50 3.7033639849353355
557 49 2.2253081797260856
557 50 3.7548340829584124
557 51 0.0
558 49 2.2769821283477945
558 50 3.711552449142174
558 51 0.44589543513289964
559 49 2.303497306446972
559 50 3.263915089629786
559 51 0.6093087615886659
560 49 2.321994556848683
560 50 3.3016180221252385
560 51 0.7738305373763429
561 49 1.8503990701450903
561 50 3.7149728343986044
561 51 0.8671684555676712
562 50 3.7522449218808585
562 51 0.9322881689824744
563 50 2.1222705193282367
563 51 0.9777204813077874
564 51 1.0094177005941842
565 51 1.0307907250937995
566 51 1.046964000594298
567 51 1.0577241321620332
568 51 1.0652235948607087
568 52 0.0
569 51 1.0700680676803722
569 52 1.8691599002905888
570 51 1.0623171340427453
570 52 2.708733918859995
571 51 1.0053927157809752
571 52 3.2711938970441055
572 51 0.8549523313843862
572 52 3.4406034591093384
573 51 0.9808762983633451
573 52 1.2104569548581352
574 51 0.9963086061293155
574 52 0.7833946552347247
575 51 1.039591878718575
575 52 1.0493915945294159
576 51 1.0530000849605319
576 52 1.101517497732338
577 51 1.062415306255123
577 52 1.1985990669567017
578 51 1.068507194022891
578 52 1.0826274567691176
579 51 1.072757359769765
579 52 1.0634547804733272
579 53 0.0
580 51 1.0757225988936576
580 52 1.0676875266484596
580 53 1.431190649204327
581 51 1.0777913765406404
581 52 1.073687910181547
581 53 2.124848304260901
582 51 1.079234713485826
582 52 1.0777549269773974
582 53 2.5681722073743303
583 51 1.080241695726973
583 52 1.0803650860343323
583 53 2.8788552200841906
584 51 1.0809442427539544
584 52 1.0828323456318278
584 53 3.0650315417194043
585 51 1.081434393121039
585 52 1.087173770556092
585 53 2.646274582463221
586 51 1.081776359779603
586 52 1.0976664826307396
586 53 3.0775296401574472
587 51 1.0820149430148192
587 52 1.1249353682448613
587 53 3.3186158240678942
588 51 1.0821813936101445
588 52 1.1007142320575296
588 53 3.401852022317496
589 51 1.0822975234882435
589 52 1.0559470823672987
589 53 3.2138335767876325
590 51 1.081525678904339
590 52 1.0610886942485767
590 53 1.4965230263303375
590 54 0.0
591 51 1.0824352838786382
591 52 1.1187679753129511
591 53 1.5805881336782543
591 54 2.7846660337617726
592 51 1.0824739273940538
592 52 1.1077999977411468
592 53 2.3276212250512445
592 54 3.971390768831355
593 51 1.0824709545396123
593 52 0.9467236553049224
593 53 2.676290638031999
593 54 4.77179427016406
594 51 0.882400450167607
594 52 1.0597325174045735
594 53 2.9930820938983964
594 54 4.294507470631631
595 51 0.9840520986472755
595 52 0.905011593499451
595 53 2.742050687600035
595 54 5.628871147649219
596 51 1.0171271616150273
596 52 0.9810828408759178
596 53 2.914889918347199
596 54 5.960202368470553
597 51 0.9841357734807425
597 52 0.9649715598500692
597 53 3.3139601359486743
597 54 6.180899582318986
598 51 0.9105571180904917
598 52 0.8879927418279503
598 53 3.398605157553111
598 54 2.8979233971984524
599 51 1.0101904009983773
599 52 0.9339025389502389
599 53 2.969510163701923
599 54 0.8479728254903734
600 51 0.9514169007624272
600 52 0.9482176559605356
600 54 0.7718444397581621
601 51 1.0372232372858605
601 52 1.085285856503394
601 54 0.9028172775776674
602 51 1.0490735012974501
602 52 1.071242386151132
602 54 0.8862223315062612
602 55 0.0
603 51 1.0605390689514942
603 52 1.1145498836479504
603 54 1.0757483780254635
603 55 0.38346348303531963
604 51 1.067199568991693
604 52 1.0871809296901835
604 54 1.3697991741698996
604 55 0.5268898437218179
605 51 1.0718451395285191
605 52 1.07120965597946
605 54 1.1781184484517204
605 55 0.6643109085998161
606 51 1.0750861872523345
606 52 1.0720856928802291
606 54 1.0714442919855176
606 55 0.7444532131791629
607 51 1.077347367682802
607 52 1.0754501472152393
607 54 1.0604069535944536
607 55 0.8003574387632455
608 51 1.078924938443282
608 52 1.0780812430679703
608 54 1.0683323909467015
608 55 0.8393605028066846
609 51 1.0800255720890257
609 52 1.0797775687827817
609 54 1.0754329813745582
609 55 0.8665720295619079
610 51 1.08079345870752
610 52 1.0809627679628282
610 54 1.0796927482535732
610 55 0.8855568860235697
611 51 0.6599774265924717
611 52 0.9571490032176305
611 54 1.0501618295795951
611 55 0.8982423861372719
612 52 1.5077894502858318
612 54 1.5059121827178092
612 55 0.9080402511871614
613 54 1.571821098490345
613 55 0.9144902991568874
613 56 0.0
614 55 0.9189877459815319
614 56 2.365780571257868
615 55 0.9220921912155868
615 56 3.3785612935061993
616 55 0.923259009556868
616 56 3.088559586563981
617 55 0.9096149767892151
617 56 1.0403151145106475
618 55 0.8765328868755636
618 56 0.8022687624399467
619 55 0.8393113947247326
619 56 0.7471594491009446
620 55 0.869416836883561
620 56 0.7418150659753767
621 55 0.873495014543985
621 56 0.7264736195089619
622 55 0.8922634280490113
622 56 0.8870732451754556
623 55 0.9121062388434896
623 56 0.9081771777585296
624 55 0.917568268321772
624 56 1.139145265168046
624 57 0.0
625 55 0.9211358773040422
625 56 0.994399497461345
625 57 1.908337074059861
626 55 0.9236248223952775
626 56 0.9287857236647473
626 57 2.7599705671632444
627 55 0.9253612986368984
627 56 0.9190167819461195
627 57 3.33329948380723
628 55 0.9265727978146324
628 56 0.9248612091539136
628 57 3.713703610789263
629 55 0.9274180319668907
629 56 0.9417609751356155
629 57 3.2711302342356627
630 55 0.9280077316719147
630 56 1.0002595347738037
630 57 4.043139775187268
631 55 0.9283785920169809
631 56 1.4055432846649898
631 57 3.0186273109151767
632 55 0.9281550750295894
632 56 1.5979390926987396
632 57 1.8073454609674937
633 55 0.8154528232466816
633 56 3.007291620018309
633 57 1.034676740096358
634 55 0.8719071785792633
634 56 3.9524796427990645
634 57 1.0700476832573407
635 55 0.8797014240015978
635 56 4.48545281236605
635 57 2.384115201361933
635 58 0.0
636 55 0.8329904908260047
636 56 4.417326273735754
636 57 3.34630897957692
636 58 2.106066453401791
637 55 0.9044053295430236
637 56 4.360744670517603
637 57 3.7481125043463566
637 58 3.019454265922635
638 55 0.9119523132500429
638 56 5.171764070444555
638 57 3.87691334780889
638 58 3.648539163438587
639 55 0.9172176637640339
639 56 3.6502959886215187
639 57 3.2552244144808062
639 58 3.9529759715118087
640 55 0.9205035141611996
640 57 4.21746593074734
640 58 3.5701483127393
641 55 0.9232339308557187
641 57 4.361252747966146
641 58 4.470661849933224
642 55 0.9252382613074946
642 57 2.3511381211590683
642 58 4.663083248823951
643 55 0.9264894325085673
643 58 4.797308276192926
644 55 0.9273580573493199
644 58 3.600294325459545
645 55 0.9278974835889151
645 58 1.0289745189182529
646 55 0.9269328802337227
646 58 0.8227597227110351
646 59 0.0
647 55 0.910578154783228
647 58 0.8520410128849446
647 59 1.2127037523602917
648 55 0.8695144729583086
648 58 0.8165498811832108
648 59 1.8175230710864732
649 55 0.8360526457780709
649 58 0.7796303214962707
649 59 2.197425694472033
650 55 0.8398876516947262
650 58 0.731972150453389
650 59 2.4601787457539
651 55 0.8448767243753289
651 58 0.7063853584272423
651 59 2.6472061108816383
652 55 0.8514925508562572
652 58 0.781688529566813
652 59 2.643034023160469
653 55 0.9011597899995023
653 58 0.9188342166392272
653 59 2.2872627246794197
654 55 0.9094395191676585
654 58 1.0474608530141636
654 59 2.7817291192592006
655 55 0.9156780697850618
655 58 1.075338537719429
655 59 2.8782369772063534
656 55 0.919817886496652
656 58 0.9621570239077908
656 59 2.9374606900101727
657 55 0.9227053548928695
657 58 0.9190627876474959
657 59 2.9787796623981273
657 60 0.0
658 55 0.9247198197528345
658 58 0.915987059433152
658 59 3.0076069245279147
658 60 0.8915146777468342
659 55 0.9261252564466947
659 58 0.9204921034836064
659 59 3.025155925293563
659 60 1.333316851525903
660 55 0.9271057943277092
660 58 0.9244866518239905
660 59 3.0326867356581118
660 60 1.6120096230619225
661 55 0.9277898919552495
661 58 0.9268851150411851
661 59 2.933143592943036
661 60 1.8064469800330993
662 55 0.9282671705063117
662 58 0.9283551724588629
662 59 2.487979594620139
662 60 1.9407118226239786
663 55 0.9286001563851134
663 58 0.9302335817894418
663 59 2.655588995689307
663 60 2.0367386432734857
664 55 0.8170694895777836
664 58 0.9210634125568897
664 59 2.972600533565702
664 60 2.0931975072055913
665 58 1.6774934654529472
665 59 3.003295903222524
665 60 1.8601951491397923
666 59 3.0247113359199815
666 60 1.79563596391539
667 59 0.809751535022317
667 60 2.0625001770297433
668 60 2.132938955597709
668 61 0.0
669 60 2.1698870550670595
669 61 2.52305022685712
670 60 2.195664868505574
670 61 3.600345729689911
671 60 2.213649437640566
671 61 4.354235077079281
672 60 2.2261968448908793
672 61 4.076368012323512
673 60 2.234950874578207
673 61 5.0384126725096605
674 60 2.239551525771806
674 61 5.382460024506879
675 60 2.263689256045452
675 61 5.597385993017522
676 60 2.248331232463878
676 61 4.2721174190270075
677 60 2.1828355168197686
677 61 2.1432249555100698
678 60 2.0113833203180236
678 61 1.862688828677294
679 60 2.0304040265182137
679 61 1.8416552071731214
679 62 0.0
680 60 2.1989878173728683
680 61 2.3553410296791037
680 62 0.5777873506092427
681 60 2.2184770827394495
681 61 2.287614693383654
681 62 0.8193052020998132
682 60 2.2295653762554664
682 61 2.2145748477303506
682 62 1.0026628968350524
683 60 2.2373010421328043
683 61 2.227918570311274
683 62 1.1236019699885236
684 60 1.511862419243855
684 61 1.9613481093753893
684 62 1.2079781745337572
685 61 1.4956962141621237
685 62 1.2668443502175777
686 62 1.3073934209706277
687 62 1.3365698167973183
688 62 1.356560952026435
689 62 1.368223065163874
690 62 1.3196170179351159
690 63 0.0
691 62 1.1192094350065158
691 63 1.446185994054335
692 62 1.1520238069172524
692 63 2.1421541877510446
693 62 1.1539215911813585
693 63 2.5889168018694804
694 62 1.3107324811540013
694 63 2.902295649131064
695 62 1.3393455634217377
695 63 3.0668642547525247
696 62 1.3584975294137682
696 63 2.657962298218324
697 62 1.371859402909429
697 63 3.1346070505792873
698 62 1.3811816670549266
698 63 2.6130526454613006
699 62 1.3876855888231021
699 63 1.4308123366986978
700 62 1.392223231211981
700 63 1.328656690617308
701 62 1.3953890273732963
701 63 1.3455731614593167
702 62 1.397597715755204
702 63 1.3703625361489449
702 64 0.0
703 62 1.3991386744596486
703 63 1.387164462564636
703 64 0.7714668918377965
704 62 1.4002137664947214
704 63 1.396381505511424
704 64 1.1466669363585493
705 62 1.400567731525841
705 63 1.400792643482208
705 64 1.386358052161594
706 62 1.4000816598209154
706 63 1.3924908644766776
706 64 1.553577708623394
707 62 1.4018472434107083
707 63 1.3933826683304356
707 64 1.6692035361143784
708 62 1.4020828166152077
708 63 1.395004104674296
708 64 1.7516345697197473
709 62 1.3996926719559557
709 63 1.3932779399712718
709 64 1.808394198394607
710 62 1.338950506179323
710 63 1.3525572569250097
710 64 1.8326255604508532
711 62 1.2253872371441672
711 63 1.2292489304183924
711 64 1.6357362947341698
712 62 1.2776210171751163
712 63 1.1111203717149343
712 64 1.5271371149998818
713 62 1.22416873065961
713 63 1.090892876768647
713 64 1.6886988449554239
713 65 0.0
714 62 1.3463216107987537
714 63 1.3499443232142765
714 64 1.829547378469351
714 65 0.6714690503891884
715 62 1.365969391032155
715 63 1.6614139219056177
715 64 1.8631459093708542
715 65 0.9703321137745469
716 62 1.3770789045945842
716 63 1.4565795512108555
716 64 1.8862213646980748
716 65 1.1736305714290265
717 62 1.3848233333132804
717 63 1.3823634543744954
717 64 1.9023205661575429
717 65 1.3151915546940813
718 62 1.39022631996734
718 63 1.3810807063011485
718 64 1.913552617811804
718 65 1.4139554552724638
719 62 1.3939958193960613
719 63 1.3886231474662356
719 64 1.921388900237596
719 65 1.481427775610262
720 62 1.3966257208350914
720 63 1.3942467056394403
720 64 1.9268561177275934
720 65 1.530934639153508
721 62 1.199258623420026
721 63 1.3637682640690119
721 64 1.9306704621706487
721 65 1.5644435437703155
722 63 1.8195168248721598
722 64 1.9320570980396257
722 65 1.5807998706473492
723 64 1.935187531376135
723 65 1.4887590016001098
724 64 1.9356395270197067
724 65 1.2432817844403719
724 66 0.0
725 64 1.8550942757271027
725 65 1.34667609270052
725 66 1.4627243510204668
726 64 1.5178469572693036
726 65 1.5267456977252079
726 66 2.168158475360015
727 64 1.5318768736591424
727 65 1.5624199573476818
727 66 2.6200774717552577
728 64 1.8119877687958688
728 65 1.586440680692322
728 66 2.9375249763348568
729 64 1.8532569834446344
729 65 1.6031993665755095
729 66 3.097790092928912
730 64 1.8793365139922764
730 65 1.6148915050149648
730 66 2.668642815554253
731 64 1.8975173105684053
731 65 1.623048832863571
731 66 3.2238600150263026
732 64 1.9102015048921488
732 65 1.62874001116012
732 66 3.389970825245912
733 64 1.9152606056562984
733 65 1.632710600441989
733 66 3.4737811399041556
734 65 1.6354807885256084
734 66 2.843370013322018
735 65 1.6374134911027414
735 66 1.6608539598020187
735 67 0.0
736 65 1.649230600781143
736 66 1.5805434097495838
736 67 1.5888469762711173
737 65 1.6363496200872005
737 66 1.5861757089271835
737 67 2.331890850457185
738 65 1.6402908399603964
738 66 1.6141197823459827
738 67 2.8164085767575533
739 65 1.6364094036871337
739 66 1.6237195479149977
739 67 3.1593115220619903
740 65 1.5531617304172298
740 66 1.5604002441113658
740 67 3.1942046620902076
741 65 1.3971533225064763
741 66 1.3468969001610933
741 67 2.912720529590482
742 65 1.4380228482129407
742 66 1.2444926038818003
742 67 3.542643107006013
743 65 1.57048137685021
743 66 1.4845244330041256
743 67 3.6652228488769834
744 65 1.5938635380599275
744 66 1.8157098191539132
744 67 3.7495419445707374
745 65 1.6084078469365155
745 66 1.709483428621664
745 67 3.8083693747395966
746 65 1.6185255573797208
746 66 1.6154819034306092
746 67 3.8526722136987663
746 68 0.0
747 65 1.625584245507826
747 66 1.6161105495338173
747 67 3.7617629338397593
747 68 1.7453705340220647
748 65 1.6305089094577954
748 66 1.6252698865911612
748 67 3.112093195004407
748 68 2.5438302080307813
749 65 1.6110911023172247
749 66 1.6305019226982773
749 67 3.598135690213503
749 68 3.071768975282609
750 66 2.094916027584616
750 67 3.8305714899136145
750 68 3.4447117803694773
751 67 3.8649035650593873
751 68 3.185169223190546
752 67 0.7333085088525337
752 68 3.452025794970454
753 68 3.892360513863646
754 68 4.016384785704571
755 68 4.102913593580342
756 68 4.16057144377681
757 68 4.154252305152528
757 69 0.0
758 68 3.4927796694244706
758 69 1.6393158313255525
759 68 3.9020020759245218
759 69 2.4030525485363845
760 68 4.162897080577739
760 69 2.9020399635055556
761 68 3.9693860807077783
761 69 3.2560798830628532
762 69 3.1671203758901028
763 69 3.1552342166603866
764 69 3.663341887491791
765 69 3.7846438234108772
766 69 3.869247347931778
767 69 3.9281835958565385
768 69 3.9611518580488005
768 70 0.0
769 69 3.8370365378212568
769 70 2.599744201385336
770 69 3.094303336996007
770 70 3.7089094380174026
771 69 3.8866066167764854
771 70 4.484400412593375
772 69 3.9516218593083674
772 70 4.110236722010297
773 69 2.9616859812303056
773 70 5.2326892456072756
774 70 5.552407093535771
775 70 5.771699747032985
776 70 5.923390341682612
777 70 4.715051711789878
778 70 5.93797438525383
779 70 4.636426085696958
779 71 0.0
780 71 0.557553904033481
781 71 0.7855618276722928
782 71 0.9679299759705501
783 71 1.0846797138335644
784 71 1.1661329062813168
785 71 1.2229612125268243
786 71 1.2615380913366603
787 71 1.2902693864536583
788 71 1.3095654115042885
789 71 1.322493518099768
790 71 1.3026336442963622
790 72 0.0
791 71 1.1895552556543096
791 72 1.0582951724563834
792 71 1.0227196337363667
792 72 1.593698060873838
793 71 1.0895926858474128
793 72 1.9268162951242194
794 71 1.2386790181369667
794 72 2.1571094486201816
795 71 1.2792324025335886
795 72 2.321365785320558
796 71 1.3023842281321953
796 72 2.4275148306805128
797 71 1.3180204740624082
797 72 2.1621734747091463
798 71 1.3289295127915521
798 72 2.1882795868863827
799 71 1.336540490370832
799 72 2.484422473569145
800 71 1.341850499902149
800 72 2.549978494912459
801 71 1.3455551560744434
801 72 2.5908652457917123
802 71 1.34813979970634
802 72 1.7817895269048374
802 73 0.0
803 71 1.349943051869715
803 72 1.3326621753552055
803 73 1.4531700078547625
804 71 1.3512011407166291
804 72 1.2998746729781383
804 73 2.14389800253544
805 71 1.3520788733145603
805 72 1.317269513780585
805 73 2.5910412836796928
806 71 1.3518890787671534
806 72 1.3349004742720285
806 73 2.904658597780672
807 71 1.3531155978466975
807 72 1.3461507034588611
807 73 3.0677847656820556
808 71 1.3534164152897268
808 72 1.344954533551909
808 73 2.658600406851944
809 71 1.353597564973122
809 72 1.3482510688367468
809 73 3.1399963009978125
810 71 1.3520463660005961
810 72 1.346662013964763
810 73 3.3498921129453176
811 71 1.2900529621473975
811 72 1.3152830340265043
811 73 3.4334135279415845
812 71 1.189919051220782
812 72 1.2053905469298296
812 73 3.4916844458308707
813 71 1.197549780940918
813 72 1.0484500514244215
813 73 3.532336504581523
813 74 0.0
814 71 1.1451129641354658
814 72 0.9869970816417877
814 73 3.557236798034777
814 74 1.275155893605206
815 71 1.2903085744821123
815 72 1.260043936831371
815 73 3.4456643614336784
815 74 1.9061020153366377
816 71 1.3106470076642636
816 72 1.4701733646575461
816 73 2.058533838590023
816 74 2.3045196003670165
817 71 1.323821387859597
817 72 1.4621283752288807
817 73 1.5667972399965642
817 74 2.581015568074898
818 71 1.3329769704874248
818 72 1.3506131692956849
818 73 1.5647813850633303
818 74 2.7774397382283444
819 71 1.3393643330814353
819 72 1.3325066910909216
819 73 1.3176500784570462
819 74 2.59789285575833
820 71 1.343820623238913
820 72 1.3373121294334551
820 73 1.2954940090171
820 74 2.5367157836228933
821 71 1.3469296679894365
821 72 1.3435471442095546
821 73 1.3157525998753314
821 74 2.944093384107947
822 71 1.349098776107266
822 72 1.3477007135143761
822 73 1.334254680488054
822 74 3.03000423833269
823 71 0.5528846942549638
823 72 1.0406270564173519
823 73 1.2367524020472498
823 74 3.0886394960362766
824 72 1.5075061371468526
824 73 1.385508801017825
824 74 3.1295480065787027
824 75 0.0
825 73 1.8503865170862706
825 74 3.1580889047066836
825 75 1.5321454168319353
826 74 3.1648143522695897
826 75 2.2558348859546777
827 74 3.1507337563860944
827 75 2.725073061709922
828 74 2.7983719510972738
828 75 3.056308182969211
829 74 2.652433862607773
829 75 3.1756521882048863
830 74 3.0855605362373355
830 75 2.753806044464327
831 74 3.132469872556209
831 75 3.4148152742918056
832 74 3.1601277297614305
832 75 3.5383074729859105
833 74 1.319073531071863
833 75 3.6221050870226947
834 75 3.6805687778661045
835 75 3.722932272090276
835 76 0.0
836 75 3.7080000128422332
836 76 1.7451315544331965
837 75 3.3000014646427425
837 76 2.5436418196200705
838 75 3.213470013028145
838 76 3.0715006590180747
839 75 3.6795824942450754
839 76 3.4455227867521474
840 75 3.7208179294715538
840 76 3.1841051042907123
841 75 2.4991685317756507
841 76 3.45489848177449
842 76 3.8915615034246396
843 76 4.015730852821625
844 76 4.102361036712545
845 76 4.160193703617549
846 76 4.15462798390491
846 77 0.0
847 76 3.47932627897513
847 77 2.5610124696766405
848 76 3.865971711773841
848 77 3.676256567777862
849 76 4.16600478129858
849 77 4.420455964348149
850 76 3.9827721128241196
850 77 4.103273883868058
851 77 5.1469352169156375
852 77 5.466678695859711
853 77 5.683806588021492
854 77 5.818256516650121
855 77 4.808410987289627
856 77 5.8177307036872
857 77 5.362006811858533
857 78 0.0
858 78 2.170974896592259
859 78 3.1066916747614655
860 78 3.7548322464381974
861 78 3.9724419358236798
862 78 3.8032021197308414
863 78 4.610141968645114
864 78 4.804979728775836
865 78 4.940913617708123
866 78 5.031674060574626
867 78 4.500554062408913
868 78 4.5319407751891365
868 79 0.0
869 78 5.046978204187906
869 79 2.679294555466023
870 78 2.875503359180267
870 79 3.8218192617768976
871 79 4.613675642757631
872 79 4.142838996133974
873 79 5.40697102616513
874 79 5.730093541305736
875 79 5.949763831179685
876 79 6.055459287240241
877 79 4.855438278940044
878 79 6.140861766946362
879 79 3.110880441396177
879 80 0.0
880 80 2.250712030243684
881 80 3.216854624191727
882 80 3.8888660657492706
883 80 3.9794081404969783
884 80 4.140339975891868
885 80 4.782471765651617
886 80 4.981551293084238
887 80 5.125112847250335
888 80 5.1920077167658665
889 80 4.236330010849595
890 80 5.129915528482837
890 81 0.0
891 80 5.245748189290756
891 81 0.9623292621662268
892 80 1.0192736917301537
892 81 1.4444438598817302
893 81 1.7463646766644245
894 81 1.956761274535736
895 81 2.1039392505303836
896 81 2.2063739347569697
897 81 2.2076778692789927
898 81 1.8645914316079593
899 81 2.0341874386087886
900 81 2.284822596534617
901 81 2.333233318109608
902 81 2.3664519170238165
902 82 0.0
903 81 2.3896278480667714
903 82 1.5491174243648183
904 81 2.4057971544572974
904 82 2.2776342731595642
905 81 2.417078091186198
905 82 2.773296900863323
906 81 2.422299318822683
906 82 3.086325921353509
907 81 2.4304388256808185
907 82 3.1829746083092627
908 81 2.431292097311286
908 82 2.7889158664886233
909 81 2.2164694268462326
909 82 3.451925158453693
910 81 1.860251255442833
910 82 3.5746940115981376
911 81 2.2340208972219213
911 82 3.658638202987574
912 81 2.351230518834517
912 82 3.717204100328097
913 81 2.3790696652782968
913 82 3.789323023895234
913 83 0.0
914 81 2.3984312561396623
914 82 3.7370790005933197
914 83 1.6170024654796549
915 81 2.3490703272346236
915 82 3.2397837573683073
915 83 2.3705010606625536
916 82 3.267103127637032
916 83 2.8628014586925805
917 82 3.7255904363383605
917 83 3.2120108592393732
918 82 3.763940844336523
918 83 3.179642898140046
919 82 1.9290525028818946
919 83 3.039255805325038
920 83 3.6081149040962495
921 83 3.729979320398175
922 83 3.814464179505319
923 83 3.8734075225994617
924 83 3.9026190834620853
924 84 0.0
925 83 3.8295109057695873
925 84 1.6001111284248117
926 83 3.1009064932424844
926 84 2.3503474197776724
927 83 3.818584873618291
927 84 2.838594987576597
928 83 3.8951807950269552
928 84 3.185003639304571
929 83 3.6199895697601194
929 84 3.1895092056719334
930 84 2.9675240489078667
931 84 3.5753554381718073
932 84 3.697068173792373
933 84 3.7811973317468133
934 84 3.839892279986216
935 84 3.872335813501196
935 85 0.0
936 84 3.824012607637579
936 85 0.9630075904055532
937 84 3.077069466104667
937 85 1.4486058073132517
938 84 3.7366729743178873
938 85 1.7513965419203752
939 84 3.855141586896329
939 85 1.962371765709891
940 84 3.8892870246849975
940 85 2.1100110693839036
941 84 0.2857798619658891
941 85 2.2127344599705934
942 85 2.2114757878352593
943 85 1.8660512235931201
944 85 2.0446369324431934
945 85 2.292417421414176
946 85 2.340588162105493
946 86 0.0
947 85 2.3737115115362255
947 86 1.2147005874619665
948 85 2.3968208985335386
948 86 1.8225700276423495
949 85 2.412943756018172
949 86 2.203527465514797
950 85 2.4241923012270297
950 86 2.467023190525386
951 85 2.4292520960375112
951 86 2.6545390020342827
952 85 2.437514369469106
952 86 2.642951192256325
953 85 2.4372577745211967
953 86 2.295532590712361
954 85 2.176844694123295
954 86 2.7923093218033763
955 85 1.8686078910276318
955 86 2.887416686797539
956 85 2.246218757573224
956 86 2.946445843376431
957 85 2.3518733839813004
957 86 2.987629091470682
957 87 0.0
958 85 2.3816176316833393
958 86 3.016361666776782
958 87 2.3559632867903995
959 85 2.4023369826126593
959 86 3.0319614168919355
959 87 3.3645537941240473
960 85 2.286298998328526
960 86 3.050388194478858
960 87 4.0683067541092095
961 86 3.008298711344364
961 87 4.018766738948858
962 86 2.4409757971485186
962 87 4.435906975090523
963 86 2.613604335491641
963 87 5.012840488386619
964 86 2.9594582977760586
964 87 5.218041366469152
965 86 2.9967796751376734
965 87 5.365848790473046
966 86 3.0227460359777183
966 87 5.296099230785199
967 86 0.7272965228148608
967 87 4.32352935399096
968 87 5.453418292852557
968 88 0.0
969 87 3.996962264717603
969 88 2.339169824350555
970 88 3.3409693991500977
971 88 4.039623546088781
972 88 4.0129723890516384
973 88 4.3855949778439385
974 88 4.977182298141141
975 88 5.181025636851582
976 88 5.317622525516602
977 88 5.335751466774895
978 88 4.266058761723417
979 88 5.391369704692078
979 89 0.0
980 88 4.329928491861095
980 89 2.415095707071396
981 89 3.447758587642731
982 89 4.169448067324539
983 89 4.0333787010807285
984 89 4.629686762762254
985 89 5.143644475596991
986 89 5.352136588451725
987 89 5.511129050404466
988 89 5.204576601678874
989 89 4.883699315510699
990 89 5.578975173710831
990 90 0.0
991 89 2.6848125387364963
991 90 2.376393594877993
992 90 3.393792993072192
993 90 4.103751567802678
994 90 4.022440384229998
995 90 4.5009125187106696
996 90 5.059886937375196
997 90 5.265867642917478
998 90 5.4206605972739625
999 90 5.32102456055117
1000 90 4.501985451974247
1001 90 5.483047991665851
1002 90 3.492092510515559
1002 91 0.0
1003 91 0.894314106590409
1004 91 1.3396743468448442
1005 91 1.6196958915405117
1006 91 1.8150602531933702
1007 91 1.9501296962103474
1008 91 2.0464675831048655
1009 91 2.1005587424668395
1010 91 1.8532487166792628
1011 91 1.8247121057151152
1012 91 2.083534974645686
1013 91 2.145966722383029
1013 92 0.0
1014 91 2.182227031139035
1014 92 1.458987889511381
1015 91 2.207524995568246
1015 92 2.1586157604546568
1016 91 2.2251747897827245
1016 92 2.6085972174689958
1017 91 2.237488624883745
1017 92 2.9246014166382825
1018 91 2.246079697555292
1018 92 3.0863666948183157
1019 91 2.249982842134568
1019 92 2.6673764520242393
1020 91 2.256243505316896
1020 92 3.1932423273073787
1021 91 2.2397138323877854
1021 92 3.3763462451217285
1022 91 2.168831034987158
1022 92 3.459396038993429
1023 91 1.7701997784290335
1023 92 3.517337913215349
1024 91 1.8091222886497804
1024 92 3.5576395699999033
1024 93 0.0
1025 91 2.134985677553842
1025 92 3.578257439013534
1025 93 0.3680175547660378
1026 91 2.1821867353672526
1026 92 3.50243985611745
1026 93 0.5085996765863876
1027 91 2.2074979036719737
1027 92 2.8185331345034754
1027 93 0.6372061685707212
1028 91 2.225155925066967
1028 92 3.433672018849695
1028 93 0.7141066482298442
1029 91 1.9257061916490312
1029 92 3.5495358441873974
1029 93 0.7677321716304966
1030 92 3.580228267169429
1030 93 0.8051454743644422
1031 92 1.2216147104296928
1031 93 0.831247761872709
1032 93 0.8494587958341854
1033 93 0.8620334374522551
1034 93 0.8709857907451279
1035 93 0.8772127855566845
1035 94 0.0
1036 93 0.8815273538238271
1036 94 1.0443374597143695
1037 93 0.8845328314277506
1037 94 1.5697828405628478
1038 93 0.8864406645068588
1038 94 1.8979022056161
1039 93 0.884041939474519
1039 94 2.124936928685784
1040 93 0.8491518544849521
1040 94 2.286530614472572
1041 93 0.8236113647701151
1041 94 2.1099728066489374
1042 93 0.7641447647404581
1042 94 0.9335072775315642
1043 93 0.8490606807378552
1043 94 0.7196028515623747
1044 93 0.8227852722744177
1044 94 0.6570766451765835
1045 93 0.8593210199107864
1045 94 0.782823947390565
1046 93 0.8716134993133884
1046 94 0.8534223125757004
1046 95 0.0
1047 93 0.8779467605811742
1047 94 1.023791248476593
1047 95 2.7007233465877216
1048 93 0.8820395439018043
1048 94 0.9918164881303324
1048 95 3.8521636534931343
1049 93 0.8848949794137876
1049 94 0.9071798780009892
1049 95 4.650377452495788
1050 93 0.8868871488888458
1050 94 0.8832012218868849
1050 95 4.1646117735253725
1051 93 0.8882770382641781
1051 94 0.8811585104158943
1051 95 1.9755498039056199
1052 93 0.8892467306891514
1052 94 0.8844432093045254
1052 95 0.9725263783607114
1053 93 0.88992326277927
1053 94 0.88766597908556
1053 95 0.9325599306539456
1054 93 0.8903952631907572
1054 94 0.8897391620467423
1054 95 0.9777178410302301
1055 93 0.8907245663876834
1055 94 0.9111597117425699
1055 95 1.1366001427346688
1056 93 0.8909543129062512
1056 94 1.1031582852152788
1056 95 2.0810423344679103
1057 93 0.8756226072224375
1057 94 0.9730670529111124
1057 95 3.1302715006239024
1057 96 0.0
1058 93 0.8459363588273064
1058 94 0.7997443215680503
1058 95 4.535885277812188
1058 96 1.2556451730606502
1059 93 0.8855300752842717
1059 94 0.8151073540405958
1059 95 5.144695186078769
1059 96 1.87841724557807
1060 93 0.8873302372418449
1060 94 0.8464384785216791
1060 95 4.609136420643526
1060 96 2.2710480857378212
1061 93 0.8885772243743565
1061 94 0.868681199669923
1061 95 5.483721851563258
1061 96 2.543157102838353
1062 93 0.8892734284011925
1062 94 0.8833102846926916
1062 95 5.943117633811352
1062 96 2.7372802793812787
1063 93 0.890073714112458
1063 94 0.8902371596256746
1063 95 0.5944554482080597
1063 96 2.622492515626171
1064 93 0.8905002411611371
1064 94 0.8914020950039703
1064 96 2.442622026612847
1065 93 0.8907978261322965
1065 94 0.8908626532465219
1065 96 2.897227307329911
1066 93 0.8910053923331106
1066 94 0.8900654699416757
1066 96 2.9834053807343737
1067 93 0.8911497305865603
1067 94 0.889275352755198
1067 96 3.041972043354101
1068 93 0.8912301746363955
1068 94 0.8882594001110502
1068 96 3.0828327323738205
1068 97 0.0
1069 93 0.8908470695367792
1069 94 0.8865589774863407
1069 96 3.1113402689833514
1069 97 1.2085836903547573
1070 93 0.8848178279614918
1070 94 0.8815049213813622
1070 96 3.1377263310818178
1070 97 1.8129472531344295
1071 93 0.8398186295712126
1071 94 0.8556608648987073
1071 96 1.5288453940920204
1071 97 2.1918934298847623
1072 93 0.8292112741896395
1072 94 0.80724978126939
1072 96 0.8243698970517098
1072 97 2.454066723021125
1073 93 0.7316122884807715
1073 94 0.7238193834848763
1073 96 0.7027106934910898
1073 97 2.6405623913383502
1074 93 0.8351700429539969
1074 94 0.7284697021805591
1074 96 0.6379946038058455
1074 97 2.6422774059513663
1075 93 0.7620396104421528
1075 94 0.7421310978260454
1075 96 0.6544199758356914
1075 97 2.277743905143044
1076 93 0.8377330294446484
1076 94 0.8339416976707724
1076 96 0.6453642882278647
1076 97 2.768829659935738
1077 93 0.8587403707908756
1077 94 0.8228412614973669
1077 96 0.7636578984488367
1077 97 2.869633148094195
1078 93 0.8690874700008413
1078 94 0.9345201201441921
1078 96 0.7112980301722788
1078 97 2.9291181698289592
1079 93 0.8759072978065668
1079 94 0.9582913129476308
1079 96 1.0737728742409953
1079 97 2.9706194609159455
1079 98 0.0
1080 93 0.8806172007242803
1080 94 0.9136682715738719
1080 96 1.0205369656255443
1080 97 2.999573925011742
1080 98 1.0701469943987743
1081 93 0.8839026943797577
1081 94 0.8858648205053019
1081 96 1.1170347977648971
1081 97 3.043678841837032
1081 98 1.6098592227427426
1082 93 0.8861948646163373
1082 94 0.8815006128785227
1082 96 0.9234880352314783
1082 97 3.009701704150372
1082 98 1.9463554926008995
1083 93 0.887794050785813
1083 94 0.883751583708881
1083 96 0.8770746732549268
1083 97 2.928168423241356
1083 98 2.178834136517593
1084 93 0.888909763519453
1084 94 0.8866848524484706
1084 96 0.8733611772331075
1084 97 2.4958524561142186
1084 98 2.344909983240595
1085 93 0.8896881694065562
1085 94 0.8887530668169109
1085 96 0.879681535322012
1085 97 2.6008844044865627
1085 98 2.4499637128781426
1086 93 0.8902312446023899
1086 94 0.889941681725139
1086 96 0.8856181952108928
1086 97 2.408398618687354
1086 98 2.1570129256986172
1087 93 0.8906101352473511
1087 94 0.8905695579375198
1087 96 0.8890784684652604
1087 97 1.0344330278490534
1087 98 2.232457290636117
1088 93 0.8906908952931591
1088 94 0.8909044519888162
1088 96 0.8906376050863635
1088 97 0.8391516961899816
1088 98 2.512490484949963
1089 93 0.25322737968461306
1089 94 0.65975372890477
1089 96 0.8184316695882269
1089 97 0.8038213590077063
1089 98 2.577409714252819
1090 94 1.4149095580419102
1090 96 1.076365206374483
1090 97 0.8377426432627177
1090 98 2.6213925730665686
1090 99 0.0
1091 96 1.939948398308119
1091 97 1.5506496625051112
1091 98 2.6520783685892373
1091 99 2.2766765686435813
1092 97 2.1572031079426726
1092 98 2.673487130056736
1092 99 3.252766446590347
1093 97 0.3082337603650831
1093 98 2.6884234994714586
1093 99 3.932568567595831
1094 98 2.6971012387210984
1094 99 3.994563599526715
1095 98 2.705906844567281
1095 99 4.216660531538935
1096 98 2.611922232775095
1096 99 4.837387482223839
1097 98 2.0885119312042972
1097 99 5.038268354529108
1098 98 2.391778951425676
1098 99 5.1940272234407985
1099 98 2.6203835450905792
1099 99 5.200164163367324
1100 98 2.6514274551294084
1100 99 4.144137271144257
1101 98 2.6730331354625316
1101 99 5.219329730562965
1102 98 1.7213299496645034
1102 99 4.297761561533787
1102 100 0.0
1103 99 1.4563799410093548
1103 100 1.3954344776308372
1104 100 2.073263447794968
1105 100 2.506279458642225
1106 100 2.808954909982258
1107 100 2.9977703862636775
1108 100 2.61455410728035
1109 100 2.9154567952595984
1110 100 3.2330587786383815
1111 100 3.3157831665639996
1112 100 3.373498057167712
1113 100 3.4137643350216242
1114 100 3.4662677914601194
1115 100 3.4466016176361087
1116 100 3.021402456496088
1117 100 2.9271450841598026
1118 100 3.3538339892984697
1119 100 3.400962266803836
1120 100 3.249488066750787
