timeStep pedestrianId x-PID4 y-PID4
1 1 1.201 29.201
2 1 1.715387435054311 28.52338218741743
3 1 1.9729689531118202 26.310044478764624
4 1 2.281382499268554 23.144658363299687
5 1 2.300804961326883 19.298343557436333
6 1 3.41590612190052 15.826642688798591
7 1 7.703440963839212 14.95870392622416
8 1 12.426093641334365 14.429310184697947
9 1 17.337842981986796 13.878284071196243
10 1 22.4042872496761 13.708204541051504
11 1 26.898947661168002 12.85233095875446
12 1 27.753139035995048 8.219316502917522
13 1 27.760151577641277 3.0629895814842474
13 2 1.4075776155564912 28.87685176668854
14 1 27.76247567726393 1.833135364721973
14 2 1.7812198884799726 28.009198349936923
15 2 1.9395497741210392 26.596998892179435
16 2 2.1308973490870975 24.88961116409957
17 2 2.2820445447879623 22.97199957635678
18 2 2.2896373113325876 20.90213023348219
19 2 2.3072547442420226 18.735968916476523
20 2 2.560285149280638 16.79829485466279
21 2 3.968383316478628 15.480529726386589
22 2 6.154019707903032 15.133628513303883
23 2 8.41209478586368 14.880375071533917
24 2 10.709618370055992 14.622691665489436
24 3 1.3172963702938751 29.000102997842745
25 2 13.034659353337197 14.361873045137239
25 3 1.70806903561802 28.552252339186015
26 2 15.378910773441666 14.098975851313291
26 3 1.8173299282738775 27.703011134023775
27 2 17.73655519555038 13.834542296594957
27 3 1.9325676260247653 26.67350663555208
28 2 20.11965735940684 13.702990081257761
28 3 2.061691825762876 25.519823953172455
29 2 22.488384343967972 13.698088728794863
29 3 2.2004755458690766 24.279501827070398
30 2 24.822341371340066 13.672853809261598
30 3 2.2820564087005026 22.97446061706484
31 2 26.686779701997203 13.079526857109382
31 3 2.286620045492146 21.623151859662205
32 2 27.626147976187845 11.363892815172315
32 3 2.2934484643264477 20.242257774786726
33 2 27.7503780434147 9.081318360931343
33 3 2.305893445517636 18.843952851606875
34 2 27.75660098628471 6.751656625141503
34 3 2.401533133274599 17.508563674932304
35 2 27.759265470659678 4.399655633213284
35 3 2.7652266808038135 16.465680209036712
35 4 1.7154528405579148 28.529933449164457
36 2 27.760896137069686 2.0417521894354698
36 3 3.6160484430580255 15.637929640464796
36 4 1.9712310998343385 26.331174570005683
37 3 4.894670285222928 15.28503392377476
37 4 2.2808562225407654 23.186854593629384
38 3 6.256906004851521 15.122902911090463
38 4 2.300156918347676 19.36576735075425
39 3 7.643608068689313 14.967310637034487
39 4 3.361893223368785 15.880442140466183
40 3 9.046486371232783 14.80991851180316
40 4 7.363387428116516 14.999544018625834
41 3 10.460646725636897 14.651237453567896
41 4 9.038086104058024 14.81421108249793
42 3 11.882683677437397 14.491704986149912
42 4 10.394960895990048 14.67034794887982
43 3 13.310208311910795 14.331510575344907
43 4 11.766136327837643 14.535166998573674
44 3 14.74156268751153 14.170864254846855
44 4 13.167282254937351 14.413637994503315
45 3 16.175598331030987 14.009985952921067
45 4 14.5946343597913 14.317325597313788
46 3 17.611487418878074 13.848792554126465
46 4 16.048105465477335 14.26417815939079
46 5 1.3169672910552408 29.000613518737044
47 3 19.05112173773935 13.719930982043127
47 4 17.53883634111668 14.275035291543414
47 5 1.7095999550667822 28.55889894404314
48 3 20.497265701169738 13.7156984612815
48 4 19.008993724235754 14.286002479858038
48 5 1.8174118892850122 27.71164896620594
49 3 21.943811528393503 13.709842649969527
49 4 20.420360393611382 14.185160814310844
49 5 1.9322395153262735 26.684825503422253
50 3 23.407936236090382 13.701688377321844
50 4 21.785821157279624 13.855569740213936
50 5 2.0609141054095304 25.534148281301345
51 3 24.822968128698058 13.68321409361458
51 4 23.173743786013205 13.702696169777319
51 5 2.19921299734695 24.297057159213505
52 3 26.113859940630302 13.460066906464691
52 4 24.484184329207537 13.68660491985256
52 5 2.281980607309978 22.99550631858384
53 3 27.130499142131494 12.622212044823856
53 4 25.658635747374063 13.565146314925245
53 5 2.2865244701764214 21.647732500016367
54 3 27.640402718930265 11.410425782916848
54 4 26.75618326862521 13.017149552225312
54 5 2.2932709011157226 20.270449345472187
55 3 27.746643148016283 10.00843951237269
55 4 27.550829746392374 11.776722473281371
55 5 2.305419740555583 18.87549882182325
56 3 27.753509598781708 8.58656437042572
56 4 27.747222680345157 10.198173315227402
56 5 2.3946221574102142 17.539780356810127
57 3 27.75651340671506 7.156406563986884
57 4 27.75568021959899 8.761699632081486
57 5 2.7413881896786707 16.48944300960989
57 6 1.7201233676463448 28.507826714181455
58 3 27.758350868783147 5.720478608409124
58 4 27.75945972379958 7.33521547313491
58 5 3.5873381211700437 15.66033748554191
58 6 1.9799499455024285 26.251730388361644
59 3 27.759643120400494 4.280525783672536
59 4 27.762819101434385 5.900939159989075
59 5 4.852026722332428 15.29262036695952
59 6 2.2818146140515307 23.025142588894894
60 3 27.76062522191268 2.8377650783219015
60 4 27.767438087105763 4.460711460477287
60 5 6.209603638780098 15.127813163235404
60 6 2.3023823869972584 19.10598534246243
61 3 27.761398077778342 1.8972760446046713
61 4 27.778627762989633 3.1895998191631247
61 5 7.592259573621908 14.972708757646362
61 6 3.5836968662602646 15.664808777264255
62 4 27.77862809289541 1.8513720131949023
62 5 8.991176414236957 14.815788692662931
62 6 7.452519776765564 14.99545391440145
63 5 10.401434251116058 14.657567535215035
63 6 8.983905535123911 14.85015901863711
64 5 11.819610844013344 14.49849573298448
64 6 10.346444816780032 14.781394319401192
65 5 13.243301843184565 14.33873843881278
65 6 11.761429467251231 14.8099895560321
66 5 14.670854217912842 14.178628815046231
66 6 13.320662664170941 15.00450572420149
67 5 16.094177802972442 13.970899506529177
67 6 15.395320432979323 15.303210767197156
68 5 17.452284716944607 13.701461447782208
68 6 18.756936524078387 15.107987300513292
68 7 1.6360355394719979 28.661997194674946
69 5 18.87020780744952 13.716442550994605
69 6 22.69234035649113 13.939289544013718
69 7 1.906953866509244 26.892653829056396
70 5 20.30372624829641 13.715368495713932
70 6 26.6405314350852 13.13665025975086
70 7 2.194116791204146 24.329255257239176
71 5 21.740849208925162 13.710258244189188
71 6 27.749076301669408 9.018040954906215
71 7 2.288350297573998 21.214873643107047
72 5 23.180302566344608 13.702165095342345
72 6 27.759259174341306 4.103890098610716
72 7 2.3442815982642853 17.77369575746153
73 5 24.60341121062155 13.686804483695436
73 6 27.76205913454598 1.838273204840255
73 7 4.231637398244124 15.421100037385797
74 5 25.86653317362665 13.512479136493852
74 7 8.00126517030819 14.926000527663295
75 5 26.79933930317883 12.958222628366372
75 7 11.949711833133415 14.483235961204391
76 5 27.471194736507705 12.100272978713873
76 7 16.015212866595274 14.0273120084634
77 5 27.73094537122505 10.797556690012417
77 7 20.186893554663975 13.696819414568706
78 5 27.75024626213792 9.42956905067647
78 7 24.353648412822867 13.681208118903204
79 5 27.754819830363168 8.038029454243194
79 7 27.44512597483795 12.2818428203602
79 8 1.2993015422630319 29.028620007089057
80 5 27.75723962035501 6.63018832495524
80 7 27.753236868090568 8.367828949512278
80 8 1.64531162689136 28.653671630833188
81 5 27.758829452023196 5.2109768361682045
81 7 27.75749400602271 6.687913378198374
81 8 1.7868709841622261 27.947411869354273
82 5 27.75999019930764 3.7838329369608497
82 7 27.759791757504843 5.3311453403385896
82 8 1.8855785963407892 27.06744528084609
83 5 27.760892717055754 2.3511549024328096
83 7 27.76180042180939 3.962571895923966
83 8 1.9962126201869543 26.08134134671633
84 5 27.761574515156642 1.8725257493052752
84 7 27.765058240709607 3.0211843341238525
84 8 2.115174055534295 25.021188635220536
85 7 27.765443423924353 1.8556988478020382
85 8 2.2399567696276943 23.90937505753889
86 8 2.282780047309875 22.755920007253085
87 8 2.2867547225265747 21.575558468615
88 8 2.2927310986727107 20.377540263593758
89 8 2.3022868702413346 19.168181135755326
90 8 2.3186375959107637 17.992158643632095
90 9 1.4928738094696365 28.789115793076288
91 8 2.523611532143935 16.96032443113364
91 9 1.8321046915852157 27.573479216617216
92 8 3.0733012110587734 16.164324241174448
92 9 2.0403715853324793 25.71219502158833
93 8 3.8435142393125696 15.516839448756954
93 9 2.2765613158606097 23.460541312690566
94 8 4.9652296286755915 15.27091540227694
94 9 2.289400514789745 20.923074341070482
95 8 6.133675445336022 15.136128252282985
95 9 2.3146985797949937 18.21730537891672
96 8 7.321373391353529 15.002921730567575
96 9 3.20412431516932 16.036272343027644
97 8 8.522173846121765 14.868214621168198
97 9 5.705129502559686 15.182024147146361
98 8 9.732119922059494 14.732498990240673
98 9 8.084405449476103 14.914774873291591
99 8 10.948446170430989 14.596075236436658
99 9 9.367355274019772 14.768313943043857
100 8 12.169219761130876 14.459122083209314
100 9 10.53299460833525 14.633660802815404
101 8 13.393102414507364 14.321855586113061
101 9 11.710219767958666 14.496628001126497
101 10 1.3297817646146195 28.981046343659475
102 8 14.619149493171138 14.184328495303243
102 9 12.909369235651711 14.355901013642864
102 10 1.7221178455319928 28.471914777898927
103 8 15.846703591155213 14.046592434071336
103 9 14.12394379198386 14.21205054410041
103 10 1.8333888944299066 27.53774268932795
104 8 17.07532289183506 13.908833498118478
104 9 15.346721311336411 14.065364472697977
104 10 1.9601731343214168 26.407247600295065
105 8 18.304663932735554 13.77086773873657
105 9 16.573312204999272 13.916399418794537
105 10 2.102207077092931 25.140390452418867
106 8 19.540279019659987 13.717410331525384
106 9 17.801766485307887 13.751940425718406
106 10 2.254487522075927 23.77835464939276
107 8 20.778209447348686 13.7138889948098
107 9 19.034233129051046 13.720353271146958
107 10 2.2840079035737024 22.341878367883915
108 8 22.01638539274772 13.70901171553094
108 9 20.268942253737166 13.71585432026528
108 10 2.2899939093941963 20.857980844758835
109 8 23.254499206013413 13.701588534516986
109 9 21.502185789305752 13.714099301998427
109 10 2.3005207599539146 19.34210821232046
110 8 24.48012362097345 13.688634216820393
110 9 22.725965432416032 13.705524176015004
110 10 2.3299225246375777 17.855189795061737
111 8 25.62835875712167 13.566160501008348
111 9 23.88213527820509 13.69821468022282
111 10 2.6301573285382376 16.63489655334795
112 8 26.59128175308808 13.172969848616507
112 9 24.88624825695691 13.68875416805205
112 10 3.5465132549686618 15.697663756318954
113 8 27.351106989766222 12.393320397083487
113 9 25.84244217823509 13.52900162424344
113 10 4.924748909435323 15.277968370433129
113 11 1.7013707687106119 28.574576589524543
114 8 27.668475736390747 11.269703763472313
114 9 26.774778735647487 12.994337464924278
114 10 6.420154835833179 15.104011149208207
114 11 1.9524201994876214 26.49833359178829
115 8 27.746021177410945 10.077243920009538
115 9 27.520912383505653 12.007252584833816
115 10 7.942165674913406 14.933276867347091
115 11 2.274100677094431 23.528378509831374
116 8 27.75264419089647 8.867124727209635
116 9 27.742414148845146 10.614609023366718
116 10 9.482169172583234 14.760531354418411
116 11 2.2954863917441233 19.916517986155526
117 8 27.75566850474954 7.648334659485004
117 9 27.753251709454318 9.36730237226296
117 10 11.034727121927753 14.586395127969856
117 11 2.87816517302527 16.35408774939668
118 8 27.757543191754753 6.423503845684499
118 9 27.756861459250388 8.148943946022788
118 10 12.596040559513003 14.4112578385502
118 11 6.574855356015025 15.088562643468197
119 8 27.758869652354267 5.194459488679387
119 9 27.759102458811213 6.926857631615842
119 10 14.163458320677337 14.23538489797451
119 11 10.992972219321533 14.592479393836378
120 8 27.75988105572151 3.96247565309786
120 9 27.760842833619964 5.6985232967601736
120 10 15.735142546144388 14.059066722701468
120 11 14.248701920733128 14.227867809017065
121 8 27.760690315042442 2.7284410720723686
121 9 27.76241538231606 4.466017730488687
121 10 17.30980194767421 13.882425130799884
121 11 15.812996118964895 14.057376963280072
122 8 27.76135192654654 1.9074511713746758
122 9 27.76425332763271 3.3497619860199856
122 10 18.88797634049364 13.722824142046985
122 11 17.32206215304875 13.896178019426756
123 9 27.764670777756233 1.8860714503243226
123 10 20.482888609454015 13.714668943729226
123 11 18.85516631933084 13.720466885748024
124 10 22.07197271629565 13.708748760731927
124 11 20.413540904708118 13.715365044916878
124 12 1.4943748894675961 28.787739267360855
125 10 23.66078699600541 13.698194161115373
125 11 21.982046998458614 13.686732966853988
125 12 1.8347967200060051 27.568013214414083
126 10 25.190003251026557 13.66144106344119
126 11 23.52197695497729 13.681817977895461
126 12 2.0435294368363355 25.699218239393012
127 10 26.53843185235629 13.236631356689106
127 11 24.88597365286656 13.683544237264277
127 12 2.277485720702628 23.438292202856157
128 10 27.48406711784798 12.145716320828113
128 11 26.091684801822943 13.478077782487606
128 12 2.289831870878429 20.890652365954633
129 10 27.737602884624735 10.631335155226724
129 11 27.245703579641443 12.508297039572902
129 12 2.315327681074395 18.176944748758753
130 10 27.75190000727199 9.07655187098569
130 11 27.739782944009757 10.758925241586454
130 12 3.2363418374528035 16.005074736535317
131 10 27.755920510780694 7.510629762430525
131 11 27.754731263938595 9.15970114835216
131 12 5.768903117373759 15.178735350221958
132 10 27.758117448998885 5.936990065798054
132 11 27.758945772038288 7.595214461083129
132 12 8.683621506608604 14.851394194933851
133 10 27.759582809929643 4.357967816598991
133 11 27.762106918442562 6.022852615545235
133 12 11.672700706794798 14.515823439772802
134 10 27.760662642536797 2.7751905717678556
134 11 27.765759044194905 4.443192034327663
134 12 14.713646743107898 14.174394308934788
135 10 27.761483367336556 1.8852775558274812
135 11 27.774331545511373 3.139300476774084
135 12 17.790787398827522 13.828953513183366
135 13 1.4986455759756674 28.78383819268762
136 11 27.774338967116645 1.8516117389408346
136 12 20.906912527210633 13.714497573404127
136 13 1.8338762154667836 27.54732437605777
137 12 24.034255655576604 13.689279762307875
137 13 2.045555418479686 25.65738101010902
138 12 26.641292239537695 13.12594363903788
138 13 2.2786314445294487 23.370583712279252
139 12 27.730288165459218 10.685955324016724
139 13 2.290317502709704 20.79401239044883
140 12 27.755408405505413 7.622241783228653
140 13 2.317564483317462 18.058814516261872
141 12 27.759318850264687 4.523064483693866
141 13 3.330046857428143 15.913795302573028
142 12 27.761322835433706 1.8963845480018495
142 13 5.959561321962566 15.158272730931785
143 13 8.910356098245558 14.826831573500703
144 13 11.935462769148911 14.487282764640742
145 13 15.012372418141908 14.141697756862492
146 13 18.12544151019064 13.792059214564999
146 14 1.704908221513677 28.564974935163733
147 13 21.27665487180733 13.713015633872745
147 14 1.9566673265319767 26.46162209398498
148 13 24.451224470917094 13.681961616386985
148 14 2.2768132317559817 23.453291037165613
149 13 26.9211729130908 12.833360626572107
149 14 2.296562294290899 19.79527301353563
150 13 27.744960818790073 10.182646022715556
150 14 2.99026319179811 16.24489621529512
151 13 27.75663575130653 7.077437909426503
151 14 6.795902741447311 15.066339862435436
152 13 27.759898519809546 3.938531204228523
152 14 11.274401223254838 14.563044992160323
153 13 27.76167325817194 1.8641445926223401
153 14 15.936438286727668 14.038954282693743
154 14 20.739279139806015 13.71434204790718
155 14 25.550859011697927 13.580234555913254
156 14 27.738461753179322 10.3503099368196
157 14 27.75696055410443 5.471016291818248
157 15 1.286557041151957 29.04951390410006
158 14 27.761119171510757 1.8566241820673302
158 15 1.579684426346387 28.711896270074618
159 15 1.7698066838554485 28.123607556622265
160 15 1.8561979903357417 27.35214080578164
161 15 1.9529958951350805 26.487619631135203
162 15 2.0570520355433337 25.558176495297666
163 15 2.1662031651248785 24.583442452248516
164 15 2.271586689703348 23.5764200548393
165 15 2.283395035704106 22.541739897119303
166 15 2.2870975779082166 21.491460559365308
167 15 2.2924393224253055 20.430393468929637
168 15 2.300490507954328 19.36223342078872
168 16 1.5029958362577318 28.779897077485874
169 15 2.313317762611859 18.306205367862823
169 16 1.836165754892887 27.526239985568093
170 15 2.441993342343718 17.32749539653408
170 16 2.050266280038363 25.61478138662647
171 15 2.676314524162123 16.56528128817797
171 16 2.279728409615884 23.30153587775736
172 15 3.3180754237139145 15.923730516139406
172 16 2.2906501948521334 20.695623468757432
173 15 4.0831267011539865 15.448874087147379
173 16 2.320056605950199 17.940577624216257
174 15 5.077496850327366 15.2551493480795
174 16 3.300213804929816 15.93246572835169
175 15 6.106249128330915 15.13918749726665
175 16 4.553002929123549 15.345611747113999
176 15 7.150309848265628 15.022083978110512
176 16 5.599423661078201 15.184565999006116
177 15 8.20500497995647 14.903784884045436
177 16 6.601966302073959 15.062932615173352
178 15 9.267117655431308 14.784635566334698
178 16 7.622812031131131 14.935631538778786
179 15 10.334406433641435 14.66490268879614
179 16 8.666711320874018 14.800874900262418
179 17 1.689456207782639 28.61030505117655
180 15 11.40530883657438 14.544783675479716
180 16 9.726136335784881 14.65720685138239
180 17 1.9386144334450908 26.625053691666167
181 15 12.47873034326186 14.424377119763246
181 16 10.794108310873794 14.50234348137133
181 17 2.2560503450522917 23.7825715460493
182 15 13.55391064045521 14.303781298360976
182 16 11.866928656145818 14.332429327548372
182 17 2.2926825200625336 20.325332241728198
183 15 14.63031512065923 14.183027714130834
183 16 12.944065142028457 14.142206208042795
183 17 2.5713188102765314 16.76388972197308
184 15 15.7075727797464 14.062156016409428
184 16 14.028033662840189 13.924646714138479
184 17 5.83221611042677 15.174408327212596
185 15 16.7854294967422 13.941235896582745
185 16 15.122942207171349 13.717078964636391
185 17 10.05248027297328 14.700028875518331
186 15 17.863704431252852 13.820284438126773
186 16 16.191899489601873 13.719599812881974
186 17 14.399103401417074 14.224961409932801
187 15 18.94404874356609 13.721508238014078
187 16 17.286371061529824 13.708702131309053
187 17 16.553077371003017 14.889996262854853
188 15 20.028657953971205 13.689857257858186
188 16 18.301628014010177 13.71987131576417
188 17 20.33754519208086 15.255712950327398
189 15 21.073844561349492 13.712894489703976
189 16 19.380661627829937 13.718385982685946
189 17 24.290611715662294 13.779447655471383
190 15 22.149930756651763 13.708369277128263
190 16 20.452358209011233 13.715146389614322
190 17 27.47116271159778 12.211701773020947
190 18 1.4078938539037704 28.876527748786046
191 15 23.22879793852182 13.701820502622974
191 16 21.526137580318697 13.711479897487447
191 17 27.75588221550905 7.805870510908319
191 18 1.7815560242837762 28.008480995019905
192 15 24.302347929722785 13.691076834605454
192 16 22.59564799581119 13.70684444097445
192 17 27.760537513616352 3.254415035215267
192 18 1.9400137163479847 26.594619374383853
193 15 25.320121258569856 13.634273205001804
193 16 23.62014244622978 13.701798786975715
193 17 27.76252836709919 1.8370419787091945
193 18 2.131568781696655 24.885226684268126
194 15 26.23073462638864 13.43066682384925
194 16 24.55260258722302 13.69268657078279
194 18 2.282062003716555 22.965320676613374
195 15 26.98492469496031 12.773785581761736
195 16 25.41014892724222 13.613168885403223
195 18 2.289820311458688 20.89301994827846
196 15 27.52091032302208 12.002969344438235
196 16 26.196510018757436 13.443195724164564
196 18 2.307337287369296 18.724546434454098
197 15 27.720089701207552 10.980737282419785
197 16 27.002776886677182 12.760262373418493
197 18 2.5634830774253685 16.788225461576996
198 15 27.747317255102637 9.926275543801475
198 16 27.572907025205684 11.763007876344663
198 18 3.9873802450997 15.475758242818232
199 15 27.752662788646617 8.86188060206903
199 16 27.741476217970728 10.5583630802582
199 18 6.175258208485254 15.13971428134341
200 15 27.755394210249285 7.790946161754874
200 16 27.75079054413032 9.461840699251093
200 18 8.434538346411667 14.88530255435119
201 15 27.75716026627982 6.715454661285273
201 16 27.755161337603187 8.391331974618867
201 18 10.733720627328035 14.626456897455888
201 19 1.7351304420842364 28.399274382923377
202 15 27.7584376822318 5.636784552264369
202 16 27.75758599594839 7.319096603887579
202 18 13.060734212473808 14.364450429136989
202 19 2.0217845731069506 25.858750051697204
203 15 27.759424909379646 4.555896988466509
203 16 27.759335792111877 6.241815680948794
203 18 15.407170547256394 14.100287788010082
203 19 2.28443792171721 22.22229944961656
204 15 27.760222019949225 3.473462415028856
204 16 27.760805739880595 5.160934158721305
204 18 17.767147797769148 13.834533174230225
204 19 2.328324437607958 17.858963418151664
205 15 27.76088598091614 2.389948549495846
205 16 27.76220513597553 4.077982656086354
205 18 20.1457206481337 13.715825872251289
205 19 5.295514756051034 15.2387416993265
206 15 27.761428682964045 1.8922480175920777
206 16 27.764081681190167 3.2073418087846863
206 18 22.535617480749078 13.685877615810917
206 19 10.436798762113161 14.65987619252203
207 16 27.76449567769288 1.884713718284724
207 18 24.847033823820762 13.67189104694973
207 19 15.87858457693598 14.047173895604653
208 18 26.69296410457626 13.070809387591698
208 19 21.547985075084004 13.710964984596014
209 18 27.651347873742615 11.355370284429164
209 19 26.70170962028948 13.045454472677177
210 18 27.751917331590498 9.072112687292213
210 19 27.74034925939939 10.644080530619782
211 18 27.757116804537056 6.746765607155654
211 19 27.75540363992648 8.365130317992419
212 18 27.75955188086851 4.396924247567743
212 19 27.75996429138656 6.0733718461778485
213 18 27.761087581300494 2.040962220634141
213 19 27.763228899249043 3.7386689442488046
213 20 1.710141034785575 28.549956538023192
214 19 27.7642345957651 1.8427301302522465
214 20 1.963022401187713 26.405176489219585
215 20 2.2791677484737334 23.338027937066194
216 20 2.2979822202842577 19.609378391608235
217 20 3.1538006840519115 16.085539919581294
218 20 7.135335287159813 15.028759778109013
219 20 11.705967636457649 14.514720051537877
220 20 16.462025502081566 13.98004716539063
221 20 21.36360620800826 13.713337758545874
222 20 26.098776467660024 13.459553309128513
223 20 27.74750940142609 9.543008119162181
224 20 27.758947896981486 4.553397475257254
224 21 1.7203550426239436 28.57737798192982
225 20 27.761937658129018 1.842098732129808
225 21 1.9632343113088946 26.459254760342
226 21 2.2783465332701085 23.431980939320006
227 21 2.2969088272357294 19.75159381930097
228 21 3.0325742440100374 16.203462322766075
229 21 6.888458848577493 15.051263825339435
230 21 11.39790137414451 14.54565179615461
231 21 16.090950342023916 14.019073749497785
232 21 20.919976235575398 13.700010611352537
233 21 25.720632074675137 13.541119769758664
234 21 27.742330434959698 10.11918591066937
235 21 27.757542133894763 5.204519334887641
235 22 1.6178375226978747 28.684984405702238
236 21 27.7613436454658 1.8507103688727398
236 22 1.8946831635471484 26.99732408045885
237 22 2.1701887061105363 24.53947281596798
238 22 2.2868630248936697 21.55475465931909
239 22 2.3146069007838554 18.22565624948788
240 22 3.651089149361082 15.610175870191977
241 22 7.2264676848800296 15.016436930228375
242 22 11.006410069826826 14.591835141886802
243 22 14.90036780158779 14.154449856048837
244 22 18.87517395795418 13.723582173397967
245 22 22.928155557557925 13.704237450463575
246 22 26.552859814505958 13.21957222517331
246 23 1.5381994682220126 28.748554462872907
247 22 27.745039672230828 9.857319355260323
247 23 1.856333946974732 27.35791106447699
248 22 27.757673125280192 5.823150500762026
248 23 2.089462448083641 25.2735416833605
249 22 27.76097463878694 1.9374174706118725
249 23 2.282808188476529 22.74774827626745
250 23 2.2961121530928255 19.90610456582419
251 23 2.506287757697114 17.038514036098746
252 23 4.5135915954690695 15.360883810851155
253 23 7.676895167222054 14.964327267593626
254 23 10.95404340498584 14.596404847130477
255 23 14.306232713816252 14.220209988221036
256 23 17.710731170033476 13.837839895689424
257 23 21.17523428475273 13.704784892437807
257 24 1.464861208567601 28.815614626657695
258 23 24.60225266979666 13.680588958107705
258 24 1.8166991298152582 27.711961780544264
259 23 27.19917148206285 12.571758550146274
259 24 2.0091014054886465 25.99209543070508
260 23 27.780694718052047 9.364313909136541
260 24 2.2417165536185553 23.91273855655226
261 23 27.78069477188003 5.927606222434655
261 24 2.286798040930031 21.56952102932591
262 23 27.780694826224188 2.457417201838907
262 24 2.3036259223101543 19.049848821467652
263 23 27.780694874816774 1.8389593237504842
263 24 2.5815461062786293 16.73551435783408
264 24 4.471531461260733 15.369196259063374
265 24 7.127163858899428 15.022546584001788
266 24 9.86464869140892 14.715896810606218
267 24 12.653925616270023 14.403141230290869
268 24 15.479380207320776 14.086516828584086
268 25 1.2669979514751224 29.082615077949654
269 24 18.33002821924401 13.766773022485852
269 25 1.477043056273288 28.80386179643275
270 24 21.213617504135474 13.711679934839003
270 25 1.7379788090670911 28.402378645944346
271 24 24.08293425094186 13.68207002286503
271 25 1.8066522268644822 27.80155262049045
272 24 26.5159687823891 13.256662736625143
272 25 1.8820024245859575 27.128065311495803
273 24 27.688265250532663 11.123055977465743
273 25 1.9630315299928327 26.40400505133844
274 24 27.752737615802737 8.316123595926594
274 25 2.0479913885310075 25.64465774039541
275 24 27.758009159939053 5.470151300070481
275 25 2.135687542866067 24.86069076548027
276 24 27.76042378172457 2.599648599704302
276 25 2.2253164170009883 24.05954995024527
277 24 27.76180749025887 1.846200639248431
277 25 2.280469080002457 23.24377623512417
278 25 2.2838032111656674 22.417169058360855
279 25 2.286792377646089 21.584696914398535
279 26 1.4377295969960158 28.84310569303132
280 25 2.2905510073090123 20.748134011267496
280 26 1.798722579877362 27.84987642973323
281 25 2.295921012749144 19.90876723672621
281 26 1.97568256927119 26.271722616056287
282 25 2.3034685580581336 19.06877000015292
282 26 2.1896025240468413 24.363696503686153
283 25 2.3141192176239644 18.246707222386114
283 26 2.284394435976324 22.21655772875282
284 25 2.409141477037755 17.47401667141806
284 26 2.2955228981766087 19.90350592527922
285 25 2.563178766882986 16.785727692589703
285 26 2.3060768121124235 18.361473871571505
286 25 3.0586749693055593 16.173776893588272
286 26 2.365863382829968 17.629046096437825
287 25 3.621178722884675 15.630774836293705
287 26 2.501026463526147 17.013712827239225
288 25 4.391783006330887 15.384157550979364
288 26 2.854028274363086 16.370027480176674
289 25 5.204390633513736 15.240378733924663
289 26 3.4202629587022586 15.810252594435697
290 25 6.031022127978614 15.147632195529564
290 26 4.301896832689854 15.402236706401622
290 27 1.2989364584297551 29.02920986891658
291 25 6.861923080525617 15.054426956506703
291 26 5.204930881541296 15.231234917164365
291 27 1.6434228945769844 28.65526465172013
292 25 7.695801884492543 14.960894158827912
292 26 6.051762587037553 15.132249679982358
292 27 1.786887888176676 27.952242182272485
293 25 8.531758031101292 14.867130689445
293 26 6.882182044564904 15.033485444420927
293 27 1.8852066167856563 27.07534609822715
294 25 9.369164454730184 14.773214960563502
294 26 7.712730602292814 14.932636256195748
294 27 1.9953978291648906 26.092682428026478
295 25 10.20757982310431 14.679167339007876
295 26 8.546483331294057 14.828626780302109
295 27 2.1138846986153257 25.0362287239137
296 25 11.046700925201536 14.585043874959103
296 26 9.38273888197516 14.72051964550046
296 27 2.238193213045445 23.92829704485194
297 25 11.88631447297489 14.490868148224298
297 26 10.220365134784922 14.607078831758388
297 27 2.282690599109027 22.778983323515096
298 25 12.72627068941838 14.396647936554508
298 26 11.058686953950884 14.48661631670943
298 27 2.286758809910874 21.602745547709997
299 25 13.566466094711531 14.302397728983589
299 26 11.897598247949068 14.356905252862752
299 27 2.2928049461998956 20.408815281911238
300 25 14.406827738548731 14.208120910477529
300 26 12.737588879593849 14.215146392094411
300 27 2.302511805602859 19.203049322425496
301 25 15.247306173730284 14.113832758598102
301 26 13.579903274542344 14.057598966635432
301 27 2.3184767959455823 18.027313708501225
301 28 1.5976148335057718 28.696008033886898
302 25 16.087865457917115 14.019531048417635
302 26 14.427021004897489 13.879735147359833
302 27 2.5168651879161437 16.990160763581873
302 28 1.88699230488568 27.07471610154227
303 25 16.928480813216854 13.925216893985848
303 26 15.281445387972603 13.717125820871473
303 27 3.043898905061256 16.19268585837116
303 28 2.153017747557312 24.699498434105053
304 25 17.76913493539469 13.830890919129741
304 26 16.116621761167053 13.718519939837082
304 27 3.797534545990805 15.535505978172132
304 28 2.285295727652117 21.816307630282356
305 25 18.610001617463197 13.738318076480976
305 26 16.944334090239458 13.72145361663384
305 27 4.910977764019105 15.280509354329864
305 28 2.3090428389585904 18.58560386165174
306 25 19.455465763576292 13.717716978010438
306 26 17.78036275047117 13.721329423295861
306 27 6.073945297924187 15.142812670131319
306 28 3.345638651364326 15.89693242933323
307 25 20.30145276551589 13.715376046753539
307 26 18.623505848476103 13.719715766451003
307 27 7.256871854257002 15.010147440657384
307 28 5.732665610628483 15.179621327967391
308 25 21.14744781294417 13.712597548548699
308 26 19.468343871061936 13.71759044264602
308 27 8.453043336781072 14.875970681433802
308 28 6.966090098934282 15.038455469986447
309 25 21.993445756421913 13.709086672855598
309 26 20.312789674521476 13.7079561389125
309 27 9.658456314048381 14.740746728665899
309 28 8.10785646575931 14.904786437202873
310 25 22.83939869692401 13.704504397577844
310 26 21.1557944348793 13.69161568751191
310 27 10.87032125875755 14.604831376321647
310 28 9.268621140905621 14.765350964498253
311 25 23.684349475160637 13.697971635433941
311 26 21.998252481520296 13.686948720089463
311 27 12.086680526570978 14.468370673956674
311 28 10.455154761389455 14.618031363579288
312 25 24.51644115311116 13.688118029655191
312 26 22.830998485359906 13.6960415415057
312 27 13.30618036347184 14.331573949566227
312 28 11.659404813115819 14.461001165929313
313 25 25.301774101810928 13.638340342969434
313 26 23.62712109473144 13.673945594285525
313 27 14.527871658562727 14.194545975841118
313 28 12.873370444735665 14.29119860339564
313 29 1.7370916238311096 28.394933120762882
314 25 26.03490271228591 13.477105498972326
314 26 24.374367689302144 13.677629754890187
314 27 15.75108407510126 14.057287081147852
314 28 14.092624212985509 14.103301359284023
314 29 2.023727018788317 25.85067285100216
315 25 26.666738041448085 13.104832728233319
315 26 25.025973593664055 13.688192315096796
315 27 16.975368414762663 13.919962222846285
315 28 15.316618138150213 13.889948223674384
315 29 2.2843755152944882 22.208787007641188
316 25 27.19200810776763 12.5600199044513
316 26 25.696513126012476 13.559169264689718
316 27 18.20039276867158 13.782521440721247
316 28 16.54567273659175 13.720150427770447
316 29 2.3309803037613217 17.840353356445814
317 25 27.542741560866315 11.900528261535682
317 26 26.28839219711102 13.414262786974998
317 27 19.430726124371578 13.717791830708451
317 28 17.767495808825227 13.72136514171251
317 29 5.319441130804806 15.236607980211847
318 25 27.701417736256545 11.104390326718153
318 26 26.939992847749835 12.84204064275767
318 27 20.664317688636153 13.714261493134977
318 28 18.996892172420523 13.718931670610122
318 29 10.468241071195209 14.656765408275994
319 25 27.74376964523228 10.284261356396886
319 26 27.48233490944933 12.210924251055225
319 27 21.898158688868886 13.709559336567382
319 28 20.227659324184906 13.715846732674619
319 29 15.917961492460545 14.043107355649514
320 25 27.75025154768133 9.454925167171806
320 26 27.695043092117583 11.175692014362774
320 27 23.132023883248 13.702518124092887
320 28 21.45669647846074 13.711744770688727
320 29 20.085051092240576 13.716773417767358
321 25 27.753410485548372 8.620531783992455
321 26 27.747780188173785 10.275146099587976
321 27 24.357201817619185 13.690371087072053
321 28 22.67738888826258 13.705938000736989
321 29 21.346535447097757 13.690553088757218
322 25 27.755409874152953 7.782621094706861
322 26 27.753473079116873 9.431830878008581
322 27 25.513634409857158 13.591723259532209
322 28 23.83596668752775 13.698726539980655
322 29 22.45575419112715 13.684964711408233
323 25 27.75683810451441 6.942257862949909
323 26 27.756368133870755 8.599436149338777
323 27 26.521470511007685 13.252924795917366
323 28 24.85847172857362 13.689652541556848
323 29 23.464989335229536 13.690399566090845
324 25 27.757932673007016 6.100183874517867
324 26 27.75840396831357 7.764376655991678
324 27 27.300794933686724 12.450334845571911
324 28 25.910301693105627 13.51494251687396
324 29 24.421415792156896 13.685339762060313
324 30 1.5711403987068056 28.719454455192704
325 25 27.758811092091758 5.256916430152927
325 26 27.760093968799104 6.924965907841723
325 27 27.65341839554029 11.345092469642866
325 28 26.8886558827069 12.875789773702321
325 29 25.425069312443995 13.618490217045311
325 30 1.8737619579486047 27.200945894476174
326 25 27.759539378675115 4.4128163741629765
326 26 27.76168287136216 6.082494977879339
326 27 27.745278872311985 10.152713796923337
326 28 27.551288564506265 11.875679453788532
326 29 26.444289208833762 13.384191085496967
326 30 2.125014555566773 24.955390332995808
327 25 27.76015800758025 3.5681354372912475
327 26 27.763351244104033 5.238339105747146
327 27 27.752386535379337 8.942923269738431
327 28 27.74385116460141 10.603540192802154
327 29 27.384581016202215 12.40540937086864
327 30 2.284442231887942 22.231572290254068
328 25 27.760693435200363 2.7230492378766082
328 26 27.765290495387127 4.393351493880254
328 27 27.75552185066968 7.725669561170305
328 28 27.753985523907872 9.375118712632188
328 29 27.727322153674123 10.917335507746772
328 30 2.3033789413035186 19.169716460145246
329 25 27.76116819495133 1.9692462423810206
329 26 27.767806078734537 3.558743283902728
329 27 27.757442028861927 6.503219502730522
329 28 27.757749203523783 8.157157542131268
329 29 27.75182426946817 9.659589241026078
329 30 2.8727102935423976 16.365756918209804
330 26 27.76791029189618 1.966508571456687
330 27 27.758792349432362 5.277145128209298
330 28 27.76040544413866 6.934846294900125
330 29 27.754180356492544 8.451043840789518
330 30 5.6817864095326245 15.19381060655682
331 27 27.759818151551457 4.0485423771460285
331 28 27.762948845397315 5.708081545355839
331 29 27.753609143518585 7.235690763179877
331 30 9.112914422795553 14.807689730163188
332 27 27.760636934719606 2.8181757062583634
332 28 27.766069994961242 4.4784557267773675
332 29 27.75120519960808 6.011538161084033
332 30 12.654918839738732 14.409220837154686
333 27 27.76131072815826 1.915801725139722
333 28 27.771402941882425 3.3315123708260046
333 29 27.747742579752277 4.80127139026706
333 30 16.27426210591268 14.001985442035217
334 28 27.77143392165453 1.86838115522586
334 29 27.747603116701892 3.223217121982965
334 30 19.97299976264639 13.70831166037541
335 29 27.75709173858684 1.8469626680883175
335 30 23.655798983027164 13.689388409768092
335 31 1.7042397711938049 28.567227734069757
336 30 26.793640447283593 12.976395655631269
336 31 1.955704881874012 26.469715630695372
337 30 27.745177822604642 9.83846378643577
337 31 2.276209294566645 23.469713093231952
338 30 27.757485651476166 6.145238018363174
338 31 2.2961437022724147 19.821683045967543
339 30 27.760685359079226 2.413122118161269
339 31 2.9646930312769912 16.269421977332485
340 30 27.762268531879645 1.8368139573970783
340 31 6.744279635598918 15.069490806103707
341 31 11.209393971788364 14.568332579099648
342 31 15.857896991275998 14.046302196868504
343 31 20.646183466210857 13.70987810860878
344 31 25.449998722468983 13.603482570344328
345 31 27.735784358570168 10.458047843746915
346 31 27.756677908635663 5.5890690738434206
346 32 1.703845841876666 28.560241036045316
347 31 27.761016283973046 1.859774122396856
347 32 1.9570906716566336 26.451745555980498
348 32 2.2771885986250973 23.435730485214478
349 32 2.2966839378861903 19.76844686393329
350 32 3.0118999778704536 16.22343623052197
351 32 6.84119798344084 15.060626191037933
352 32 11.333566310328083 14.55597755769552
353 32 16.00916472469274 14.030461658429095
354 32 20.82507097498547 13.714117435494888
355 32 25.636324835819302 13.562676163061127
356 32 27.74020520949865 10.240015519014104
357 32 27.757304293594874 5.347259660431314
357 33 1.4837737084201232 28.79704069264931
358 32 27.761248962031143 1.8537163812902975
358 33 1.8257048055387881 27.616811414168453
359 33 2.0292457650313356 25.799967173209158
360 33 2.269689057792971 23.602823953171313
361 33 2.28867891614904 21.12606822191455
362 33 2.31089076831857 18.473635811814496
363 33 2.9959767005938223 16.23893915783546
364 33 5.318211812928482 15.23212953293914
365 33 8.1469654849408 14.914241321767019
366 33 11.049529715465829 14.588146929845093
367 33 14.003565105886507 14.256107282007513
368 33 16.99352343357695 13.920032995553417
368 34 1.277062282292453 29.06543253797183
369 33 20.01931317537563 13.707729369233938
369 34 1.529892795730229 28.755890931578797
370 33 23.041477688215416 13.696356293474517
370 34 1.7554951363786093 28.258668467048224
371 33 25.89692721252086 13.511441626281451
371 34 1.8326680038213696 27.569383535652133
372 33 27.556612383717244 11.794661380220296
372 34 1.919066065682892 26.79694908919804
373 33 27.750779074715737 8.853181799110601
373 34 2.0119672196873597 25.96651070142175
374 33 27.757547446324846 5.848835185833083
374 34 2.109391665671248 25.095602768332803
375 33 27.760277381145286 2.8179212417621553
375 34 2.2099854522510842 24.196461741672636
376 33 27.761790069987594 1.8463677918403443
376 34 2.2800032001802975 23.275129111492124
377 34 2.2839805185385456 22.336729924887393
378 34 2.287533080651183 21.388687833327612
379 34 2.292150856987383 20.43392378584871
379 35 1.4328332654617255 28.848360336682024
380 34 2.299330781126327 19.474785411151736
380 35 1.7985437534951156 27.87378470163173
381 34 2.310294733748445 18.521297181641707
381 35 1.9721655873328519 26.32192061053065
382 34 2.377561406525467 17.619719641674177
382 35 2.1821049055679844 24.4456854914919
383 34 2.542253474523224 16.872629371749944
383 35 2.284055892235723 22.334871766789064
384 34 2.9885077777765123 16.246210505951996
384 35 2.294675996850598 20.060380002604777
385 34 3.534021740723778 15.708750560687097
385 35 2.3525220515027745 17.733183130073613
386 34 4.334373195251361 15.395768550417602
386 35 2.8488085430097856 16.374573983214564
387 34 5.231070585466001 15.237360224678808
387 35 3.5044369410305567 15.721618553436658
388 34 6.154272908289646 15.133798635201847
388 35 4.4980138062505235 15.359072719876176
389 34 7.089890924950658 15.028855475709939
389 35 5.4397139802600405 15.209983301544254
390 34 8.034170969250114 14.922947486134005
390 35 6.361110224556497 15.104847832369014
390 36 1.5167686636624693 28.766779563703597
391 34 8.984493364794695 14.816357979480298
391 35 7.292142360937106 14.998113619823384
391 36 1.8460922718823964 27.457313882040946
392 34 9.93903096942081 14.709289445788036
392 35 8.236128956758057 14.889255372455999
392 36 2.0675066566644325 25.47666297499096
393 34 10.896510518112276 14.601896447728715
393 35 9.188911501296685 14.778471002813395
393 36 2.2816088960841814 23.078300483665817
394 34 11.856041065407085 14.494263483912993
394 35 10.146496712501198 14.66591988902278
394 36 2.2924336629737834 20.378124994916213
395 34 12.817002706120384 14.386464524747998
395 35 11.106471668738772 14.551524917378313
395 36 2.39282258997635 17.54889639894658
396 34 13.778962722459399 14.278549184341749
396 35 12.067621114613571 14.43502112204826
396 36 3.7858692270533707 15.538115566503839
397 34 14.741618708565342 14.170547544030121
397 35 13.02937529104563 14.316009927214536
397 36 6.757433542498595 15.073757106180123
398 34 15.704759430813667 14.062478327200864
398 35 13.991471658700853 14.19399792163939
398 36 9.859335024896044 14.724492741069975
399 34 16.66824123715382 13.954387769163471
399 35 14.953804740189764 14.068433518422093
399 36 13.016947604226932 14.37099731883167
400 34 17.63195888957408 13.846263464179874
400 35 15.916396582776814 13.939047454671133
400 36 14.527932916006966 14.3451214398957
401 34 18.595998060375823 13.739594687226887
401 35 16.879357923285426 13.805697127916943
401 36 15.635201298314954 14.606082481284576
402 34 19.56540829675733 13.717422634038194
402 35 17.89272117946337 13.708321455121743
402 36 17.11185216241775 15.03883428135015
402 37 1.6699980304551516 28.627429909858886
403 34 20.535517842890865 13.712835653176386
403 35 18.820928170029514 13.690642390164696
403 36 19.39586670819032 15.27484703726919
403 37 1.9262332738285164 26.718712092369614
404 34 21.503191173384902 13.685278046666507
404 35 19.735764232791148 13.71769998900935
404 36 21.927376596315227 15.202253702720075
404 37 2.2334385607141933 23.97743048130919
405 34 22.32087418593024 13.705015846589173
405 35 20.652977309348863 13.714748046188854
405 36 24.515248194107848 14.038423266043404
405 37 2.2909453005579135 20.64439816267084
406 34 23.257290919741127 13.701588771190558
406 35 21.539926146956724 13.711354770242059
406 36 26.81596118833767 12.945245482324449
406 37 2.4976266900909003 17.078470078156933
407 34 24.198617116522044 13.692417790424694
407 35 22.4632737838645 13.70704182279069
407 36 27.74117020698313 10.454112230016548
407 37 5.252267865051147 15.234764285184331
408 34 25.096501371856498 13.67529424714659
408 35 23.374025593458548 13.69319149929138
408 36 27.75552637333105 7.3675846715096025
408 37 9.313754816781872 14.779342368363032
409 34 25.94913047751142 13.495686860576486
409 35 24.23280253483562 13.684876035916036
409 36 27.759429042521973 4.195045809489861
409 37 13.549074847339185 14.30428317476034
410 34 26.66644495056735 13.10480790819247
410 35 24.98112963168145 13.68757891276195
410 36 27.761427456955996 1.8707012170327948
410 37 17.905674924556312 13.81553088724248
411 34 27.2535809128396 12.498021023998392
411 35 25.7340896223652 13.550009940336333
411 37 22.35196382644537 13.697467550232492
412 34 27.5847657818278 11.69134481432773
412 35 26.5368596151513 13.245419590803523
412 37 25.078957901582232 13.686167461472834
413 34 27.733056164208737 10.77542121150769
413 35 27.225132575655667 12.540179637929795
413 37 25.97813941645363 13.500609688446513
413 38 1.3237874636247835 28.990123712828687
414 34 27.748004636167774 9.83387804813224
414 35 27.61200752064804 11.579396620818665
414 37 26.781231906178697 12.980988597287482
414 38 1.7195091158393236 28.51206584073317
415 34 27.752590273887694 8.883543454822096
415 35 27.743229596140342 10.600641127011086
415 37 27.43803504758571 12.287661544154844
415 38 1.8272517113119353 27.61794611916406
416 34 27.755116816895192 7.92716400662325
416 35 27.752268858278356 9.635457049198207
416 37 27.709157083093082 11.143353097267648
416 38 1.9483442869940313 26.535650429684495
417 34 27.756802930625426 6.966571008369228
417 35 27.755756267636468 8.678079525825977
417 37 27.74605586769277 10.175245200730847
417 38 2.084011355843975 25.32280688390892
418 34 27.758043875313913 6.0030389531821715
418 35 27.757948371534695 7.718164114389106
418 37 27.75233615276529 9.235778371081766
418 38 2.2299218314514118 24.01889155038591
419 34 27.759013385337603 5.037456557917938
419 35 27.75961842752844 6.75463009027228
419 37 27.754428957743865 8.288898135749596
419 38 2.2830098739409714 22.644760822981805
420 34 27.75980198739625 4.070443741037265
420 35 27.76105902961718 5.788497726832372
420 37 27.755022109141724 7.331457287978485
420 38 2.2882037282693393 21.224168404859043
421 34 27.760462356235404 3.102432971767397
421 35 27.762435579228296 4.820789090674207
421 37 27.754580034988596 6.3672912758421
421 38 2.296536315424659 19.772551081072542
422 34 27.761028530746714 2.133757688978861
422 35 27.763880414586797 3.85215836054166
422 37 27.753318484231755 5.399802021216312
422 38 2.312909284920629 18.316476475857435
423 34 27.761479601303204 1.884065835621312
423 35 27.766458062662423 3.1742205689191656
423 37 27.750258191907346 4.542283687206771
423 38 2.511032252345623 17.017037898226196
424 35 27.76662120661812 1.910817574854866
424 37 27.750628259975436 3.4605433428559875
424 38 3.190750443529285 16.049566127656206
424 39 1.6347290384038682 28.663051631587834
425 37 27.75689781874132 1.86997078618301
425 38 4.281466846075952 15.407047979346423
425 39 1.9073656920577282 26.89873347985264
426 38 5.691137000046019 15.185539872982076
426 39 2.1935081257753732 24.341455419149515
427 38 7.138871025714353 15.023161438330177
427 39 2.2881488616130534 21.234577506997198
428 38 8.606654085806877 14.858528105506634
428 39 2.3387098393592725 17.800504744855747
429 38 10.08842844398174 14.692353337393286
429 39 4.201084943893279 15.425421226287215
430 38 11.579958726115395 14.52505433826461
430 39 7.963098064303302 14.929581140930216
431 38 13.078297763021396 14.356991316630227
431 39 11.45207672683879 14.538328830158632
432 38 14.581389205825046 14.188413960530646
432 39 13.057411437117647 14.356416285199273
433 38 16.087790373050822 14.019425003754705
433 39 14.498015143033607 14.191222328604743
434 38 17.596495800177646 13.85010564868142
434 39 15.955163404459915 14.022461913652776
435 38 19.109817070108377 13.720054583215738
435 39 17.43578502760522 13.845262176415481
435 40 1.38711429356075 28.90178870662646
436 38 20.630643038359477 13.714368460894983
436 39 18.932644125773177 13.71932716845203
436 40 1.7700732796748744 28.123107012889896
437 38 22.152351710896596 13.708354190890486
437 39 20.44351238200443 13.715533689726218
437 40 1.9148914070258567 26.829187282207133
438 38 23.673590304405128 13.698047734339962
438 39 21.955644664063257 13.710127662880183
438 40 2.0899926551579115 25.26481107748996
439 38 25.136658110531652 13.670571179460019
439 39 23.428910843566555 13.700909347133019
439 40 2.274725493736978 23.510727214545458
440 38 26.445943639292988 13.318341960471333
440 39 24.74830469004528 13.67082679872233
440 40 2.2866551563271784 21.614317488389197
441 38 27.396244694050306 12.331057497286476
441 39 25.90418570926516 13.515942622656066
441 40 2.2979094930997808 19.625608967211537
442 38 27.726043735018465 10.910317885182922
442 39 27.042865436836863 12.739221718343966
442 40 2.372639512873967 17.63884411397035
443 38 27.750389337091526 9.42754509182935
443 39 27.691524978142102 11.188983544279129
443 40 3.109973703728796 16.128893386205622
444 38 27.755106281049546 7.932212974098804
444 39 27.752361478256386 9.61456186775867
444 40 4.755274929417451 15.312275800035959
445 38 27.75753751953723 6.428347524961766
445 39 27.75726424600097 8.11616617447995
445 40 6.800300231469774 15.06160118876129
446 38 27.75911887987844 4.918531513233393
446 39 27.760108763388228 6.614505591882431
446 40 8.89087382580339 14.827073037074
446 41 1.3767681974699089 28.91506110974631
447 38 27.760267804877472 3.404564351549699
447 39 27.762527596785517 5.104734669296952
447 40 11.011038856358324 14.58922512513455
447 41 1.7623834927052464 28.18975262054346
448 38 27.76115862934482 1.9913040095874126
448 39 27.765277197524608 3.6054115904167188
448 40 13.151844381791584 14.349018711950889
448 41 1.9003181194276284 26.95755324935429
449 39 27.765674136200058 1.8661775040091722
449 40 15.307059701016566 14.107250768838119
449 41 2.0671396454695428 25.467803219751495
450 40 17.472316752687966 13.8642895266337
450 41 2.2534946039879022 23.798300274697368
451 40 19.6682544563099 13.704199169312623
451 41 2.2852519414040344 21.99313239129579
452 40 21.847496547348438 13.701358511783324
452 41 2.294381957705229 20.099138356937978
453 40 24.01678151160625 13.685192467805265
453 41 2.315384337195419 18.16985065866012
454 40 25.97996146348905 13.485889653036892
454 41 2.6848420865228793 16.553479307549736
455 40 27.29630604729174 12.46841280097178
455 41 4.029619853547669 15.461071332310006
456 40 27.795181616181335 10.487506376547321
456 41 5.95161619042656 15.156660321551627
457 40 27.7951816161813 8.377863241929461
457 41 7.932105278720226 14.934488576019069
457 42 1.3699077507921014 28.92411276762555
458 40 27.795181616184337 6.240243542490787
458 41 9.94391155845243 14.708826733241498
458 42 1.7571550594908265 28.223410578382126
459 40 27.795181616184234 4.083105237600517
459 41 11.977562522911805 14.480688930931445
459 42 1.8906093345570403 27.032884888751845
460 40 27.795181616184248 1.9896679753177278
460 41 14.026454341221774 14.25082699755623
460 42 2.051961520473096 25.593513611379734
461 41 16.085985839100047 14.019819914407366
461 42 2.2327777517402043 23.980528516350052
462 41 18.15292796256767 13.787903235264302
462 42 2.2844074006759665 22.237543123890873
463 41 20.23512361612361 13.715552155192432
463 42 2.2925869643541943 20.407329712024
464 41 22.323858097656135 13.707479532884951
464 42 2.3101094765032637 18.52688433720282
465 41 24.404967900290046 13.6897099185357
465 42 2.544129438319438 16.86467982185394
466 41 26.158444272584944 13.447592134201619
466 42 3.5964326633261723 15.65171554517404
467 41 27.38504552447012 12.368577075116436
467 42 5.395327249511708 15.21894462282697
468 41 27.741712515440582 10.4278158391672
468 42 7.300031640942821 15.00531299294679
468 43 1.612043334869585 28.68313046621317
469 41 27.75396307427733 8.419207084096263
469 42 9.237661688782632 14.787960327351458
469 43 1.8925429987165274 27.006256623902402
470 41 27.757591681270718 6.383802140353621
470 42 11.198265340435245 14.568030764964831
470 43 2.167033042781244 24.560151993911848
471 41 27.759603929002953 4.329731471776935
471 42 13.174895626823924 14.3462899859902
471 43 2.2866749041390944 21.589867776278023
472 41 27.760956307672384 2.2626392706175347
472 42 15.162710609818179 14.12331491375887
472 43 2.314104620759148 18.272095307694524
473 41 27.761864914823306 1.8522261493184755
473 42 17.15832571587609 13.899450403373738
473 43 3.6023500970921853 15.6476009363052
474 42 19.18450382386823 13.705605500400868
474 43 7.141563494268729 15.027570629243959
475 42 21.19429706463637 13.704787895561033
475 43 10.900024130044724 14.605092178155516
476 42 23.19616506043981 13.678868499384127
476 43 14.772989428453693 14.169720399633666
477 42 25.149602999140093 13.653931781932803
477 43 18.726355082432733 13.730613447531068
478 42 26.67291766763495 13.08303528339923
478 43 22.75995127169623 13.704995370210069
479 42 27.575635301781055 11.735043410094768
479 43 26.33534598046686 13.393874192455758
479 44 1.2873372400116851 29.048219001380744
480 42 27.74798325321745 9.836845616939032
480 43 27.587326448517715 11.597154189209398
480 44 1.5837416621932647 28.708302889528472
481 42 27.755194235436537 7.889862082721536
481 43 27.750693743962536 9.592399127817469
481 44 1.7717457394734843 28.11376211647796
482 42 27.758137166655825 5.91890631585208
482 43 27.75690327118385 7.670635994440907
482 44 1.8588202638450257 27.33558351879713
483 42 27.75990370034525 3.93123323753086
483 43 27.759729864663623 5.714259527876394
483 44 1.9563940867872145 26.463542351502344
484 42 27.761137889307957 1.9938078471205851
484 43 27.7616439429549 3.7364161861990834
484 44 2.0612794683442015 25.52601388821575
485 43 27.76281560034114 1.8605912826540418
485 44 2.171273752320191 24.542797426056453
486 44 2.2742090656602425 23.526754046328723
487 44 2.2836054402460753 22.483020268519173
488 44 2.2874945029078706 21.42361661843214
489 44 2.2929396397460917 20.353306087469083
490 44 2.3010834892793053 19.276083936422335
490 45 1.7160473044503852 28.52178662507324
491 44 2.314897474491129 18.215965080970925
491 45 1.9733621155190115 26.307587733063773
492 44 2.46109952478991 17.24120779979672
492 45 2.287331482708522 23.11918229402109
493 44 2.7430610105931748 16.486164463383055
493 45 2.3017336518928393 19.270502342343224
494 44 3.444918165958099 15.796264850193403
494 45 2.48532164606854 17.06441940412674
495 44 4.3537187377784745 15.391916618777218
495 45 3.017730956150868 16.206167794343187
496 44 5.388846486483799 15.219668138929157
496 45 3.789618266998978 15.525904428448957
497 44 6.446043504229704 15.101088887648583
497 45 4.959273403998447 15.269092534196695
498 44 7.512738261138031 14.98143635283561
498 45 6.017877957954296 15.137598251942237
499 44 8.586059247165567 14.861033849379549
499 45 7.07080625891507 15.004862883207924
500 44 9.664004106483842 14.740116337789996
500 45 8.134830906388837 14.854812193774722
501 44 10.745176969632046 14.618857702422405
501 45 9.20753680942039 14.671174649823907
502 44 11.828599403410477 14.497338571214222
502 45 10.290618691273993 14.419440007485269
502 46 1.3587980787743563 28.939192399292835
503 44 12.913589167035598 14.375618523721329
503 45 11.415681827159343 14.025222258377092
503 46 1.7496927080960032 28.294394220391432
504 44 13.99967396643711 14.253772108074298
504 45 12.661256270993622 13.7012078145297
504 46 1.8755829903379633 27.17257356825268
505 44 15.086525105928649 14.131858523249607
505 45 13.732080673822534 13.704345861406129
505 46 2.027529103260763 25.816238175206717
506 44 16.173910249969396 14.009892282652533
506 45 14.731247552493565 13.709364506195655
506 46 2.1977863892540297 24.29630250908242
507 44 17.261663599025034 13.887850454936306
507 45 15.752205008440317 13.71504904997199
507 46 2.2830919516950408 22.65596525838411
508 44 18.34967262997848 13.765745174759154
508 45 16.807189680644527 13.719962604045971
508 46 2.2896307092835513 20.931553534800116
509 44 19.44274544537833 13.7177562130078
509 45 17.889287977139904 13.721314653661908
509 46 2.3025880515958477 19.15186197686451
510 44 20.537889818116568 13.714660587341319
510 45 18.98439629413193 13.719141322326756
510 46 2.420307835363592 17.424630928324987
511 44 21.633119915552463 13.710716631527042
511 45 20.07931224280591 13.716457646275149
511 46 3.0979849191851265 16.140237734840813
512 44 22.728376268550136 13.705195584057789
512 45 21.17148632969612 13.713033359322884
512 46 4.480238604045416 15.368712755302267
513 44 23.822023945867194 13.696634023475724
513 45 22.256697875316846 13.692269439003123
513 46 6.2524744445608595 15.130428032422165
513 47 1.6366473738679248 28.661367332145133
514 44 24.87904726617273 13.682254078753406
514 45 23.32478401817013 13.679841758093659
514 46 8.066706763024788 14.926233492329601
514 47 1.9081070146324577 26.88918878416222
515 44 25.8854731925077 13.509697283570457
515 45 24.32947776357502 13.675990600906998
515 46 9.906071211824504 14.719211397972089
515 47 2.1954314998609052 24.322560636177013
516 44 26.728801356691594 13.040647866482361
516 45 25.207301239655774 13.669631098103448
516 46 11.762969496756185 14.510214312685488
516 47 2.2883629676931134 21.204199743179476
517 44 27.40224005328003 12.321967115748341
517 45 26.016625587240306 13.493969700231185
517 46 13.63209953972605 14.299828806429616
517 47 2.346784633053184 17.761410504750764
518 44 27.661633053700044 11.303969431807138
518 45 26.88831464836856 12.8822843860669
518 46 15.509762865999251 14.088469974261578
518 47 4.25323022199488 15.415613910819069
519 44 27.74428327019839 10.242373142912022
519 45 27.53390195746917 11.940895545964395
519 46 17.393377691744003 13.876414589182648
519 47 8.027146563469323 14.923538544947863
520 44 27.751547285755937 9.166423572548675
520 45 27.825766919407858 10.70742358501186
520 46 19.284052007797182 13.718921926415764
520 47 11.979891586478344 14.480205354893195
521 44 27.754775274707328 8.084567083905092
521 45 27.93732135462142 9.59794707534115
521 46 21.220506744015566 13.703624092130521
521 47 16.050026609575557 14.023656575375236
522 44 27.756754853295227 6.998601708218049
522 45 28.211929528000212 8.461575381333128
522 46 23.105434567230812 13.694023604850779
522 47 20.227277705896377 13.70434179195823
523 44 27.758147259513514 5.909770909506038
523 45 28.293364599187814 7.267904342895587
523 46 24.964581786697746 13.680732074027999
523 47 23.343554072643915 13.688540351855673
524 44 27.75920493637479 4.818941241016462
524 45 28.2941470910284 6.156543913273196
524 46 26.601400487690942 13.172993118389986
524 47 24.974351528833264 13.683721339602885
524 48 1.3755482757421094 28.91666759640982
525 44 27.76004899767835 3.7267170868028257
525 45 28.293971310769273 5.069061684074967
525 46 27.572444662698338 11.752613297224977
525 47 26.443523459649537 13.334477290123969
525 48 1.7629011378014496 28.192775546810832
526 44 27.760746162884455 2.633520059712867
526 45 28.293665552335376 3.9838497533982595
526 46 27.74744776843293 9.909252481257774
526 47 27.56742431222197 11.77499830282835
526 48 1.8999036839764285 26.967960088354147
527 44 27.761329254750613 1.91156867797309
527 45 28.302734171070053 2.966860298233946
527 46 27.754883915307374 8.035677320723602
527 47 27.750671035712855 9.773949614225932
527 48 2.065606177908045 25.48713813078825
528 45 28.246642082706018 1.852344965630937
528 46 27.757873641230695 6.151279825317445
528 47 27.756986673041926 7.901004316489076
528 48 2.2509898552438456 23.8276692384548
529 46 27.759659257606664 4.259340248704037
529 47 27.75989297926613 6.022452885581064
529 48 2.2850695729271773 22.033449429899804
530 46 27.76090153517917 2.362139408816281
530 47 27.761984729413534 4.131843038006766
530 48 2.294474155690553 20.150662164820744
531 46 27.761765911565114 1.858703742687614
531 47 27.765471346598886 2.994442375814492
531 48 2.314660617550219 18.22849229858919
532 47 27.765823944189442 1.8524120792747916
532 48 2.647277110434621 16.607345472960578
533 48 3.950962113144589 15.486246406694997
534 48 5.855834234286583 15.168267659186291
535 48 7.82257908585272 14.947553374122435
535 49 1.379805156106324 28.911116876217598
536 48 9.821011869319724 14.723306681166212
536 49 1.7785246678235023 28.156831439461364
537 48 11.84154279879587 14.49650826939731
537 49 1.9170942710358525 26.9062186920773
538 48 13.877501476077077 14.268022438157457
538 49 2.0846659588520917 25.394204638616795
539 48 15.924220955241552 14.038334480537904
539 49 2.2680330868641847 23.699382576983268
540 48 17.97844792528124 13.807807423844267
540 49 2.28565677909646 21.866831850578922
541 48 20.052280953973423 13.709500634252825
541 49 2.295470732791465 19.944796255073307
542 48 22.12873239837616 13.708467728151321
542 49 2.31884758198334 18.00195558644467
543 48 24.20181797095428 13.692378231780644
543 49 2.8202782585547466 16.410624926084683
544 48 26.016627303237595 13.480223972984312
544 49 4.257923334294944 15.413662214305244
545 48 27.257988009492852 12.494038512823314
545 49 6.214704918215705 15.127054306738165
546 48 27.725285484736354 10.705297938024485
546 49 8.226458217961193 14.901408136306726
546 50 1.5270361596411675 28.758428347699773
547 48 27.752407674843926 8.717392885007683
547 49 10.26940875508641 14.672247459746325
547 50 1.8486387467564132 27.407953274924605
548 48 27.756871493777687 6.700012820581489
548 49 12.334125018810996 14.440636114761855
548 50 2.0760824000393283 25.378288581210423
549 48 27.759150569151515 4.662321961253043
549 49 14.414031335638962 14.207356300511666
549 50 2.285603700693494 22.899842881025094
550 48 27.7606296626473 2.610462732975393
550 49 16.504523396555072 13.972805473088155
550 50 2.294405145622721 20.131684518490843
551 48 27.761641353208063 1.859162357057194
551 49 18.60257457787532 13.739006303238806
551 50 2.454092392963199 17.27421697631239
552 49 20.718262980512144 13.714086564874936
552 50 4.147895400042257 15.438047066521063
553 49 22.838032802483127 13.705271776172971
553 50 7.213661552809452 15.016105172309317
554 49 24.920868506326798 13.673166790097252
554 50 10.398678779235489 14.658637433892965
555 49 26.58678564583644 13.18275447413285
555 50 13.65863371671633 14.29278890881721
556 49 27.5529475447955 11.77396612060676
556 50 16.97085893384326 13.920986537913032
557 49 27.747264398228708 9.780637717853256
557 50 20.34303895368043 13.700957230427008
557 51 1.2773882747943766 29.06488174490371
558 49 27.755207000374718 7.731369194342662
558 50 23.683385832621195 13.682621190394228
558 51 1.531614318263099 28.754373230574647
559 49 27.75825527115754 5.658223859567537
559 50 26.580463155724196 13.196835465063138
559 51 1.756012699080045 28.254009690820624
560 49 27.76005334908759 3.568429531944884
560 50 27.79429391074933 10.484610001534595
560 51 1.833497202029869 27.561885966859883
561 49 27.761292395972905 1.9030708297471666
561 50 27.794293910751783 7.141134450575935
561 51 1.9202564552623775 26.7862716635189
562 50 27.79429391075209 3.7641140208832473
562 51 2.013542903709577 25.952414220753006
563 50 27.794293910752096 1.8540705534878825
563 51 2.1113782337207962 25.077921514521428
564 51 2.2124156639183745 24.175081576293152
565 51 2.280413568393813 23.249865279783076
566 51 2.283950049643475 22.307604315761928
567 51 2.2875854725823164 21.355659538527487
568 51 2.2924082653302524 20.396970433875243
568 52 1.6071686216917913 28.687206250653972
569 51 2.2995366632617826 19.43393555485323
569 52 1.8903502924170235 27.028968416392214
570 51 2.310538511494735 18.47791343644129
570 52 2.1621325111258334 24.606304928705296
571 51 2.3864812391705867 17.576252492627642
571 52 2.286379113165451 21.66485333354881
572 51 2.5527421760185582 16.82497256682137
572 52 2.3059105233394703 18.568371818035985
573 51 3.100855569052017 16.132955557162646
573 52 2.395994514930442 17.482691493766374
574 51 3.772790468264841 15.539209424102264
574 52 2.549340741309456 16.794514368751265
575 51 4.683725921286124 15.325655841575687
575 52 3.15604913859657 16.070708232563447
576 51 5.62216669235714 15.193503073453446
576 52 3.949305432243398 15.476107106752066
577 51 6.572381135528601 15.086916014247889
577 52 5.007126014502244 15.264698044434075
578 51 7.528043960899085 14.979716483537251
578 52 5.974854008091161 15.151167781305167
579 51 8.487508117617603 14.872090753091712
579 52 6.925748284432835 15.042271996212392
579 53 1.500508371906185 28.781470247911418
580 51 9.449624463522984 14.764168485436905
580 52 7.880243972886422 14.93135368880718
580 53 1.8346401003600816 27.537490989933236
581 51 10.413590343527044 14.656031878417368
581 52 8.839786208272036 14.817111233599642
581 53 2.0475607700589284 25.637017668764965
582 51 11.378847318729209 14.54775214381428
582 52 9.8024096223074 14.69787925099288
582 53 2.279397817627246 23.337319110773986
583 51 12.345005662812769 14.439377920314385
583 52 10.766375411544027 14.570628240505132
583 53 2.290254226920962 20.746372157491507
584 51 13.31179270874626 14.330936336367497
584 52 11.730774470359767 14.43034130155516
584 53 2.3191925912969684 17.98799556319332
585 51 14.279017980175645 14.22244414736473
585 52 12.69578374377527 14.268681114112463
585 53 3.385150984514298 15.85821253945126
586 51 15.246548202624579 14.113909619973416
586 52 13.663946841518923 14.072196257416012
586 53 6.0617588046370106 15.145868933488428
587 51 16.214291178905693 14.005345515622638
587 52 14.644261024740576 13.819169452147765
587 53 9.029866208299651 14.812643273607367
588 51 17.18218203372523 13.896755857808396
588 52 15.629433035800256 13.715201748728315
588 53 12.072422403247993 14.471094568742359
589 51 18.15017610123267 13.788148730773065
589 52 16.57977627177601 13.719369344041889
589 53 14.951081157850949 14.188973948137834
590 51 19.121106875115657 13.719238313767912
590 52 17.53475299625662 13.721802761510135
590 53 16.277609293273773 14.42217740498282
590 54 1.7331430982298233 28.42197221157612
591 51 20.09529314089404 13.715967834457373
591 52 18.54104751815187 13.687144730722295
591 53 17.623834336348754 14.88181617678141
591 54 2.014648064325633 25.931632769064684
592 51 21.069513659376145 13.712544065537964
592 52 19.53804191900668 13.680000431576152
592 53 19.682981595572492 15.266974876996631
592 54 2.283998757047134 22.367544475864793
593 51 22.04342115588582 13.687718356002309
593 52 20.38941236474886 13.71405574721108
593 53 22.091443724068295 15.235978832611375
593 54 2.3175148721730263 18.073060418261356
594 51 22.837559076896145 13.69369426787611
594 52 21.34317120637497 13.713156380693416
594 53 24.613669661329737 14.290043283926586
594 54 4.97870880261268 15.270078017140683
595 51 23.72319733197471 13.697604862659839
595 52 22.157670734857714 13.708941473841682
595 53 26.739671237481122 13.03689552862019
595 54 10.01271339418635 14.701754171562701
596 51 24.63854147941572 13.686260318137059
596 52 23.04063067052075 13.703860140411257
596 53 27.749795009358532 10.615763069064469
596 54 15.343433759991148 14.103531535062439
597 51 25.51908260105859 13.59059871759662
597 52 23.90899162403474 13.68982288352084
597 53 27.75736671471652 7.633208557705179
597 54 20.892554971179063 13.713525512828511
598 51 26.31552249263539 13.397554541299177
598 52 24.70818352253326 13.691406582035775
598 53 27.760202569142187 4.57446523051083
598 54 23.500550792575964 13.686965984210019
599 51 26.981094487342236 12.778194804684007
599 52 25.54317147127314 13.59519833505106
599 53 27.761870108006526 1.9019066034082774
599 54 24.26371749653095 13.690639037198375
600 51 27.49886372976849 12.09619608911852
600 52 26.369249334712528 13.381002375177006
600 54 24.958205367066036 13.675175938545514
601 51 27.686063013353476 11.181657744467246
601 52 27.07021068389392 12.7007759767492
601 54 25.759589053440024 13.541018542421662
602 51 27.744323234967553 10.239290794925683
602 52 27.55471351875927 11.867240851265173
602 54 26.5150257681053 13.285125425998768
602 55 1.2662270631284296 29.083944122810372
603 51 27.751050363002193 9.284829339269098
603 52 27.736746055098855 10.880801028135119
603 54 27.1928783243194 12.593839728170625
603 55 1.4730631932531169 28.807674957030844
604 51 27.754208850003277 8.324354920450345
604 52 27.75212002069709 9.90245897955182
604 54 27.63233492645459 11.442005879622792
604 55 1.736370093844731 28.413294517469296
605 51 27.756182200952697 7.359696313262278
605 52 27.756588970723488 8.938380646942298
605 54 27.744261382121287 10.387623329419363
605 55 1.8045934036744062 27.819319891364373
606 51 27.757582941729517 6.392119758646548
606 52 27.75972436328153 7.973508617632177
606 54 27.748632727375842 9.423333374731676
606 55 1.8790890830133995 27.15346632719568
607 51 27.758652572432098 5.42250771771518
607 52 27.76288350267896 7.0056086406996965
607 54 27.750238402143317 8.468968467232461
607 55 1.9592122096023168 26.437614646531063
608 51 27.759509035255242 4.451475650821813
608 52 27.76710675963726 6.0353447131567055
608 54 27.748711804501614 7.50747052729095
608 55 2.043203827528779 25.686874004503274
609 51 27.76021804651742 3.479452894524602
609 52 27.774087937691725 5.063569977134744
609 54 27.74564512755904 6.539585702319869
609 55 2.129908565728047 24.91179373438076
610 51 27.760819670605034 2.506738967740252
610 52 27.78695614733527 4.09078859428697
610 54 27.741779571114833 5.5678699175943525
610 55 2.218539067212094 24.119735944255883
611 51 27.76133017520058 1.912759503187433
611 52 27.816652760420297 3.2298665160457105
611 54 27.735349810388907 4.622746141835435
611 55 2.2796629898760816 23.313631876952204
612 52 27.816652760420304 1.8728560107884962
612 54 27.73638019211081 3.267425569062954
612 55 2.2835946084800507 22.49640510819477
613 54 27.742547991532838 2.9653226350771793
613 55 2.2838804642453314 22.405205401740837
613 56 1.2064067705301638 29.191100363781032
