timeStep NumPeds-PID5
1 1
2 1
3 1
4 1
5 1
6 1
7 1
8 1
9 1
10 1
11 1
12 1
13 2
14 2
15 1
16 1
17 1
18 1
19 1
20 1
21 1
22 1
23 1
24 2
25 2
26 2
27 2
28 2
29 2
30 2
31 2
32 2
33 2
34 2
35 3
36 3
37 2
38 2
39 2
40 2
41 2
42 2
43 2
44 2
45 2
46 3
47 3
48 3
49 3
50 3
51 3
52 3
53 3
54 3
55 3
56 3
57 4
58 4
59 4
60 4
61 4
62 3
63 2
64 2
65 2
66 2
67 2
68 3
69 3
70 3
71 3
72 3
73 3
74 2
75 2
76 2
77 2
78 2
79 3
80 3
81 3
82 3
83 3
84 3
85 2
86 1
87 1
88 1
89 1
90 2
91 2
92 2
93 2
94 2
95 2
96 2
97 2
98 2
99 2
100 2
101 3
102 3
103 3
104 3
105 3
106 3
107 3
108 3
109 3
110 3
111 3
112 3
113 4
114 4
115 4
116 4
117 4
118 4
119 4
120 4
121 4
122 4
123 3
124 3
125 3
126 3
127 3
128 3
129 3
130 3
131 3
132 3
133 3
134 3
135 4
136 3
137 2
138 2
139 2
140 2
141 2
142 2
143 1
144 1
145 1
146 2
147 2
148 2
149 2
150 2
151 2
152 2
153 2
154 1
155 1
156 1
157 2
158 2
159 1
160 1
161 1
162 1
163 1
164 1
165 1
166 1
167 1
168 2
169 2
170 2
171 2
172 2
173 2
174 2
175 2
176 2
177 2
178 2
179 3
180 3
181 3
182 3
183 3
184 3
185 3
186 3
187 3
188 3
189 3
190 4
191 4
192 4
193 4
194 3
195 3
196 3
197 3
198 3
199 3
200 3
201 4
202 4
203 4
204 4
205 4
206 4
207 3
208 2
209 2
210 2
211 2
212 2
213 3
214 2
215 1
216 1
217 1
218 1
219 1
220 1
221 1
222 1
223 1
224 2
225 2
226 1
227 1
228 1
229 1
230 1
231 1
232 1
233 1
234 1
235 2
236 2
237 1
238 1
239 1
240 1
241 1
242 1
243 1
244 1
245 1
246 2
247 2
248 2
249 2
250 1
251 1
252 1
253 1
254 1
255 1
256 1
257 2
258 2
259 2
260 2
261 2
262 2
263 2
264 1
265 1
266 1
267 1
268 2
269 2
270 2
271 2
272 2
273 2
274 2
275 2
276 2
277 2
278 1
279 2
280 2
281 2
282 2
283 2
284 2
285 2
286 2
287 2
288 2
289 2
290 3
291 3
292 3
293 3
294 3
295 3
296 3
297 3
298 3
299 3
300 3
301 4
302 4
303 4
304 4
305 4
306 4
307 4
308 4
309 4
310 4
311 4
312 4
313 5
314 5
315 5
316 5
317 5
318 5
319 5
320 5
321 5
322 5
323 5
324 6
325 6
326 6
327 6
328 6
329 6
330 5
331 4
332 4
333 4
334 3
335 3
336 2
337 2
338 2
339 2
340 2
341 1
342 1
343 1
344 1
345 1
346 2
347 2
348 1
349 1
350 1
351 1
352 1
353 1
354 1
355 1
356 1
357 2
358 2
359 1
360 1
361 1
362 1
363 1
364 1
365 1
366 1
367 1
368 2
369 2
370 2
371 2
372 2
373 2
374 2
375 2
376 2
377 1
378 1
379 2
380 2
381 2
382 2
383 2
384 2
385 2
386 2
387 2
388 2
389 2
390 3
391 3
392 3
393 3
394 3
395 3
396 3
397 3
398 3
399 3
400 3
401 3
402 4
403 4
404 4
405 4
406 4
407 4
408 4
409 4
410 4
411 3
412 3
413 4
414 4
415 4
416 4
417 4
418 4
419 4
420 4
421 4
422 4
423 4
424 4
425 3
426 2
427 2
428 2
429 2
430 2
431 2
432 2
433 2
434 2
435 3
436 3
437 3
438 3
439 3
440 3
441 3
442 3
443 3
444 3
445 3
446 4
447 4
448 4
449 3
450 2
451 2
452 2
453 2
454 2
455 2
456 2
457 3
458 3
459 3
460 3
461 2
462 2
463 2
464 2
465 2
466 2
467 2
468 3
469 3
470 3
471 3
472 3
473 3
474 2
475 2
476 2
477 2
478 2
479 3
480 3
481 3
482 3
483 3
484 3
485 2
486 1
487 1
488 1
489 1
490 2
491 2
492 2
493 2
494 2
495 2
496 2
497 2
498 2
499 2
500 2
501 2
502 3
503 3
504 3
505 3
506 3
507 3
508 3
509 3
510 3
511 3
512 3
513 4
514 4
515 4
516 4
517 4
518 4
519 4
520 4
521 4
522 4
523 4
524 5
525 5
526 5
527 5
528 4
529 3
530 3
531 3
532 2
533 1
534 1
535 2
536 2
537 2
538 2
539 2
540 2
541 2
542 2
543 2
544 2
545 2
546 3
547 3
548 3
549 3
550 3
551 3
552 2
553 2
554 2
555 2
556 2
557 3
558 3
559 3
560 3
561 3
562 2
563 2
564 1
565 1
566 1
567 1
568 2
569 2
570 2
571 2
572 2
573 2
574 2
575 2
576 2
577 2
578 2
579 3
580 3
581 3
582 3
583 3
584 3
585 3
586 3
587 3
588 3
589 3
590 4
591 4
592 4
593 4
594 4
595 4
596 4
597 4
598 4
599 4
600 3
601 3
602 4
603 4
604 4
605 4
606 4
607 4
608 4
609 4
610 4
611 4
612 3
613 3
614 2
615 2
616 2
617 2
618 2
619 2
620 2
621 2
622 2
623 2
624 3
625 3
626 3
627 3
628 3
629 3
630 3
631 3
632 3
633 3
634 3
635 4
636 4
637 4
638 4
639 4
640 3
641 3
642 3
643 2
644 2
645 2
646 3
647 3
648 3
649 3
650 3
651 3
652 3
653 3
654 3
655 3
656 3
657 4
658 4
659 4
660 4
661 4
662 4
663 4
664 4
665 3
666 2
667 2
668 2
669 2
670 2
671 2
672 2
673 2
674 2
675 2
676 2
677 2
678 2
679 3
680 3
681 3
682 3
683 3
684 3
685 2
686 1
687 1
688 1
689 1
690 2
691 2
692 2
693 2
694 2
695 2
696 2
697 2
698 2
699 2
700 2
701 2
702 3
703 3
704 3
705 3
706 3
707 3
708 3
709 3
710 3
711 3
712 3
713 4
714 4
715 4
716 4
717 4
718 4
719 4
720 4
721 4
722 3
723 2
724 3
725 3
726 3
727 3
728 3
729 3
730 3
731 3
732 3
733 3
734 2
735 3
736 3
737 3
738 3
739 3
740 3
741 3
742 3
743 3
744 3
745 3
746 4
747 4
748 4
749 4
750 3
751 2
752 2
753 1
754 1
755 1
756 1
757 2
758 2
759 2
760 2
761 2
762 1
763 1
764 1
765 1
766 1
767 1
768 2
769 2
770 2
771 2
772 2
773 2
774 1
775 1
776 1
777 1
778 1
779 2
780 1
781 1
782 1
783 1
784 1
785 1
786 1
787 1
788 1
789 1
790 2
791 2
792 2
793 2
794 2
795 2
796 2
797 2
798 2
799 2
800 2
801 2
802 3
803 3
804 3
805 3
806 3
807 3
808 3
809 3
810 3
811 3
812 3
813 4
814 4
815 4
816 4
817 4
818 4
819 4
820 4
821 4
822 4
823 4
824 4
825 3
826 2
827 2
828 2
829 2
830 2
831 2
832 2
833 2
834 1
835 2
836 2
837 2
838 2
839 2
840 2
841 2
842 1
843 1
844 1
845 1
846 2
847 2
848 2
849 2
850 2
851 1
852 1
853 1
854 1
855 1
856 1
857 2
858 1
859 1
860 1
861 1
862 1
863 1
864 1
865 1
866 1
867 1
868 2
869 2
870 2
871 1
872 1
873 1
874 1
875 1
876 1
877 1
878 1
879 2
880 1
881 1
882 1
883 1
884 1
885 1
886 1
887 1
888 1
889 1
890 2
891 2
892 2
893 1
894 1
895 1
896 1
897 1
898 1
899 1
900 1
901 1
902 2
903 2
904 2
905 2
906 2
907 2
908 2
909 2
910 2
911 2
912 2
913 3
914 3
915 3
916 2
917 2
918 2
919 2
920 1
921 1
922 1
923 1
924 2
925 2
926 2
927 2
928 2
929 2
930 1
931 1
932 1
933 1
934 1
935 2
936 2
937 2
938 2
939 2
940 2
941 2
942 1
943 1
944 1
945 1
946 2
947 2
948 2
949 2
950 2
951 2
952 2
953 2
954 2
955 2
956 2
957 3
958 3
959 3
960 3
961 2
962 2
963 2
964 2
965 2
966 2
967 2
968 2
969 2
970 1
971 1
972 1
973 1
974 1
975 1
976 1
977 1
978 1
979 2
980 2
981 1
982 1
983 1
984 1
985 1
986 1
987 1
988 1
989 1
990 2
991 2
992 1
993 1
994 1
995 1
996 1
997 1
998 1
999 1
1000 1
1001 1
1002 2
1003 1
1004 1
1005 1
1006 1
1007 1
1008 1
1009 1
1010 1
1011 1
1012 1
1013 2
1014 2
1015 2
1016 2
1017 2
1018 2
1019 2
1020 2
1021 2
1022 2
1023 2
1024 3
1025 3
1026 3
1027 3
1028 3
1029 3
1030 2
1031 2
1032 1
1033 1
1034 1
1035 2
1036 2
1037 2
1038 2
1039 2
1040 2
1041 2
1042 2
1043 2
1044 2
1045 2
1046 3
1047 3
1048 3
1049 3
1050 3
1051 3
1052 3
1053 3
1054 3
1055 3
1056 3
1057 4
1058 4
1059 4
1060 4
1061 4
1062 4
1063 4
1064 3
1065 3
1066 3
1067 3
1068 4
1069 4
1070 4
1071 4
1072 4
1073 4
1074 4
1075 4
1076 4
1077 4
1078 4
1079 5
1080 5
1081 5
1082 5
1083 5
1084 5
1085 5
1086 5
1087 5
1088 5
1089 5
1090 5
1091 4
1092 3
1093 3
1094 2
1095 2
1096 2
1097 2
1098 2
1099 2
1100 2
1101 2
1102 3
1103 2
1104 1
1105 1
1106 1
1107 1
1108 1
1109 1
1110 1
1111 1
1112 1
1113 1
1114 1
1115 1
1116 1
1117 1
1118 1
1119 1
1120 1
1121 0
1122 0
1123 0
1124 0
1125 0
1126 0
1127 0
1128 0
1129 0
1130 0
1131 0
1132 0
1133 0
1134 0
1135 0
1136 0
1137 0
1138 0
1139 0
1140 0
1141 0
1142 0
1143 0
1144 0
1145 0
1146 0
1147 0
1148 0
1149 0
1150 0
1151 0
1152 0
1153 0
1154 0
1155 0
1156 0
1157 0
1158 0
1159 0
1160 0
1161 0
1162 0
1163 0
1164 0
1165 0
1166 0
1167 0
1168 0
1169 0
1170 0
1171 0
1172 0
1173 0
1174 0
1175 0
1176 0
1177 0
1178 0
1179 0
1180 0
1181 0
1182 0
1183 0
1184 0
1185 0
1186 0
1187 0
1188 0
1189 0
1190 0
1191 0
1192 0
1193 0
1194 0
1195 0
1196 0
1197 0
1198 0
1199 0
1200 0
1201 0
1202 0
1203 0
1204 0
1205 0
1206 0
1207 0
1208 0
1209 0
1210 0
1211 0
1212 0
1213 0
1214 0
1215 0
1216 0
1217 0
1218 0
1219 0
1220 0
1221 0
1222 0
1223 0
1224 0
