timeStep NumPeds-PID5
1 1
2 1
3 1
4 1
5 1
6 1
7 1
8 1
9 1
10 1
11 1
12 1
13 2
14 2
15 1
16 1
17 1
18 1
19 1
20 1
21 1
22 1
23 1
24 1
25 1
26 1
27 1
28 1
29 1
30 1
31 1
32 1
33 1
34 1
35 2
36 2
37 2
38 1
39 1
40 1
41 1
42 1
43 1
44 1
45 1
46 2
47 2
48 2
49 2
50 2
51 2
52 2
53 1
54 1
55 1
56 1
57 2
58 1
59 1
60 1
61 1
62 1
63 1
64 1
65 1
66 1
67 1
68 2
69 2
70 1
71 1
72 1
73 1
74 1
75 1
76 1
77 1
78 0
79 1
80 1
81 1
82 1
83 1
84 1
85 1
86 1
87 1
88 1
89 1
90 2
91 2
92 2
93 1
94 1
95 1
96 1
97 1
98 1
99 1
100 1
101 2
102 2
103 2
104 2
105 1
106 1
107 1
108 1
109 1
110 1
111 1
112 1
113 2
114 2
115 2
116 1
117 1
118 1
119 1
120 1
121 1
122 1
123 1
124 2
125 2
126 2
127 2
128 2
129 2
130 2
131 2
132 2
133 2
134 2
135 3
136 3
137 3
138 3
139 3
140 3
141 3
142 3
143 1
144 1
145 1
146 2
147 2
148 2
149 2
150 2
151 2
152 2
153 2
154 2
155 2
156 2
157 3
158 2
159 1
160 1
161 1
162 1
163 1
164 1
165 1
166 1
167 1
168 2
169 2
170 1
171 1
172 1
173 1
174 1
175 1
176 1
177 1
178 1
179 2
180 2
181 1
182 1
183 1
184 1
185 1
186 1
187 1
188 1
189 1
190 2
191 2
192 2
193 2
194 2
195 2
196 2
197 1
198 1
199 1
200 1
201 2
202 2
203 2
204 2
205 1
206 1
207 1
208 1
209 1
210 1
211 1
212 1
213 2
214 2
215 2
216 1
217 1
218 1
219 1
220 1
221 1
222 1
223 1
224 2
225 2
226 2
227 2
228 1
229 1
230 1
231 1
232 1
233 1
234 1
235 2
236 1
237 1
238 1
239 1
240 1
241 1
242 1
243 1
244 1
245 0
246 1
247 1
248 1
249 1
250 1
251 1
252 1
253 1
254 1
255 1
256 1
257 2
258 2
259 2
260 2
261 1
262 1
263 1
264 1
265 1
266 1
267 1
268 1
269 1
270 1
271 1
272 1
273 1
274 1
275 1
276 1
277 1
278 1
279 2
280 2
281 2
282 2
283 2
284 2
285 2
286 1
287 1
288 1
289 1
290 2
291 2
292 2
293 2
294 2
295 2
296 2
297 2
298 1
299 1
300 1
301 2
302 2
303 2
304 2
305 2
306 2
307 2
308 2
309 1
310 1
311 0
312 0
313 1
314 1
315 1
316 1
317 1
318 1
319 1
320 1
321 1
322 1
323 1
324 2
325 2
326 2
327 2
328 1
329 1
330 1
331 1
332 1
333 1
334 0
335 1
336 1
337 1
338 1
339 1
340 1
341 1
342 1
343 1
344 1
345 1
346 1
347 1
348 1
349 1
350 1
351 1
352 1
353 1
354 1
355 1
356 0
357 1
358 1
359 1
360 1
361 1
362 1
363 1
364 1
365 1
366 1
367 1
368 2
369 2
370 2
371 2
372 2
373 2
374 2
375 2
376 2
377 2
378 2
379 2
380 2
381 2
382 1
383 1
384 1
385 1
386 1
387 1
388 1
389 1
390 2
391 2
392 2
393 2
394 2
395 2
396 2
397 2
398 2
399 2
400 2
401 2
402 3
403 3
404 2
405 1
406 1
407 1
408 1
409 1
410 1
411 1
412 0
413 1
414 1
415 1
416 1
417 1
418 1
419 1
420 1
421 1
422 1
423 1
424 2
425 2
426 2
427 2
428 1
429 1
430 1
431 1
432 1
433 1
434 1
435 2
436 2
437 2
438 1
439 1
440 1
441 1
442 1
443 1
444 1
445 1
446 2
447 2
448 2
449 2
450 2
451 2
452 2
453 2
454 2
455 2
456 2
457 3
458 3
459 3
460 3
461 3
462 3
463 3
464 3
465 3
466 3
467 3
468 4
469 4
470 4
471 4
472 4
473 4
474 4
475 4
476 4
477 4
478 4
479 5
480 5
481 5
482 5
483 5
484 5
485 5
486 5
487 4
488 3
489 2
490 2
491 1
492 1
493 1
494 1
495 1
496 1
497 1
498 1
499 1
500 1
501 1
502 2
503 2
504 1
505 1
506 1
507 1
508 1
509 1
510 1
511 1
512 1
513 2
514 2
515 2
516 2
517 2
518 2
519 2
520 2
521 2
522 2
523 2
524 3
525 3
526 3
527 3
528 3
529 3
530 2
531 1
532 1
533 1
534 1
535 2
536 2
537 2
538 2
539 1
540 1
541 1
542 1
543 1
544 1
545 1
546 2
547 2
548 2
549 2
550 2
551 2
552 2
553 2
554 2
555 1
556 0
557 1
558 1
559 1
560 1
561 1
562 1
563 1
564 1
565 1
566 1
567 0
568 1
569 1
570 1
571 1
572 1
573 1
574 1
575 1
576 1
577 1
578 1
579 1
580 1
581 1
582 1
583 1
584 1
585 1
586 1
587 1
588 1
589 0
590 1
591 1
592 1
593 1
594 1
595 1
596 1
597 1
598 1
599 1
600 1
601 0
602 1
603 1
604 1
605 1
606 1
607 1
608 1
609 1
610 1
611 1
612 0
613 1
614 1
615 1
616 1
617 1
618 1
619 1
620 1
621 1
622 1
623 1
624 2
625 2
626 2
627 2
628 2
629 2
630 2
631 2
632 2
633 2
634 2
635 2
636 1
637 1
638 1
639 1
640 1
641 1
642 1
643 1
644 1
645 1
646 2
647 1
648 1
649 1
650 1
651 1
652 1
653 1
654 1
655 1
656 1
657 1
658 1
659 1
660 1
661 1
662 1
663 1
664 1
665 1
666 1
667 1
668 2
669 2
670 2
671 2
672 2
673 2
674 2
675 2
676 1
677 1
678 1
679 2
680 2
681 2
682 2
683 2
684 1
685 1
686 1
687 1
688 1
689 1
690 1
691 1
692 1
693 1
694 1
695 1
696 1
697 1
698 1
699 1
700 1
701 1
702 2
703 1
704 1
705 1
706 1
707 1
708 1
709 1
710 1
711 1
712 1
713 2
714 2
715 1
716 1
717 1
718 1
719 1
720 1
721 1
722 1
723 1
724 2
725 2
726 2
727 2
728 2
729 2
730 2
731 2
732 2
733 2
734 2
735 3
736 2
737 1
738 1
739 1
740 1
741 1
742 1
743 1
744 1
745 1
746 2
747 1
748 1
749 1
750 1
751 1
752 1
753 1
754 1
755 1
756 1
757 2
758 2
759 2
760 2
761 2
762 2
763 2
764 2
765 2
766 2
767 2
768 3
769 3
770 3
771 3
772 3
773 3
774 3
775 3
776 2
777 2
778 1
779 1
780 1
781 1
782 1
783 1
784 1
785 1
786 1
787 1
788 1
789 1
790 2
791 2
792 1
793 1
794 1
795 1
796 1
797 1
798 1
799 1
800 1
801 1
802 2
803 1
804 1
805 1
806 1
807 1
808 1
809 1
810 1
811 1
812 1
813 2
814 2
815 2
816 2
817 2
818 2
819 1
820 1
821 1
822 1
823 1
824 1
825 1
826 1
827 1
828 1
829 1
830 1
831 1
832 1
833 1
834 1
835 2
836 2
837 2
838 2
839 2
840 2
841 2
842 2
843 2
844 2
845 2
846 3
847 1
848 1
849 1
850 1
851 1
852 1
853 1
854 1
855 1
856 1
857 2
858 2
859 1
860 1
861 1
862 1
863 1
864 1
865 1
866 1
867 1
868 1
869 1
870 1
871 1
872 1
873 1
874 1
875 1
876 1
877 1
878 1
879 2
880 2
881 2
882 2
883 2
884 2
885 2
886 1
887 1
888 1
889 0
890 1
891 1
892 1
893 1
894 1
895 1
896 1
897 1
898 1
899 1
900 1
901 1
902 2
903 2
904 2
905 2
906 2
907 2
908 1
909 1
910 1
911 1
912 1
913 1
914 1
915 1
916 1
917 1
918 1
919 1
920 1
921 1
922 1
923 1
924 2
925 2
926 1
927 1
928 1
929 1
930 1
931 1
932 1
933 1
934 1
935 2
936 1
937 1
938 1
939 1
940 1
941 1
942 1
943 1
944 1
945 1
946 2
947 2
948 2
949 2
950 1
951 1
952 1
953 1
954 1
955 1
956 1
957 2
958 2
959 2
960 2
961 1
962 1
963 1
964 1
965 1
966 1
967 1
968 2
969 2
970 2
971 2
972 2
973 2
974 2
975 2
976 2
977 2
978 1
979 2
980 2
981 2
982 2
983 2
984 2
985 2
986 2
987 2
988 2
989 2
990 3
991 3
992 3
993 3
994 3
995 3
996 3
997 3
998 3
999 3
1000 3
1001 3
1002 4
1003 4
1004 4
1005 4
1006 4
1007 4
1008 3
1009 2
1010 2
1011 2
1012 2
1013 3
1014 3
1015 3
1016 3
1017 2
1018 2
1019 2
1020 2
1021 2
1022 2
1023 2
1024 3
1025 3
1026 3
1027 3
1028 3
1029 3
1030 3
1031 3
1032 3
1033 3
1034 3
1035 4
1036 3
1037 1
1038 1
1039 1
1040 1
1041 1
1042 1
1043 1
1044 1
1045 1
1046 2
1047 1
1048 1
1049 1
1050 1
1051 1
1052 1
1053 1
1054 1
1055 1
1056 1
1057 2
1058 1
1059 1
1060 1
1061 1
1062 1
1063 1
1064 1
1065 1
1066 1
1067 1
1068 2
1069 1
1070 1
1071 1
1072 1
1073 1
1074 1
1075 1
1076 1
1077 1
1078 1
1079 1
1080 1
1081 1
1082 1
1083 1
1084 1
1085 1
1086 1
1087 1
1088 1
1089 1
1090 2
1091 2
1092 2
1093 2
1094 2
1095 1
1096 1
1097 1
1098 1
1099 1
1100 1
1101 1
1102 2
1103 2
1104 2
1105 2
1106 2
1107 2
1108 2
1109 2
1110 2
1111 1
1112 1
1113 0
1114 0
1115 0
1116 0
1117 0
1118 0
1119 0
1120 0
1121 0
1122 0
1123 0
1124 0
1125 0
1126 0
1127 0
1128 0
1129 0
1130 0
1131 0
1132 0
1133 0
1134 0
1135 0
1136 0
1137 0
1138 0
1139 0
1140 0
1141 0
1142 0
1143 0
1144 0
1145 0
1146 0
1147 0
1148 0
1149 0
1150 0
1151 0
1152 0
1153 0
1154 0
1155 0
1156 0
1157 0
1158 0
1159 0
1160 0
1161 0
1162 0
1163 0
1164 0
1165 0
1166 0
1167 0
1168 0
1169 0
1170 0
1171 0
1172 0
1173 0
1174 0
1175 0
1176 0
1177 0
1178 0
1179 0
1180 0
1181 0
1182 0
1183 0
1184 0
1185 0
1186 0
1187 0
1188 0
1189 0
1190 0
1191 0
1192 0
1193 0
1194 0
1195 0
1196 0
1197 0
1198 0
1199 0
1200 0
1201 0
1202 0
1203 0
1204 0
1205 0
1206 0
1207 0
1208 0
1209 0
1210 0
1211 0
1212 0
1213 0
1214 0
1215 0
1216 0
1217 0
1218 0
1219 0
1220 0
1221 0
1222 0
1223 0
1224 0
