timeStep pedestrianId velocity-PID3
1 1 0.0
2 1 0.5731941610282186
3 1 1.4819370807581385
4 1 2.1158360124878386
5 1 2.5580926670470725
6 1 2.865546467512677
7 1 3.0634374675677023
8 1 3.1853670237577063
9 1 3.1984467279124913
10 1 3.278597583012955
11 1 3.421888561354524
12 1 3.4944513712909773
13 1 3.496820452403342
13 2 0.0
14 1 3.2999092285277905
14 2 1.271301851373528
15 1 3.295762263351034
15 2 1.8151021644474998
16 1 3.3415271779363818
16 2 2.194498764100132
17 1 3.52178411348838
17 2 2.4591947261368596
18 1 3.5577388797229226
18 2 2.6393916136523625
19 1 3.571602253198048
19 2 2.7489195068648002
20 1 3.5726275029381838
20 2 2.8271117244920565
21 1 3.5752435139553094
21 2 2.7374602617983657
22 1 3.5762874320620175
22 2 2.8420965062051855
23 1 0.3827752434530229
23 2 2.9435812555285032
24 2 3.0189170711500215
24 3 0.0
25 2 3.0343660009893534
25 3 0.5459700633005364
26 2 2.9510145455300605
26 3 0.7795090972513639
27 2 2.8402456264252764
27 3 0.9424437945615168
28 2 2.836894143993281
28 3 1.056119471716373
29 2 2.9866028676708147
29 3 1.1354283066804116
30 2 2.9924997412841146
30 3 1.1907602012985594
31 2 3.054226878418435
31 3 1.2287413323506553
32 2 3.065913138669709
32 3 1.2562730537979776
33 2 3.059549459707061
33 3 1.2750851868143989
34 2 3.0535536873815863
34 3 1.2870162230250977
35 2 3.0623303907333046
35 3 1.2922985120208503
35 4 0.0
36 2 3.059707214887248
36 3 1.296888528458873
36 4 2.3667440692640587
37 2 0.48714338672833285
37 3 1.2897915476358728
37 4 3.3791205689407167
38 3 1.3108234071529954
38 4 4.088440847743179
39 3 1.3030385661200945
39 4 4.412166906847677
40 3 1.2961499790852447
40 4 1.8326926896959612
41 3 1.301373608394562
41 4 1.1998819099996394
42 3 1.3095214180015018
42 4 1.2651365620874124
43 3 1.3133294820493675
43 4 1.276862798499102
44 3 1.3150977183197903
44 4 1.290516809995375
45 3 1.314550266145813
45 4 1.3108736352500583
46 3 1.316852375435239
46 4 1.3213117583203304
46 5 0.0
47 3 1.317335674693555
47 4 1.3160751338187717
47 5 1.629186414262906
48 3 1.317672659110947
48 4 1.313205216222054
48 5 2.32607144763764
49 3 1.3179076175945892
49 4 1.3153429883671648
49 5 2.812272027991347
50 3 1.3172662976212435
50 4 1.3169237440070611
50 5 3.155002712227418
51 3 1.3125909075197342
51 4 1.3184635469818142
51 5 3.350771275168547
52 3 1.3104126184272622
52 4 1.280333271060141
52 5 3.4883426210320287
53 3 1.297949908825845
53 4 1.288927651757525
53 5 3.4113310521144133
54 3 1.2964772559291202
54 4 1.2830269057898716
54 5 3.6119125998039605
55 3 1.2939315647405003
55 4 1.267220753702862
55 5 3.802108122442633
56 3 1.3047898833189862
56 4 1.330831262288649
56 5 3.8052649137682115
57 3 1.2869667361702728
57 4 1.312619626567498
57 5 3.5956228130514636
57 6 0.0
58 3 1.2997310830257955
58 4 1.279073467219211
58 5 2.8858521402453476
58 6 2.3836561964473746
59 3 1.313928112296991
59 4 1.3116446039223395
59 5 1.3097302522283794
59 6 3.403140953893259
60 3 1.3128772314882664
60 4 1.3357051555057284
60 5 1.3219478505184012
60 6 4.11067878646037
61 3 1.315305308378785
61 4 1.320835728593524
61 5 1.2862744193971325
61 6 4.472472564214393
62 3 1.3169517902897072
62 4 1.3228785385778299
62 5 1.2773199146605652
62 6 4.513315902659791
63 3 1.3170913150438934
63 4 1.3177866215667855
63 5 1.3183699271176859
63 6 4.972253233654911
64 3 1.3177210531984869
64 4 1.3182025150113543
64 5 1.3005126582759603
64 6 5.364532130048963
65 3 1.3179399109515577
65 4 1.3188325967970966
65 5 1.327643816099483
65 6 5.172067434027197
66 3 1.3180952691395043
66 4 1.3177036707551557
66 5 1.3208951727227234
66 6 4.963911818783853
67 3 1.3182026154848974
67 4 1.3175163337562146
67 5 1.3167705665970608
67 6 5.436566835104257
68 3 1.3182775417926085
68 4 1.3172419143084269
68 5 1.3164476254550264
68 6 3.571132072138537
68 7 0.0
69 3 1.3182886988271987
69 4 1.316490766672257
69 5 1.3158400775900405
69 6 1.3058714950677595
69 7 0.5032690907229893
70 3 1.3183467960789053
70 4 1.3083740221688245
70 5 1.3047952305886839
70 6 1.219675697294863
70 7 0.7185428183690729
71 3 1.3183915611542802
71 4 1.3230867865664355
71 5 1.315348818172655
71 6 1.2268413488007324
71 7 0.8687342000340148
72 3 1.3184093704900557
72 4 1.322615147925659
72 5 1.3287705793122264
72 6 1.2997190434388974
72 7 0.9735191709219616
73 3 1.318421690438716
73 4 1.3142830532569052
73 5 1.317182917326925
73 6 1.292569890725653
73 7 1.046625165488971
74 3 1.3184304227383732
74 4 1.31678007167333
74 5 1.314020408238946
74 6 1.3069169060960888
74 7 1.0976294811528473
75 3 1.2754550517276868
75 4 1.314975110827979
75 5 1.3156403168561281
75 6 1.3091183265480182
75 7 1.1332139839425421
76 4 1.8242352510077056
76 5 1.9640406397093777
76 6 1.7808052757707715
76 7 1.1580404449785162
77 5 2.0622102083067713
77 6 2.202730444867672
77 7 1.1750863867943968
78 6 1.4766312357389113
78 7 1.187430253248005
79 7 1.1955976548329181
79 8 0.0
80 7 1.1981773232289852
80 8 1.2697925499302354
81 7 1.2029095909695369
81 8 1.8129472550099923
82 7 1.1944799037463896
82 8 2.191893427472332
83 7 1.2066232307332456
83 8 2.456275172531618
84 7 1.2079636329329697
84 8 2.634890610217443
85 7 1.181813100911885
85 8 2.7459959031231937
86 7 1.167751317836711
86 8 2.8226368663604213
87 7 1.2000739602827053
87 8 2.418709450318771
88 7 1.1984168404705855
88 8 1.3898438923758316
89 7 1.2045253322142992
89 8 1.1599161053000573
90 7 1.2095364552967351
90 8 1.157974149930276
90 9 0.0
91 7 1.212856532043469
91 8 1.2020882432122633
91 9 2.295966970745409
92 7 1.2136057659814197
92 8 1.2098940289422135
92 9 3.276738183681476
93 7 1.2141279182065723
93 8 1.2079768709968146
93 9 3.9629267936890744
94 7 1.2144921838808413
94 8 1.2089610206794326
94 9 4.329756604102426
95 7 1.2147462024838376
95 8 1.2118658415349715
95 9 4.48167627050583
96 7 1.2149172026348527
96 8 1.2137310202769966
96 9 4.778684250787986
97 7 1.1945462879966025
97 8 1.2031652836176885
97 9 4.800503177402122
98 7 1.1832323123264379
98 8 1.1447314832966213
98 9 1.4808962435001702
99 7 1.1973646520237478
99 8 1.173111420500233
99 9 1.0631781663843416
100 7 1.1995999149278973
100 8 1.213637747580264
100 9 1.1171911677103583
101 7 1.1899940619840557
101 8 1.206884307498637
101 9 1.1450510036234314
101 10 0.0
102 7 1.206660779703573
102 8 1.1665783178045082
102 9 1.1409457049127854
102 10 1.3392334152324983
103 7 1.1826027680172344
103 8 1.2289258633549132
103 9 1.1710976785887992
103 10 1.9120914982684678
104 7 1.2078495648957948
104 8 1.178909809433706
104 9 1.2004651569015903
104 10 2.3117610154821975
105 7 1.2031550193664242
105 8 1.2025184524213184
105 9 1.2493969778258134
105 10 2.5906008513376717
106 7 1.21125866159514
106 8 1.2074295626707523
106 9 1.1670583358387607
106 10 2.781534854792521
107 7 1.2125273511371077
107 8 1.2210763932974225
107 9 1.2755790515385912
107 10 2.8807744310997827
108 7 1.2125993762452998
108 8 1.2072470241095041
108 9 1.2243577148886564
108 10 2.9633899177017087
109 7 1.2140560400116023
109 8 1.2217242595707278
109 9 1.201670414901802
109 10 2.8922355077982025
110 7 1.213893921110202
110 8 1.2197764690359443
110 9 1.2456157148330331
110 10 2.9889943184090617
111 7 1.2147114034279305
111 8 1.2143097508176304
111 9 1.253050644946837
111 10 3.1362200096787842
112 7 1.2149047559805044
112 8 1.2151433233867184
112 9 1.201514452428036
112 10 3.1806103489489534
113 7 1.2150303176998412
113 8 1.216499825923183
113 9 1.210540636015813
113 10 3.1465023936484844
113 11 0.0
114 7 1.215121755475805
114 8 1.2151958919273365
114 9 1.2209712823605652
114 10 3.0171491133673887
114 11 2.606337948900895
115 7 1.215185567505995
115 8 1.2145910659237957
115 9 1.2157601757740892
115 10 3.0237825333873585
115 11 3.719375629536084
116 7 1.2152300659619528
116 8 1.2142373295233817
116 9 1.2140487581914938
116 10 2.9941703527557615
116 11 4.486191588985823
117 7 1.2146285554288005
117 8 1.2133904796560795
117 9 1.2129669279506607
117 10 3.2056330649808844
117 11 4.888451778465869
118 7 1.215282274042516
118 8 1.2116226841145863
118 9 1.2105648901513455
118 10 3.2242411070867747
118 11 4.832655715126734
119 7 1.2152981096253985
119 8 1.219386311619179
119 9 1.2129126273183577
119 10 3.228856459250579
119 11 5.586361200457763
120 7 1.2153084837284587
120 8 1.2169737259519873
120 9 1.2200655024383897
120 10 3.20837304742172
120 11 5.866606942171304
121 7 1.2153157407186705
121 8 1.2146331040402611
121 9 1.2196132170236893
121 10 1.7005919370447624
121 11 5.386639590288084
122 7 1.2153209940116492
122 8 1.2132995156973447
122 9 1.2134270750654985
122 10 1.1853353525688533
122 11 5.7233508651898175
123 7 1.2153245754447437
123 8 1.2146344707520011
123 9 1.2119003409283327
123 10 1.1434142899682798
123 11 6.189085153623829
124 7 0.3371249345618073
124 8 0.8569379071611963
124 9 1.0725644095373663
124 10 1.115540541097765
124 11 6.162587193048173
124 12 0.0
125 8 1.4124669717638512
125 9 1.2902884123734428
125 10 1.109454404991555
125 11 2.3077869916516245
125 12 0.532675143823972
126 9 1.6622293071426257
126 10 1.7965620365117552
126 11 1.5889448034985538
126 12 0.7605273317908493
127 10 1.8074620643254533
127 11 1.9088825733937431
127 12 0.9194944085931395
128 11 1.5406246169302342
128 12 1.0304019752319666
129 12 1.1077796855469317
130 12 1.1617641024670835
131 12 1.1994277233510744
132 12 1.2257047980674731
133 12 1.246404507557685
134 12 1.256898537472268
135 12 1.2630634716562665
135 13 0.0
136 12 1.2684524067165943
136 13 1.9342808408518715
137 12 1.2664604677276607
137 13 2.7614696263153307
138 12 1.2791035351849538
138 13 3.339231272899508
139 12 1.2805194145703513
139 13 3.7189874378106147
140 12 1.251567622745534
140 13 3.7241772988762976
141 12 1.24754656311241
141 13 1.5292226201208174
142 12 1.2736100101763899
142 13 1.1787122258974894
143 12 1.271142682940555
143 13 1.2623967266242968
144 12 1.2768282662756536
144 13 1.241747778057301
145 12 1.280686474054416
145 13 1.265908535661774
146 12 1.2846205572086886
146 13 1.2805822394743334
146 14 0.0
147 12 1.2851421304032569
147 13 1.298894292413862
147 14 1.1565541193931934
148 12 1.2855057332418547
148 13 1.2821129257983799
148 14 1.6512710359146423
149 12 1.2857593589364955
149 13 1.2822659690412443
149 14 1.9964232314793908
150 12 1.285934528614805
150 13 1.2841251714852913
150 14 2.2372282075736156
151 12 1.2917248078864914
151 13 1.2867984008882882
151 14 2.4100920134126134
152 12 1.2796123877545873
152 13 1.2784456681096628
152 14 2.508707965513464
153 12 1.277863695408233
153 13 1.25305414646231
153 14 2.5626859403927367
154 12 1.2748734364668486
154 13 1.259739444199317
154 14 2.600600699594279
155 12 1.2683094087730422
155 13 1.2642665586115243
155 14 2.5666311981559087
156 12 1.2781217468467343
156 13 1.2300836861377813
156 14 2.624727449807144
157 12 1.2442146654855006
157 13 1.294407759877625
157 14 2.7378038370754396
157 15 0.0
158 12 1.2796036413157947
158 13 1.2409778405027954
158 14 2.7603235923649057
158 15 0.9801736673087114
159 12 1.2723013846354931
159 13 1.2661726983523853
159 14 2.7701794558048283
159 15 1.399460794633932
160 12 1.2813105520043806
160 13 1.295591521929014
160 14 2.6973257364770955
160 15 1.691979132983124
161 12 1.283613045636876
161 13 1.285826626040309
161 14 2.5681284650132357
161 15 1.8960622423462505
162 12 1.2836447569580425
162 13 1.2944717110558641
162 14 2.5896774362025106
162 15 2.0384461369644744
163 12 1.2850163097085137
163 13 1.2910166023437837
163 14 2.526595400666897
163 15 2.137073131221159
164 12 1.2853678678028753
164 13 1.283527541316752
164 14 2.728860645015868
164 15 2.193787217390997
165 12 1.285701597393967
165 13 1.2850388330699571
165 14 2.2241061231256785
165 15 2.217516395273313
166 12 1.285895454515602
166 13 1.2851689827172907
166 14 1.3249300327792684
166 15 2.2401467150269894
167 12 1.2860318700613438
167 13 1.28515029400381
167 14 1.2289474432645922
167 15 2.1793918508651298
168 12 1.2861264895773572
168 13 1.2853402224695334
168 14 1.23612219819435
168 15 2.241045819690995
168 16 0.0
169 12 1.2861925751599312
169 13 1.2852006047237772
169 14 1.256977392615052
169 15 2.3029602773338507
169 16 2.5502530457285038
170 12 1.2862285532155804
170 13 1.2845937600648623
170 14 1.2712856877668268
170 15 2.347040683392683
170 16 3.6377890529800845
171 12 1.2860952157102106
171 13 1.2823135140028303
171 14 1.2771324495696963
171 15 2.3531249835459858
171 16 4.38562863924378
172 12 1.2862930348594717
172 13 1.2895539363349708
172 14 1.2816199199787714
172 15 2.357324741118224
172 16 4.782569153569798
173 12 1.2863086901974408
173 13 1.2884377492774668
173 14 1.2870933261515427
173 15 2.350399498121223
173 16 4.729127712368856
174 12 1.2863192546232964
174 13 1.2855376963374796
174 14 1.2927133597717406
174 15 2.2951013010364676
174 16 5.416978599194282
175 12 1.2863272700624124
175 13 1.2840881774096198
175 14 1.2852517703907709
175 15 2.302892495543099
175 16 5.712839865533877
176 12 1.2863325802878018
176 13 1.2857204246306608
176 14 1.2833135497210066
176 15 2.29587939389585
176 16 5.322800477840533
177 12 0.3345624381662921
177 13 0.858585211887547
177 14 1.1284773378107569
177 15 2.335965942024162
177 16 2.7182565817154867
178 13 1.2956536246842687
178 14 1.2848457860947078
178 15 2.348460471601381
178 16 2.2725998391067472
179 14 1.7044798363301488
179 15 2.361813187677371
179 16 2.336376852952567
179 17 0.0
180 15 2.363388572709636
180 16 2.3496970277650737
180 17 1.887021462048293
181 15 2.3649096976187964
181 16 2.353892693406391
181 17 2.694196282853376
182 15 2.3646106151419883
182 16 2.344909707064863
182 17 3.25721175808446
183 15 2.365502820946386
183 16 2.365746528139951
183 17 3.632000611497676
184 15 2.3663126503324623
184 16 2.36243797544903
184 17 3.8335803154175214
185 15 2.366530168118815
185 16 2.367260676866342
185 17 3.7963727803592735
186 15 2.36668151226738
186 16 2.3634747534460123
186 17 4.108549352351461
187 15 0.6935435018096009
187 16 1.4296573804528394
187 17 4.339063010578312
188 16 1.197502253024546
188 17 4.375702698756535
189 17 4.135507524558783
190 17 4.092996962140089
190 18 0.0
191 17 4.405426102914456
191 18 0.9581540525381472
192 17 4.5317006633116
192 18 1.3680051569963205
193 17 4.548868553902236
193 18 1.653948567680045
194 17 4.542088350320019
194 18 1.8534445072800305
195 17 4.5414306919877285
195 18 1.9926280805360395
196 17 0.7459493228840999
196 18 2.084432100574524
197 18 2.148517797773758
198 18 2.181880030915991
199 18 2.2297254773773063
200 18 2.163694180956996
201 18 2.2003345481912406
201 19 0.0
202 18 2.2316511200588294
202 19 2.8570104970152537
203 18 2.2801967404761987
203 19 4.079098815801058
204 18 2.2998543831666036
204 19 4.901446026847104
205 18 2.3040775084935765
205 19 5.322472852924566
206 18 2.2985842580166884
206 19 5.53004411872133
207 18 2.215901790013471
207 19 6.226474750569079
208 18 2.2655531448746555
208 19 4.946033776133188
209 18 2.2749113421505203
209 19 2.259043707092875
210 18 2.2016258012288064
210 19 2.157060724662302
211 18 2.301004896353475
211 19 2.278006590393663
212 18 2.3065215694017867
212 19 2.287950157913557
213 18 2.308560051459977
213 19 2.310262936419345
213 20 0.0
214 18 2.311129893971464
214 19 2.3080382121249143
214 20 2.568833482277184
215 18 2.311950356819246
215 19 2.306431729591152
215 20 3.668173190223486
216 18 2.312516709311912
216 19 2.308509398100755
216 20 4.4283120551438415
217 18 2.31104085785733
217 19 2.306969870189817
217 20 4.836723887921428
218 18 2.3131872717974424
218 19 2.3158056432455827
218 20 4.828852270110023
219 18 2.3133787443784564
219 19 2.3067553852642866
219 20 5.5576524949949855
220 18 2.2062884491357195
220 19 2.3014777588942583
220 20 5.71084476176598
221 19 1.8634563367219992
221 20 5.3800534759855
222 20 5.5397391308996395
223 20 6.061956614949698
224 20 6.1274741999939755
224 21 0.0
225 20 6.144028121873346
225 21 0.8052929439058047
226 20 1.8832289586770483
226 21 1.1497575997293727
227 21 1.3900825881167844
228 21 1.5577513989265745
229 21 1.674729984368362
230 21 1.754498127804765
231 21 1.814248517611377
232 21 1.8463162134775355
233 21 1.8731149004329206
234 21 1.8962683744385023
235 21 1.865629855151316
235 22 0.0
236 21 1.8147790231651553
236 22 1.5207566056053936
237 21 1.8549659562787462
237 22 2.171261369060872
238 21 1.8891339585204248
238 22 2.625103113730847
239 21 1.9233603398113974
239 22 2.9407553771307002
240 21 1.9382488605998842
240 22 3.135141660921618
241 21 1.940194270723931
241 22 3.267221914711377
242 21 1.9415457490240333
242 22 3.179826683524433
243 21 1.9346920085167165
243 22 3.3396398388429924
244 21 1.8691229943143215
244 22 3.527267469555353
245 21 1.8302691389693346
245 22 3.5860992259491713
246 21 1.86505598275533
246 22 3.5288861636674813
246 23 0.0
247 21 1.8778586499806633
247 22 3.3552652739887767
247 23 1.9833722150995567
248 21 1.9214212280118568
248 22 3.2715910324501754
248 23 2.8317611302694483
249 21 1.93057549299547
249 22 2.1914886301881378
249 23 3.421639049109789
250 21 1.9404355366767527
250 22 1.8919700311871925
250 23 3.804777360820903
251 21 1.9416358575653136
251 22 1.9039992522044529
251 23 4.041317681078886
252 21 1.9433583352466839
252 22 1.917433146370135
252 23 3.9599178822560392
253 21 1.9437620425554234
253 22 1.931108569676305
253 23 4.315669003058044
254 21 1.9421246414859492
254 22 1.9189150104134223
254 23 4.560674358157392
255 21 1.9440577690527663
255 22 1.9557696368247421
255 23 4.531719403113145
256 21 1.9432582748274618
256 22 1.9400314000267087
256 23 4.239439523681476
257 21 1.944464633075409
257 22 1.947743964977891
257 23 4.35988388147301
257 24 0.0
258 21 1.9445302473443409
258 22 1.9441628994670899
258 23 4.775202711088092
258 24 0.5666876508659573
259 21 1.944577006655931
259 22 1.9308851985185076
259 23 4.750173839414938
259 24 0.8090887155630656
260 21 0.6440354319228309
260 22 1.3304622833834543
260 23 4.748403140551243
260 24 0.9782061973893683
261 22 1.3715919955238758
261 23 4.776982987915344
261 24 1.0961954602043358
262 23 2.148031856281124
262 24 1.1785137741252634
263 24 1.2359453144153816
264 24 1.2760140359755725
265 24 1.3039688099146154
266 24 1.32047416071075
267 24 1.3360144250838608
268 24 1.3429041801877297
268 25 0.0
269 24 1.3495243604997198
269 25 1.6143855297180154
270 24 1.348952039414867
270 25 2.3049401311836535
271 24 1.3487478378146693
271 25 2.7867237012755024
272 24 1.323722238308987
272 25 3.1166074424895216
273 24 1.30934008058314
273 25 3.324902985151144
274 24 1.3510405801100174
274 25 3.4660719492675405
275 24 1.3488199310454212
275 25 2.8539250484325036
276 24 1.356352969148919
276 25 1.4506802920455468
277 24 1.3609794782942257
277 25 1.3074633338912582
278 24 1.3657365013959444
278 25 1.3224987862060644
279 24 1.3665665816643713
279 25 1.3466479118655528
279 26 0.0
280 24 1.3671453099421331
280 25 1.3489433212732367
280 26 2.1029061923568086
281 24 1.367549018638298
281 25 1.3579679225197845
281 26 3.030154598338174
282 24 1.3678248933340407
282 25 1.3637023948648472
282 26 3.6273866969659108
283 24 1.3622197469925361
283 25 1.3628963299821033
283 26 4.0127840025907915
284 24 1.3578295344799582
284 25 1.3326407460161755
284 26 4.243688382682743
285 24 1.3464114876963231
285 25 1.336723138943294
285 26 4.234408655080633
286 24 1.318267980907719
286 25 1.3220845787851832
286 26 4.673324532331425
287 24 1.314533760344197
287 25 1.2911905545253006
287 26 4.845018227313676
288 24 1.3568495056617633
288 25 1.3801218902332666
288 26 3.9164632641274917
289 24 1.337599327403641
289 25 1.3602587302708262
289 26 1.485647425805936
290 24 1.3507752432704516
290 25 1.3414209931539105
290 26 1.3266428089653053
290 27 0.0
291 24 1.3645434347039875
291 25 1.3593360969776132
291 26 1.2540565994154416
291 27 1.816966641167162
292 24 1.3658067379733674
292 25 1.3750435991059309
292 26 1.3755200037020632
292 27 2.594175951275173
293 24 1.3658928493373792
293 25 1.374540657371572
293 26 1.3733377679094971
293 27 3.136393311625061
294 24 1.3670592137490543
294 25 1.37520502022378
294 26 1.3748184616384624
294 27 3.5054202881491365
295 24 1.3676129579018594
295 25 1.3650741165302043
295 26 1.3733581740915082
295 27 3.6924576842997996
296 24 1.367874800401627
296 25 1.3683291110934712
296 26 1.3657936602769232
296 27 3.674481232990606
297 24 1.3680620056262691
297 25 1.367217199193878
297 26 1.3658676104478127
297 27 3.9247344027740008
298 24 1.3681882259315739
298 25 1.367447139444167
298 26 1.367021837331375
298 27 4.160476397354226
299 24 1.3682779579054205
299 25 1.3674221179744501
299 26 1.3665361247381627
299 27 4.241360087253285
300 24 1.368338590284478
300 25 1.3671111044529842
300 26 1.3664227996100728
300 27 3.93130110401003
301 24 1.3673671406482661
301 25 1.3655682664677324
301 26 1.3652998123407918
301 27 3.9897948005503756
301 28 0.0
302 24 1.3684116067993686
302 25 1.3670196133746728
302 26 1.3630855892226657
302 27 4.255646618329963
302 28 2.191230901704505
303 24 1.368432454569543
303 25 1.3732980777606276
303 26 1.3683765075406598
303 27 4.290790843360402
303 28 3.12853153549267
304 24 1.3684463592642089
304 25 1.3684837572983137
304 26 1.3756248644641647
304 27 4.400357802161485
304 28 3.77706931190154
305 24 1.3684573421198558
305 25 1.3663556038502962
305 26 1.3681777645805995
305 27 4.277171661104067
305 28 4.156575451081608
306 24 1.3684644493974965
306 25 1.3674638393995433
306 26 1.364972037668479
306 27 1.7905656510403256
306 28 4.366191761419161
307 24 0.4708163974283381
307 25 0.9926105024033748
307 26 1.22388641559473
307 27 1.2506112292223164
307 28 4.490245697558201
308 25 1.3775299612823309
308 26 1.3906506628694852
308 27 1.2264448209074061
308 28 4.909191863724878
309 26 1.5663685091640376
309 27 1.7477737099433837
309 28 4.9843112774636715
310 27 1.5623905954883996
310 28 4.673722148648853
311 28 4.724117001474707
312 28 5.1298869581357955
313 28 5.224837403815679
313 29 0.0
314 28 5.268862965175227
314 29 1.4287309751965243
315 28 5.319146158366095
315 29 2.0398717065679026
316 28 0.7900354408112378
316 29 2.465359098062642
317 29 2.7637187179617624
318 29 2.9564166814980695
319 29 3.064798000211493
320 29 3.1263391720115528
321 29 3.1212875566074483
322 29 3.271678945608409
323 29 3.3681142702730833
324 29 3.392860546337227
324 30 0.0
325 29 3.260497947916812
325 30 2.122307206917459
326 29 3.191768495866709
326 30 3.0306234710529214
327 29 3.1788344539074136
327 30 3.664276933458371
328 29 3.418529277346568
328 30 4.051751622015541
329 29 3.4370446013095033
329 30 4.294091858830224
330 29 3.4433690151158722
330 30 4.2883136847014915
331 29 3.473870756236453
331 30 4.736965359642207
332 29 3.434698922256738
332 30 4.8631850313999525
333 29 3.4478954204209655
333 30 4.6387460831064855
334 29 2.5001477374746046
334 30 4.541006857413924
335 30 4.968320770095871
335 31 0.0
336 30 5.094185222212761
336 31 2.0206908491873907
337 30 5.064138402494292
337 31 2.8850428419187737
338 30 5.09041268697297
338 31 3.485025285880791
339 30 2.7673385670755417
339 31 3.8707852024089537
340 31 4.143431631717645
341 31 4.102084579467123
342 31 4.468632543402895
343 31 4.6471610241991295
344 31 4.54205340955461
345 31 4.409232854580092
346 31 4.579438019680674
346 32 0.0
347 31 4.79467977752897
347 32 1.9994609737451925
348 31 4.837954503755418
348 32 2.8547318815835543
349 31 4.885778450762673
349 32 3.4477875590253007
350 31 4.853415002460198
350 32 3.8327914898766746
351 31 0.8818167876687428
351 32 4.080209670511641
352 32 4.055650681989569
353 32 4.414132524223896
354 32 4.598307114698937
355 32 4.572469236668537
356 32 4.372525349987092
357 32 4.479610562967261
357 33 0.0
358 32 4.792601542560869
358 33 2.861782635353544
359 32 4.836936951367373
359 33 4.085910135263516
360 32 4.797774397915139
360 33 4.895603466150272
361 32 4.809692200840958
361 33 5.317915460998391
362 32 1.3655012108517341
362 33 5.565409588454921
363 33 6.237752028247363
364 33 6.038789347304391
365 33 5.841033648195974
366 33 6.717695830028449
367 33 6.756509592256143
368 33 6.802999453061949
368 34 0.0
369 33 1.3102020885139
369 34 0.4490956747637305
370 34 0.641197158614651
371 34 0.7752211021906249
372 34 0.8687266852331061
373 34 0.9339632176746412
374 34 0.9794764838265286
375 34 1.011086709250218
376 34 1.0333852240201722
377 34 1.0488360036017863
378 34 1.05962344823836
379 34 1.0671343006256442
379 35 0.0
380 34 1.0719043125006342
380 35 1.4671108890659859
381 34 1.0716164386176223
381 35 2.0946691774661144
382 34 1.0741975014751282
382 35 2.532502368385879
383 34 1.072332016916762
383 35 2.83860054834196
384 34 1.081326358762771
384 35 3.0337380632764974
385 34 1.0820546450243211
385 35 2.167657818646122
386 34 1.0673361525511171
386 35 1.1205796567022752
387 34 1.0708609997497247
387 35 0.979254561366871
388 34 1.0686274074646804
388 35 0.9862600620219382
389 34 1.0755406856337921
389 35 0.9964057075719335
390 34 1.0719370249994975
390 35 1.111460549303791
390 36 0.0
391 34 1.0775177741375108
391 35 1.0839265257233275
391 36 1.921445774240189
392 34 1.082695256449202
392 35 1.0927196300906912
392 36 2.7426773511993603
393 34 1.0828685235182114
393 35 1.0922522189349155
393 36 3.3171022733023565
394 34 1.0836283382104719
394 35 1.090170083945152
394 36 3.6926268566211276
395 34 1.0838953080214457
395 35 1.0893924714308947
395 36 3.914138996047589
396 34 1.0840813571802963
396 35 1.082304701761313
396 36 3.8210572551060396
397 34 1.0842111318356007
397 35 1.0822288615342266
397 36 4.1537777567877745
398 34 1.0843015743763447
398 35 1.0831978260394086
398 36 2.446883463896581
399 34 1.0843609718909886
399 35 1.0838939271835035
399 36 1.0774249951014352
400 34 1.0527056047710641
400 35 1.0669954329607811
400 36 0.9974567713743271
401 34 1.0705348362781888
401 35 1.0355430576869746
401 36 0.9931967732687149
402 34 1.0768150776497016
402 35 1.0383839811384874
402 36 0.9740106958372031
402 37 0.0
403 34 1.0777455555227833
403 35 1.0823050284679596
403 36 1.0023498614078645
403 37 2.38824652741375
404 34 1.0666490968198366
404 35 1.0606425913038882
404 36 1.0511401820411452
404 37 3.4089240827173435
405 34 1.059929292373232
405 35 1.0630759175662436
405 36 1.0922451169359508
405 37 4.119614831734001
406 34 1.0765180061927495
406 35 1.0638463251955783
406 36 1.0467331240330795
406 37 4.478451685489162
407 34 1.0473507198666179
407 35 1.103821792791549
407 36 1.042608600401022
407 37 4.554929116612631
408 34 1.0778282972574962
408 35 1.055467136357674
408 36 1.0721017176334962
408 37 4.987912998310593
409 34 1.0720585941001166
409 35 1.0691509331496116
409 36 1.1005189379356712
409 37 5.375091141803709
410 34 1.0810523537594139
410 35 1.0756365254506106
410 36 1.067815997494637
410 37 5.149757769746002
411 34 1.0775168591185844
411 35 1.113110896296484
411 36 1.1260949792994226
411 37 3.2812841325421793
412 34 1.082576630288785
412 35 1.0672773497767496
412 36 1.088256604134046
412 37 1.1004739389516884
413 34 1.0833183867970084
413 35 1.108220483354161
413 36 1.1002193591382454
413 37 1.0182252465392037
413 38 0.0
414 34 1.0836040525723163
414 35 1.0901828761373038
414 36 1.092465526074
414 37 1.0817384654991933
414 38 0.3588128729981371
415 34 1.0839159787589077
415 35 1.0853024452781992
415 36 1.098172068669704
415 37 1.006358327400484
415 38 0.5122953563604833
416 34 1.0841068794582174
416 35 1.0849336916401071
416 36 1.0904201981239219
416 37 1.11744827250386
416 38 0.6193764462308771
417 34 1.0842225947737443
417 35 1.0859733764549186
417 36 1.0896443890452818
417 37 1.0856955480954915
417 38 0.6940843864864292
418 34 1.084314124118318
418 35 1.0841327315134561
418 36 1.0881769276462492
418 37 1.1010860731893828
418 38 0.746206344700531
419 34 1.0843735729987642
419 35 1.0841217851394132
419 36 1.0842366895044284
419 37 1.0817764851555243
419 38 0.7825706066013337
420 34 1.0844148265371212
420 35 1.083998077928458
420 36 1.0832786334445461
420 37 1.0815695948342197
420 38 0.8079410836709524
421 34 1.0844440033149754
421 35 1.0838335845077238
421 36 1.0834684897769522
421 37 1.0802821768547555
421 38 0.8256414700458318
422 34 1.084464080802583
422 35 1.083191165492545
422 36 1.082782865283352
422 37 1.08283662404255
422 38 0.8379906058284132
423 34 1.0838322996043903
423 35 1.0816189484027876
423 36 1.081497547230074
423 37 1.0813948521677712
423 38 0.8466063091516758
424 34 1.0844880400195078
424 35 1.0829308047416002
424 36 1.0798376548406725
424 37 1.0778485754742058
424 38 0.8524164368176769
424 39 0.0
425 34 1.0844948349083925
425 35 1.0899899257981516
425 36 1.0842207268534294
425 37 1.0810654484012217
425 38 0.8568057765702037
425 39 2.231716941758642
426 34 1.0844996409761651
426 35 1.08537758792708
426 36 1.0892810697449484
426 37 1.0530467143324092
426 38 0.8597365944150052
426 39 3.1863355094891626
427 34 1.0845029837662927
427 35 1.0836637790986454
427 36 1.088153148614879
427 37 1.1193897334577774
427 38 0.8611487812120358
427 39 2.7217920903548007
428 34 1.0845053406813432
428 35 1.0825134634856766
428 36 1.0828687590928405
428 37 1.096077992995581
428 38 0.8630743487457228
428 39 0.9680970440523067
429 34 1.084506964378796
429 35 1.0837036075438784
429 36 1.081364918666043
429 37 1.0824221001032137
429 38 0.8629682790464397
429 39 0.8079518319521108
430 34 0.6827743238085446
430 35 0.9780438199017134
430 36 1.0580413010021648
430 37 1.0748845113379855
430 38 0.8622035304575694
430 39 0.8009876600562974
431 35 1.5648257249469797
431 36 1.479436855677913
431 37 1.2722658171524368
431 38 0.8642066235355912
431 39 0.8374941745274159
432 36 1.7743433471264585
432 37 2.0235564146177127
432 38 0.8634240268781513
432 39 0.8371335214715174
433 37 1.6353042773027988
433 38 0.8657055905864576
433 39 0.8368416145624145
434 38 0.8659232436055259
434 39 0.8933628391414958
435 38 0.8540525684908578
435 39 0.8626873432550641
435 40 0.0
436 38 0.8609030233339745
436 39 0.8348913362562005
436 40 0.9367577911980759
437 38 0.8388693358291794
437 39 0.8027972966926287
437 40 1.3374566313894964
438 38 0.8610613249097661
438 39 0.8532445389816276
438 40 1.617014721047795
439 38 0.8630015465767712
439 39 0.8742299519913399
439 40 1.8120557789274563
440 38 0.8567561879356456
440 39 0.8830292225675496
440 40 1.9481312850013384
441 38 0.8638981283729751
441 39 0.8716950645558201
441 40 2.038440097952626
442 38 0.8650773085594818
442 39 0.8762524381052043
442 40 2.0998156887806014
443 38 0.8639515358005602
443 39 0.8585898576274553
443 40 2.1377085909949263
444 38 0.8658179095692143
444 39 0.8742782410775893
444 40 2.1885531359424664
445 38 0.866022056887489
445 39 0.8720135430875814
445 40 2.082073646538775
446 38 0.8661633383200438
446 39 0.8723784537541304
446 40 2.135265844167457
446 41 0.0
447 38 0.8662617564043684
447 39 0.8663144713857696
447 40 2.1433141603463337
447 41 1.4880709129100314
448 38 0.8663304257225601
448 39 0.8653985621801368
448 40 2.1091191068210016
448 41 2.1245943470786526
449 38 0.8663783132270488
449 39 0.8657147810959763
449 40 1.1426303168117915
449 41 2.5686817050041686
450 38 0.8664116928619426
450 39 0.8660865861730036
450 40 0.8523538030053361
450 41 2.8745858409342597
451 38 0.8664334852817754
451 39 0.8663041092535232
451 40 0.8087225808345684
451 41 3.077912831604904
452 38 0.8602464200522539
452 39 0.8646239417490863
452 40 0.8166572326518666
452 41 3.181595681377596
453 38 0.8659503476972805
453 39 0.8725425253198065
453 40 0.8371957443834385
453 41 3.1293862565328423
454 38 0.8592437263594053
454 39 0.8289404776628767
454 40 0.8261195142799523
454 41 3.2360394039891154
455 38 0.8609538115631675
455 39 0.8537424350395284
455 40 0.8390531448365187
455 41 3.4279677460296583
456 38 0.8572520004108427
456 39 0.847513107410307
456 40 0.8001147604409294
456 41 3.5095608847034256
457 38 0.8506461562256203
457 39 0.8374928502641639
457 40 0.841068485460661
457 41 1.829799375884904
457 42 0.0
458 38 0.8515445344589235
458 39 0.8848331121468692
458 40 0.8499209992558422
458 41 0.7953683137242107
458 42 1.5074661012614041
459 38 0.8559028967166459
459 39 0.8306867101115516
459 40 0.837879972141113
459 41 0.8008216524529648
459 42 2.1522858364696726
460 38 0.859919081615758
460 39 0.8475103318427546
460 40 0.8494810580619507
460 41 0.7627778827404299
460 42 2.600965117798253
461 38 0.8473594485024577
461 39 0.9086509677826985
461 40 0.8662492979543911
461 41 0.8146645607296564
461 42 2.91471818148792
462 38 0.858707154581018
462 39 0.8388136666907074
462 40 0.8687773798074249
462 41 0.8400533105457707
462 42 3.104261086439208
463 38 0.8590751713726962
463 39 0.8097356402546729
463 40 0.8571504679491498
463 41 0.8147599589494254
463 42 3.21944877790516
464 38 0.8629241496872126
464 39 0.9065692566728556
464 40 0.8640159039202384
464 41 0.8480774207220504
464 42 3.128122231569341
465 38 0.8639917815965166
465 39 0.8490151673375554
465 40 0.8362424390254122
465 41 0.8760124485300744
465 42 3.2877618644130338
466 38 0.8604754872287457
466 39 0.8949498790682586
466 40 0.8931132918282058
466 41 0.8744872997173271
466 42 3.4914253241399735
467 38 0.8652181254777818
467 39 0.8384012007482199
467 40 0.8603698713770714
467 41 0.8677313159722974
467 42 3.5554141399921315
468 38 0.8650038875271423
468 39 0.8920869281103853
468 40 0.8990132285007478
468 41 0.8906547229398474
468 42 3.555807721806143
468 43 0.0
469 38 0.8658703595482926
469 39 0.877722723374061
469 40 0.882587403743756
469 41 0.8989922102405311
469 42 3.3305297568387005
469 43 1.9676875323954215
470 38 0.8660564189039087
470 39 0.8704884773004091
470 40 0.8733956940074158
470 41 0.901301326357556
470 42 3.3179543588138496
470 43 2.8093673212229944
471 38 0.8661144610919548
471 39 0.8651550934113993
471 40 0.8816058073460269
471 41 0.876493151139105
471 42 1.4518798607643086
471 43 3.393922494958862
472 38 0.8662788179061178
472 39 0.8649342155306831
472 40 0.86871533750901
472 41 0.8704390025317915
472 42 0.8917349969776579
472 43 3.7749882441734104
473 38 0.8663418663882277
473 39 0.8694354977046935
473 40 0.8687202165998493
473 41 0.8842303260718964
473 42 0.795269005500257
473 43 3.9875448809678704
474 38 0.8663859890607329
474 39 0.8666617335463085
474 40 0.8658834658328638
474 41 0.8712942817899845
474 42 0.8126574736260214
474 43 3.888243045101235
475 38 0.8664175433372127
475 39 0.8660969427663247
475 40 0.8691314727223521
475 41 0.8697458173824841
475 42 0.8415291293242597
475 43 4.246392991077992
476 38 0.8664391598268473
476 39 0.8662879959872916
476 40 0.867013802656584
476 41 0.8643576671775614
476 42 0.8458599882548192
476 43 4.526660362404952
477 38 0.8664541458854093
477 39 0.8660908634450084
477 40 0.8659301560022961
477 41 0.8707816125282765
477 42 0.8614801544413886
477 43 4.445780874965897
478 38 0.8664646451839461
478 39 0.865931016394344
478 40 0.8658702947311653
478 41 0.8670145289789319
478 42 0.8630937601173452
478 43 4.307967664998827
479 38 0.8664719668897697
479 39 0.8656947403822721
479 40 0.8655060937300216
479 41 0.8652906485776889
479 42 0.8679870078490408
479 43 4.361423315966394
479 44 0.0
480 38 0.8664770943066976
480 39 0.8652857655200639
480 40 0.8650804719626234
480 41 0.8650482094197786
480 42 0.865882123356187
480 43 4.332408099092551
480 44 0.7857349187621324
481 38 0.8658941310335618
481 39 0.8642439643242663
481 40 0.8643172042496734
481 41 0.8643414388836517
481 42 0.864351568944605
481 43 1.234515996642942
481 44 1.1218336143334027
482 38 0.8664829544049613
482 39 0.8635479090736893
482 40 0.8627853575241119
482 41 0.8630550803087911
482 42 0.8635979488889646
482 43 0.8116684918183602
482 44 1.3563217144876856
483 38 0.8664848924139563
483 39 0.871208427841796
483 40 0.8650456015812389
483 41 0.8627322761576401
483 42 0.8623041449732987
483 43 0.7804867800992147
483 44 1.5199185111586428
484 38 0.866486719122444
484 39 0.86899467422927
484 40 0.8675348495114851
484 41 0.8653313736276832
484 42 0.8633786941266455
484 43 0.7938774199840958
484 44 1.6340561260985376
485 38 0.8664869208844624
485 39 0.8665511926256464
485 40 0.8704487822451586
485 41 0.8669270581559316
485 42 0.8651828731444766
485 43 0.8179354691802855
485 44 1.713687120722825
486 38 0.8664874153784318
486 39 0.8655721856222552
486 40 0.8697714492571035
486 41 0.8681503448315768
486 42 0.8668576766077575
486 43 0.8404439874664601
486 44 1.764455368314482
487 38 0.8664879413885505
487 39 0.8646507459769939
487 40 0.865856460875972
487 41 0.8703114175286042
487 42 0.8673687336278206
487 43 0.8551642598219799
487 44 1.7938034328190666
488 38 0.8664882281885227
488 39 0.8652254807933458
488 40 0.8641606406926012
488 41 0.8690161845014461
488 42 0.8678039334132059
488 43 0.862927252354914
488 44 1.8150889359326845
489 38 0.8664884282819543
489 39 0.8662787506920687
489 40 0.8641545805592694
489 41 0.8646221062757927
489 42 0.8687853746016042
489 43 0.8651196225118012
489 44 1.8315173079895977
490 38 0.5900592581151958
490 39 0.7998332623381962
490 40 0.8540631318799832
490 41 0.8619611513207321
490 42 0.8679447866944737
490 43 0.8661990427906507
490 44 1.7949262969325208
490 45 0.0
491 39 1.4688329865337186
491 40 1.3061165348346366
491 41 1.06118559358609
491 42 0.9238534091858355
491 43 0.8827558486294602
491 44 1.7853680578129854
491 45 1.1496556468237942
492 40 1.6871644310988803
492 41 1.5516050115153717
492 42 1.3375613115185376
492 43 1.1296359620651157
492 44 1.8040595540552111
492 45 1.641421703197024
493 40 0.3521305905161137
493 41 1.0976922087300895
493 42 1.4639736005751676
493 43 1.5348682536848388
493 44 1.8157337691249893
493 45 1.9845152287656058
494 41 1.3847269590150868
494 42 1.4338817803219006
494 43 1.4451059353128093
494 44 1.8714124068446871
494 45 2.2238834472691242
495 42 1.6951038338313775
495 43 1.8479749291781309
495 44 1.8911815182495677
495 45 2.387057921898507
496 43 1.7114680640328888
496 44 1.8930779209525763
496 45 2.499187782006783
497 44 1.8944003648339336
497 45 2.5506294417708015
498 44 1.8870922303815203
498 45 2.5995758175346233
499 44 1.8722659967252466
499 45 2.541913545321739
500 44 1.8312202382503469
500 45 2.615489815878161
501 44 1.7930803592547366
501 45 2.706843238455439
502 44 1.7763784828352907
502 45 2.743745571173839
502 46 0.0
503 44 1.8009482650576503
503 45 2.7535785677911013
503 46 0.3541998859586398
504 44 1.8616588486688612
504 45 2.6769483292986997
504 46 0.5081590299655298
505 44 1.8735342858080033
505 45 2.5790167592969993
505 46 0.6143755363194245
506 44 1.8957515708344994
506 45 2.571991094906475
506 46 0.6884802769361611
507 44 1.8957129522732012
507 45 2.5254778038210066
507 46 0.7401814002947686
508 44 1.8969406266710798
508 45 2.7241932490616323
508 46 0.7762520494864037
509 44 1.8970612827657602
509 45 2.731796010536477
509 46 0.8014176854981563
510 44 1.8972123262417848
510 45 2.777878874892991
510 46 0.8189751556055348
511 44 1.9115669110660332
511 45 2.774892864346693
511 46 0.8312245867656411
512 44 1.896840083670281
512 45 2.7589764617737806
512 46 0.8397707185028869
513 44 1.8973708915287755
513 45 2.7777915148902395
513 46 0.8457331424804895
513 47 0.0
514 44 1.8967818223977313
514 45 2.2801264287193717
514 46 0.8498929593965782
514 47 1.004895282718299
515 44 1.897256276654839
515 45 1.8726935589122407
515 46 0.8513438401359905
515 47 1.4347399843897903
516 44 0.5390780722651792
516 45 1.2202588232428526
516 46 0.8547215330530215
516 47 1.7346324519306584
517 45 1.393022302118106
517 46 0.85619167442944
517 47 1.9438603172740314
518 46 0.8545668491091949
518 47 2.0898335903899548
519 46 0.856202734073316
519 47 2.18880266572263
520 46 0.8581525397648799
520 47 1.3476323692333292
521 46 0.8500527016182452
521 47 0.8781554034420894
522 46 0.8586834837329014
522 47 0.8041214055595987
523 46 0.8587797493193106
523 47 0.8122442455736995
524 46 0.8562001702888778
524 47 0.8416453403606197
524 48 0.0
525 46 0.8345404892133286
525 47 0.8232583372046524
525 48 1.1784343094576843
526 46 0.8379582609996309
526 47 0.8061538350905235
526 48 1.6825104564979376
527 46 0.8544828105440729
527 47 0.8240597973506933
527 48 2.0340091348235925
528 46 0.8524856798858232
528 47 0.8081549489055526
528 48 2.279553647225221
529 46 0.8509110401293212
529 47 0.9073734446796948
529 48 2.4516914699721735
530 46 0.8573537256974758
530 47 0.8714061002141696
530 48 2.556255582603849
531 46 0.8548154124770193
531 47 0.8499521079104957
531 48 2.608329469937912
532 46 0.8584217781633181
532 47 0.8741537413929106
532 48 2.624432470216324
533 46 0.8585323083212716
533 47 0.8609539302119039
533 48 2.586150430474492
534 46 0.8589770289981278
534 47 0.8646826735900857
534 48 1.562128179463194
535 46 0.8591330919072571
535 47 0.8702663629588054
535 48 0.8949734158179962
535 49 0.0
536 46 0.8592418326065281
536 47 0.8638250768910529
536 48 0.815964586624545
536 49 2.1519956976528283
537 46 0.8593176969128645
537 47 0.8595410980900734
537 48 0.8172687692848156
537 49 3.0725134760097754
538 46 0.8593706164732386
538 47 0.8586217559357877
538 48 0.8223093903847489
538 49 3.711646281156489
539 46 0.8594075448128111
539 47 0.8587668659361234
539 48 0.8350456025720208
539 49 4.098498936614277
540 46 0.8594325905266226
540 47 0.8590784114209064
540 48 0.8471536180396897
540 49 4.3185283915674795
541 46 0.8591221592098778
541 47 0.8592946229496622
541 48 0.8546258223139555
541 49 4.304778395696219
542 46 0.8552779874158455
542 47 0.8555654679581689
542 48 0.8559923006239883
542 49 4.4758780825170685
543 46 0.8259106399512938
543 47 0.8460135066743049
543 48 0.8558711386124331
543 49 1.2670755423267885
544 46 0.858619874115234
544 47 0.8011518064184199
544 48 0.8055474498225444
544 49 0.7979274648884482
545 46 0.8446783211341885
545 47 0.8274342421970812
545 48 0.8130118266398936
545 49 0.7422837505706325
546 46 0.8518114943452426
546 47 0.8673858589137776
546 48 0.8180703121201209
546 49 0.7474433191681743
546 50 0.0
547 46 0.8485481037534917
547 47 0.8358403487458436
547 48 0.8387318003656464
547 49 0.7697040727697053
547 50 2.4079815549968835
548 46 0.8377882698405646
548 47 0.8740615081048734
548 48 0.8732409710432557
548 49 0.8049024861077652
548 50 3.436362047707006
549 46 0.8542231904868934
549 47 0.8131695014858271
549 48 0.8131420368519586
549 49 0.8420197487242636
549 50 4.157904193370465
550 46 0.8548333765288628
550 47 0.8395018802578592
550 48 0.8493480472379998
550 49 0.8233051024649765
550 50 4.5098646272793275
551 46 0.8237581567989546
551 47 0.8850431358492911
551 48 0.8251914815404231
551 49 0.7999748343932617
551 50 4.552408792802554
552 46 0.8543008686878073
552 47 0.8422813753804903
552 48 0.8429632250773267
552 49 0.8627917730714695
552 50 5.002691398400562
553 46 0.8471639708911431
553 47 0.8291899496131079
553 48 0.8754917371634632
553 49 0.8083240812876843
553 50 5.41955640751884
554 46 0.8566224124843249
554 47 0.8881232663109905
554 48 0.8698968745914205
554 49 0.8753041071753997
554 50 4.610258524427135
555 46 0.8571075878224026
555 47 0.8573311690663916
555 48 0.8278794209403372
555 49 0.9063216979531576
555 50 1.1337529064019238
556 46 0.8575405138918253
556 47 0.8767274852358607
556 48 0.9219345682810589
556 49 0.8800983404789728
556 50 0.781596397493696
557 46 0.8584512705085633
557 47 0.8473879519337718
557 48 0.8565989267284831
557 49 0.8369404474922416
557 50 0.8569172921096782
557 51 0.0
558 46 0.8586783084276974
558 47 0.8722098170734133
558 48 0.8882265143629858
558 49 0.9215098025738114
558 50 0.8132107589044263
558 51 1.477759128757924
559 46 0.8589859851025798
559 47 0.8667135701651033
559 48 0.8610825046399236
559 49 0.8670317213279741
559 50 0.802013328857522
559 51 2.1098716881255504
560 46 0.8587878668418518
560 47 0.8653529742981254
560 48 0.8743395905859824
560 49 0.89805137664622
560 50 0.919496219256152
560 51 2.5508816422265777
561 46 0.859245034971094
561 47 0.8596517424629785
561 48 0.8734647844670514
561 49 0.8643697105206085
561 50 0.8645801157513483
561 51 2.8606877518491105
562 46 0.8593206607004534
562 47 0.8593892407728998
562 48 0.8649516757991405
562 49 0.8872615885976035
562 50 0.8937127363022063
562 51 3.040091626823549
563 46 0.8593682318204652
563 47 0.8618558970000537
563 48 0.861691054330861
563 49 0.8677134719181299
563 50 0.8530346932806419
563 51 3.1486081973932962
564 46 0.8594089705934888
564 47 0.8597934547578596
564 48 0.8596850712141488
564 49 0.8622231142919637
564 50 0.880337470364077
564 51 3.1090390374438894
565 46 0.8594343067805695
565 47 0.8592428076000814
565 48 0.8625449041936816
565 49 0.8589884509283259
565 50 0.8629903036818267
565 51 3.2511479887675168
566 46 0.8594519750827346
566 47 0.8592709541483423
566 48 0.8597509807365535
566 49 0.8592842412735487
566 50 0.8635253882123699
566 51 3.3866001547028786
567 46 0.8594643963199948
567 47 0.8591248686815606
567 48 0.8588993451989325
567 49 0.8616006162954492
567 50 0.8449134296387746
567 51 3.485887076362911
568 46 0.8594729050055375
568 47 0.8589991187406772
568 48 0.8588360327990054
568 49 0.8594186680425165
568 50 0.8715401337135207
568 51 3.5086109255688713
568 52 0.0
569 46 0.8594788944666254
569 47 0.8588073646778054
569 48 0.8585468407616743
569 49 0.8583395739291461
569 50 0.8647378131950904
569 51 3.2876014187141527
569 52 1.9821996031038331
570 46 0.8594831008685615
570 47 0.858461589144134
570 48 0.858173811091052
570 49 0.8581379370540739
570 50 0.8589434006950368
570 51 3.450470923918903
570 52 2.8300869412318352
571 46 0.8591442937715913
571 47 0.8572502799213714
571 48 0.8573478457631533
571 49 0.8574016166670402
571 50 0.8573332904202501
571 51 3.482162678181411
571 52 3.4210757653651185
572 46 0.859488058619379
572 47 0.856985710448518
572 48 0.8559450077042753
572 49 0.8560081354571616
572 50 0.8562990192964512
572 51 3.526099093638814
572 52 3.7923098026166167
573 46 0.8594894410573074
573 47 0.8629067378486996
573 48 0.8575440025296417
573 49 0.8555724536271722
573 50 0.8550113570124828
573 51 3.479146452580621
573 52 4.012774229451391
574 46 0.8594904539935647
574 47 0.8621010207092974
574 48 0.8600565968483996
574 49 0.8576808027010557
574 50 0.8558622094159283
574 51 1.3557017362407457
574 52 3.9220468323965556
575 46 0.8594910437292055
575 47 0.8599012992782881
575 48 0.8641522495977615
575 49 0.8598161663357397
575 50 0.8577078557623182
575 51 0.8313787652791571
575 52 4.28766741217557
576 46 0.8594906246309914
576 47 0.858839422099683
576 48 0.862918131310226
576 49 0.861941714468673
576 50 0.8599458700072924
576 51 0.7815210728796451
576 52 4.560445433215787
577 46 0.8594919937431029
577 47 0.8579799887371116
577 48 0.8590241609484118
577 49 0.8656610383933535
577 50 0.8617642807407799
577 51 0.7926225883785861
577 52 4.5154777312860945
578 46 0.859492228716932
578 47 0.8582694540108307
578 48 0.8572869268013914
578 49 0.8609433079688811
578 50 0.8614818106029577
578 51 0.8163037635228393
578 52 4.4604267870979
579 46 0.8594923926577471
579 47 0.8591771020854923
579 48 0.857051926422407
579 49 0.8569381778717212
579 50 0.8642365700977901
579 51 0.8370908591053154
579 52 4.439188896986612
579 53 0.0
580 46 0.3862238560030751
580 47 0.7229105062367157
580 48 0.8245286972089969
580 49 0.8485762393223216
580 50 0.8571867683998037
580 51 0.8489424637150114
580 52 4.73795254901761
580 53 0.7130202044045961
581 47 1.4886624651483529
581 48 1.0910104625149235
581 49 0.9054716084692271
581 50 0.8523150494380769
581 51 0.8500514663650934
581 52 4.76944755947633
581 53 1.0180151256579517
582 48 1.8649536220428482
582 49 1.59042624694036
582 50 1.2621223768908998
582 51 1.0114645567208127
582 52 3.579882434700511
582 53 1.2308028634570571
583 48 0.3737066440725759
583 49 1.164360204292934
583 50 1.5583342748052396
583 51 1.570365372902339
583 52 1.487571256125749
583 53 1.3792598290126181
584 49 1.293805405647605
584 50 1.451130493102702
584 51 1.5441021095241436
584 52 1.4665996709431164
584 53 1.482243500308592
585 50 1.4434287332205658
585 51 1.7397518656973097
585 52 1.7006741359311943
585 53 1.5550965002685795
586 51 1.611564879995462
586 52 1.8223625442542557
586 53 1.6055116680029
587 52 1.575340698032969
587 53 1.6390816306217937
588 53 1.6590909644366179
589 53 1.6747615836328607
590 53 1.6865149134059918
590 54 0.0
591 53 1.6621922723728393
591 54 1.6381588680309025
592 53 1.612144871504432
592 54 2.338883348934325
593 53 1.6566385834845887
593 54 2.8277617766938166
594 53 1.67712768646617
594 54 3.1693490597541083
595 53 1.7138318605809315
595 54 3.3705175594121397
596 53 1.7174305070646878
596 54 3.5169347594775835
597 53 1.7187720669599587
597 54 3.4611757169149655
598 53 1.7197043600227158
598 54 3.6653849154924507
599 53 1.720351218691037
599 54 3.8228004297577067
600 53 1.6829036041671568
600 54 2.4752165258026264
601 53 1.6579860980880434
601 54 1.5975114080622719
602 53 1.6434063214312395
602 54 1.5935804700248721
602 55 0.0
603 53 1.6296188633142317
603 54 1.5730818916082414
603 55 2.0349667905667914
604 53 1.712445820841853
604 54 1.6685577153950708
604 55 2.905425336590046
605 53 1.6606846355617537
605 54 1.7002292485125383
605 55 3.5093153392480376
606 53 1.6948684712264441
606 54 1.660809363766905
606 55 3.8913404032950467
607 53 1.7100567589542246
607 54 1.7229902947004994
607 55 4.134190793994501
608 53 1.7185663011474188
608 54 1.7156589795605222
608 55 4.0997760278716475
609 53 1.7194782002935296
609 54 1.7292650307588104
609 55 4.479179546866653
610 53 1.7209211827696864
610 54 1.7105339215501154
610 55 4.680170916105945
611 53 1.7211928455970908
611 54 1.734839190435434
611 55 4.506824382756297
612 53 1.7214008750652652
612 54 1.7217891548286515
612 55 4.2990706396425065
613 53 1.7215384774889384
613 54 1.7203123528450892
613 55 4.572237827760391
613 56 0.0
614 53 1.7216290360996667
614 54 1.719659923177301
614 55 4.842107760504402
614 56 0.8040661194993639
615 53 1.721627097867899
615 54 1.7107965492165171
615 55 4.895826313016666
615 56 1.1480059979571462
616 53 1.7217478925875098
616 54 1.7315961037348682
616 55 2.2137782638260446
616 56 1.38796470761709
617 53 1.721779854695464
617 54 1.7227551531060203
617 55 1.6794727825215585
617 56 1.555378214602671
618 53 1.7218034606671746
618 54 1.7196542713749154
618 55 1.6483892530836273
618 56 1.671585387106299
619 53 1.1283503671458035
619 54 1.5315421805367269
619 55 1.6065080976113477
619 56 1.7536675246813869
620 54 1.5818576295970506
620 55 1.7828889704740587
620 56 1.810126424564083
621 55 1.5351014833950758
621 56 1.8421543840394687
622 56 1.8699057063158135
623 56 1.9083044554812487
624 56 1.8564108956338232
624 57 0.0
625 56 1.808341158064485
625 57 2.6260141685600904
626 56 1.8552809104030854
626 57 3.749293640637227
627 56 1.8968316544433095
627 57 4.534101751289355
628 56 1.9282248883915805
628 57 4.94723827585139
629 56 1.935309951922417
629 57 4.93396480571807
630 56 1.937248149377964
630 57 5.346523969568786
631 56 1.9385944059789808
631 57 2.1650597782362064
632 56 1.899071851953181
632 57 1.8354766274270822
633 56 1.9093632773106297
633 57 1.7821996046693138
634 56 1.9161586485946225
634 57 1.8888265158659547
635 56 1.9071108064274913
635 57 1.8795208505162009
635 58 0.0
636 56 1.849338678859669
636 57 1.9204500397871447
636 58 1.9343718887616435
637 56 1.8860552393405314
637 57 1.8418468217565167
637 58 2.7618008895564095
638 56 1.925707310066687
638 57 1.9486434528527898
638 58 3.3361049436943984
639 56 1.9367363323447553
639 57 1.9390050253856919
639 58 3.7189047690979433
640 56 1.9381041636736913
640 57 1.9444331471664988
640 58 3.9380671388067054
641 56 1.9400135835068317
641 57 1.9390152407324688
641 58 3.876919851129712
642 56 1.9405338049162368
642 57 1.9392243932197297
642 58 4.179794134731702
643 56 1.9408930443165788
643 57 1.9396738041385952
643 58 4.448479848078672
644 56 1.9411429671170315
644 57 1.9389836093129227
644 58 4.4551511299448565
645 56 1.940324813838701
645 57 1.9360112514862755
645 58 4.15041276574707
646 56 1.941439069223348
646 57 1.9470150589755355
646 58 4.103358120315561
646 59 0.0
647 56 1.9415234675143596
647 57 1.940470463461431
647 58 4.535894876282205
647 59 1.3551385776690017
648 56 1.9415837448595727
648 57 1.9397641905857057
648 58 4.629200272246686
648 59 1.9348001076585732
649 56 0.595545185458448
649 57 1.2379058511171361
649 58 4.644425756483622
649 59 2.3392162252598228
650 57 1.214196701430229
650 58 4.656339580404736
650 59 2.6213676731780535
651 58 3.8379821917116126
651 59 2.8134739044662247
652 59 2.9252886063650783
653 59 3.029073152714337
654 59 2.957589973872668
655 59 3.058746624408329
656 59 3.1813059107713375
657 59 3.218362485412133
657 60 0.0
658 59 3.2131024631580467
658 60 1.4401090501917004
659 59 3.0458897655461286
659 60 2.0560836145566745
660 59 3.0324975362810953
660 60 2.4858506665998843
661 59 3.035872774712567
661 60 2.7857045131616105
662 59 3.1918676669742965
662 60 2.9786701170255907
663 59 3.263655285255529
663 60 3.086831305954247
664 59 3.2678006475617196
664 60 3.1080868406459783
665 59 3.269239878764991
665 60 3.1542643110425868
666 59 3.26760742988307
666 60 3.289877438902793
667 59 3.2805854200675606
667 60 3.3947450647583386
668 59 2.6516812248564268
668 60 3.409303856507667
668 61 0.0
669 60 3.2609899813358685
669 61 1.932358898361873
670 60 3.204548888083405
670 61 2.7589270717545706
671 60 3.1710027269557046
671 61 3.3356036423284925
672 60 3.399392067300206
672 61 3.715454470677069
673 60 3.4646915836630936
673 61 3.9415920345835316
674 60 3.4706955260587415
674 61 3.866354615603228
675 60 3.47281488800002
675 61 4.184812368753145
676 60 3.468664374440775
676 61 4.443698668661532
677 60 3.492344928157715
677 61 4.440196120040823
678 60 2.1529628859095986
678 61 4.185029457328563
679 61 4.192115901846072
679 62 0.0
680 61 4.516420343695528
680 62 2.692676965217061
681 61 4.6222166955875705
681 62 3.8444714873751087
682 61 4.6384551787115464
682 62 4.631740874472141
683 61 4.646911015337303
683 62 5.068146859538702
684 61 3.7805554811484043
684 62 5.115632489119326
685 62 5.840629178644798
686 62 5.941943485869983
687 62 5.523131073880918
688 62 6.0605857696635965
689 62 6.33613024285374
690 62 6.380962526440602
690 63 0.0
691 62 5.3202934213010105
691 63 2.7491356040478796
692 63 3.925080429859836
693 63 4.723294246340539
694 63 5.194981838574252
695 63 5.2700438350065495
696 63 5.973478733606652
697 63 6.032392402815665
698 63 5.606559213617681
699 63 6.350505529900221
700 63 6.47451400958187
701 63 6.552565937976767
702 63 3.833356578524388
702 64 0.0
703 64 1.7202472691271098
704 64 2.4560838557839726
705 64 2.969460033755121
706 64 3.322483845707178
707 64 3.511924933114722
708 64 3.663931749672447
709 64 3.6617881652276845
710 64 3.9006077308960223
711 64 4.015027435391547
712 64 3.97820626602537
713 64 3.7620225143456754
713 65 0.0
714 64 3.7401001003411465
714 65 1.7272041681072705
715 64 4.0204009942978685
715 65 2.4660170267215067
716 64 4.118631105648265
716 65 2.9814691914560396
717 64 4.137035634084757
717 65 3.3351776764552237
718 64 4.139535397737386
718 65 3.5256276569993137
719 64 4.146265762528065
719 65 3.659617230354708
720 64 2.2365245462598806
720 65 3.6736121764101863
721 65 3.918245403411448
722 65 4.031128920211125
723 65 3.990344827224344
724 65 3.777632943630424
724 66 0.0
725 65 3.754513310691293
725 66 0.8407859608449301
726 65 4.034652665913495
726 66 1.2004505632947822
727 65 4.2138252710132145
727 66 1.451371364927288
728 65 4.14723941858516
728 66 1.6264328432350172
729 65 4.151450645752845
729 66 1.7485691065778448
730 65 4.159245028598335
730 66 1.833780553481107
731 65 2.057835544610311
731 66 1.8916077031008274
732 66 1.9267056928412467
733 66 1.9434685470180404
734 66 1.9758059382031958
735 66 1.893794961344544
735 67 0.0
736 66 1.9423242495271444
736 67 1.0523096304605943
737 66 1.9445578519878275
737 67 1.5024358561080644
738 66 1.9976515495485743
738 67 1.8164782665142738
739 66 2.021291360732516
739 67 2.035101664539215
740 66 2.0240524961527635
740 67 2.18837219337798
741 66 2.0259781197375517
741 67 2.300028091384515
742 66 2.0196827551958028
742 67 2.3550637881414143
743 66 1.958741070678301
743 67 2.404034081583864
744 66 1.9720057781291787
744 67 2.3687829555356115
745 66 1.96353367192125
745 67 2.3629675390981646
746 66 1.9461481362666606
746 67 2.4116627437273785
746 68 0.0
747 66 1.9498347931360425
747 67 2.4947766771950044
747 68 1.393687593738169
748 66 1.971843310266073
748 67 2.5199050105249308
748 68 1.9898384984756228
749 66 2.011362759085454
749 67 2.5263404922353145
749 68 2.405758848291593
750 66 2.0225839463860105
750 67 2.4483663444263013
750 68 2.6956959497103354
751 66 2.0284618052532837
751 67 2.4813958813823693
751 68 2.888568348005853
752 66 2.029062117304332
752 67 2.451537875493889
752 68 2.987964572198663
753 66 2.0294739749633335
753 67 2.41562145255355
753 68 3.053733752898331
754 66 2.0296853574487845
754 67 2.511731120815194
754 68 3.0117980989685593
755 66 2.029937338907195
755 67 2.525291090948607
755 68 3.1424470972572043
756 66 2.0301087814416237
756 67 2.539941813988479
756 68 3.285143635253707
757 66 2.0232198098643623
757 67 2.538044861479151
757 68 3.309566311662947
757 69 0.0
758 66 1.8140121382303278
758 67 2.5390527252765924
758 68 3.2171692231800844
758 69 2.296788971246391
759 67 2.539703278982588
759 68 3.077730019949779
759 69 3.2792421330317416
760 67 2.538427871119422
760 68 3.117234475323578
760 69 3.963398673849367
761 67 2.5404698605797074
761 68 3.320715773835125
761 69 4.330793715835468
762 67 2.5406904241792603
762 68 3.351032288629273
762 69 4.465582036496446
763 67 1.092848782239594
763 68 3.3570298091963564
763 69 4.766981882841781
764 68 3.354859316441942
764 69 5.168551821419554
765 68 3.364534998710903
765 69 5.1426230512410935
766 68 3.36316735725853
766 69 4.868154844413426
767 68 3.363898321072753
767 69 5.123167692790677
768 68 0.878862058074959
768 69 5.449514376746043
768 70 0.0
769 69 5.461885281416112
769 70 1.0856742948451468
770 69 5.49812061074755
770 70 1.550072279206357
771 69 3.3076161008528673
771 70 1.8740717537667988
772 70 2.100118509460319
773 70 2.256842740617322
774 70 2.3631796461327994
775 70 2.436387436730265
776 70 2.492628927685238
777 70 2.4193949694397534
778 70 2.4710212836268974
779 70 2.529469104659109
779 71 0.0
780 70 2.5902825864269983
780 71 0.8809588881584784
781 70 2.599976347397473
781 71 1.2577901163872391
782 70 2.593738221130955
782 71 1.5206948058864638
783 70 2.5389425806720802
783 71 1.7040090243328387
784 70 2.436633070237152
784 71 1.832088821067851
785 70 2.4590107572889384
785 71 1.921370190582963
786 70 2.4933739345008075
786 71 1.9823224568384368
787 70 2.5572776366904346
787 71 2.017394650509552
788 70 2.6170747933910294
788 71 2.0337576494808016
789 70 2.6184948208505827
789 71 2.03378633666296
790 70 2.6204162440198515
790 71 1.992110892396182
790 72 0.0
791 70 2.6208340648201283
791 71 2.017002034356033
791 72 1.9088544895489759
792 70 2.6190328774514207
792 71 2.058801962714965
792 72 2.725368580689155
793 70 2.6213128438632385
793 71 2.1036175585999892
793 72 3.2940519036512605
794 70 2.621450827740877
794 71 2.118099400616503
794 72 3.668879973854542
795 70 1.8160981847548447
795 71 2.1209132249810763
795 72 3.881541459551987
796 71 2.1143939045721054
796 72 3.8310796834801137
797 71 2.1081924621879984
797 72 4.127439320596701
798 71 1.9889476466605207
798 72 4.389542319239982
799 71 2.0442608314608144
799 72 4.411409679926539
800 71 2.0619000773443554
800 72 4.186458480321726
801 71 2.0988513308014496
801 72 2.975119262998627
802 71 2.106610638834478
802 72 2.0769403194306384
802 73 0.0
803 71 2.1212189398501486
803 72 2.0657692947397908
803 73 2.2251914497418235
804 71 2.1231871510310545
804 72 2.1075988540978146
804 73 3.1770188875981735
805 71 2.1253719464061205
805 72 2.1079373515445803
805 73 3.8407091873896113
806 71 2.125998665263333
806 72 2.1153575332072774
806 73 4.2140108250772945
807 71 2.1264244779470562
807 72 2.1205087359455566
807 73 4.413328879504478
808 71 2.125312321375965
808 72 2.1213361334513463
808 73 4.5772634164678605
809 71 2.126928681611636
809 72 2.1230815532393548
809 73 4.989616514866126
810 71 2.127072253357507
810 72 2.124998234481386
810 73 5.058599386132848
811 71 2.1271743132989798
811 72 2.130570036226441
811 73 4.725152940159419
812 71 0.9130379123746376
812 72 1.5570942618427424
812 73 4.7554143735622265
813 72 1.3561657461895358
813 73 5.444698126762956
813 74 0.0
814 73 5.341682744295398
814 74 1.618893657087329
815 73 5.356005433208041
815 74 2.3117000770954945
816 73 4.98043697102904
816 74 2.7948966013168186
817 74 3.133397772384635
818 74 3.3344151466988987
819 74 3.500470950826313
820 74 3.4377758713590594
821 74 3.622291486044522
822 74 3.778446289104394
823 74 3.8089042744927215
824 74 3.6245762691458014
824 75 0.0
825 74 3.5748617606889224
825 75 0.6432314920202351
826 74 3.6699696961429353
826 75 0.9185173689844794
827 74 3.82428850212734
827 75 1.1105078871313518
828 74 3.9105431340659615
828 75 1.2444551150714533
829 74 3.9222828021848484
829 75 1.3379069328731155
830 74 3.881711039143016
830 75 1.4031060365249537
831 74 3.8927255355378065
831 75 1.448593890840357
832 74 1.9869575935325876
832 75 1.4803286234025679
833 75 1.5017948806542987
834 75 1.5152244687368484
835 75 1.5191941010668208
835 76 0.0
836 75 1.5442680751924864
836 76 0.9131706741519333
837 75 1.5065002222701094
837 76 1.3037801078518763
838 75 1.4673548371171332
838 76 1.5762990594859243
839 75 1.520876249366267
839 76 1.7664290748419185
840 75 1.497539256755568
840 76 1.8990782635628427
841 75 1.5208212258600988
841 76 1.988121516211396
842 75 1.5460589798602082
842 76 2.050718059925808
843 75 1.5512121047537362
843 76 2.0940234926560706
844 75 1.551924347256981
844 76 2.1188863610762163
845 75 1.552420871773942
845 76 2.0853697116665493
846 75 1.5527635989754287
846 76 2.054257170424305
846 77 0.0
847 75 1.5509962943204532
847 76 2.100039074381375
847 77 1.7604757573113348
848 75 1.5183382987154042
848 76 2.1478876816311128
848 77 2.5135205643757565
849 75 1.4567703539510168
849 76 2.1920465798709663
849 77 3.0389020624417
850 75 1.4878477721942673
850 76 2.1960249387626707
850 77 3.403042366820144
851 75 1.5387678289075153
851 76 2.198794291852347
851 77 3.5845933636765213
852 75 1.5035527737591972
852 76 2.192353442257446
852 77 3.6769231370618374
853 75 1.536563008113728
853 76 2.1725824627659667
853 77 3.745997152568416
854 75 1.5487054916173313
854 76 2.0965204124061425
854 77 4.005494550901686
855 75 1.5450019663919485
855 76 2.0680636513619635
855 77 4.108007751496883
856 75 1.5501427083640418
856 76 2.122005025818601
856 77 4.019860570336841
857 75 1.5512906656989145
857 76 2.1972179707747426
857 77 3.8242254762334627
857 78 0.0
858 75 1.5524046560844715
858 76 2.200722359309914
858 77 3.7657269424820643
858 78 1.7375711852964129
859 75 1.5527445761323049
859 76 2.202053164366846
859 77 3.8672528357907767
859 78 2.4808185447708744
860 75 1.5530014438746311
860 76 2.1696061971109324
860 77 2.3017368355929104
860 78 2.9973474905476367
861 75 1.5531723380639386
861 76 1.701162647868195
861 77 1.7934510978776115
861 78 3.356998957059006
862 75 1.5532915952662039
862 76 1.529584125116561
862 77 1.5075342996738395
862 78 3.534332805319686
863 75 1.5522338815143948
863 76 1.5207335057292568
863 77 1.4698319351504643
863 78 3.6285355914552637
864 75 1.5534328916776008
864 76 1.5328284868828286
864 77 1.4933980673687084
864 78 3.669051194171915
865 75 1.5534733371364333
865 76 1.5499772698773902
865 77 1.5257639209312985
865 78 3.933144085502458
866 75 1.564253448600886
866 76 1.5517830034619968
866 77 1.5476440786359758
866 78 4.056134672647782
867 75 1.5521053674953185
867 76 1.5575579000058892
867 77 1.5583145626856205
867 78 4.010963235569004
868 75 1.0679416302746114
868 76 1.429836901348912
868 77 1.5232521300097963
868 78 3.769802886633909
868 79 0.0
869 76 1.755496852057637
869 77 1.6407302289150172
869 78 3.890248230639362
869 79 2.1538219367622546
870 77 1.9874867070777809
870 78 4.0352544039560385
870 79 3.07512076023726
871 78 4.166841159152101
871 79 3.7184265007950463
872 78 4.179093987060036
872 79 4.107735670052292
873 78 4.180619336734541
873 79 4.341377058161169
874 78 4.187779369732367
874 79 4.396344993740213
875 78 1.688448449454154
875 79 4.8205879416589905
876 79 4.953128457665019
877 79 4.638259124478752
878 79 4.638358024361202
879 79 5.031413879756492
879 80 0.0
880 79 5.188309197132583
880 80 1.3999538955246889
881 79 5.166957799873272
881 80 1.9987852088444429
882 79 5.187433487837622
882 80 2.416575621736313
883 79 1.6754265236016255
883 80 2.7105279532133246
884 80 2.901711405053231
885 80 3.0058616377141347
886 80 3.0982402138783494
887 80 3.040456612965611
888 80 3.192010156906681
889 80 3.2995295750744567
890 80 3.32407604438533
890 81 0.0
891 80 3.2231896011991794
891 81 2.2344734890352433
892 80 3.102677488661027
892 81 3.189974837448002
893 80 3.112200913414464
893 81 3.857252347551456
894 80 3.2946181569401403
894 81 4.23640226407359
895 80 3.3677410840000856
895 81 4.440339075340356
896 80 3.3727408800781378
896 81 4.610017358320168
897 80 3.418120120236998
897 81 5.018551457712025
898 80 3.3664979484168853
898 81 5.067695660619535
899 80 3.3783096420906067
899 81 4.750047445536788
900 80 3.379037654472534
900 81 4.870639915667809
901 80 0.47618459727399043
901 81 5.328578922251043
902 81 5.363756674215472
902 82 0.0
903 81 5.383244015679601
903 82 1.8936168688854476
904 81 4.732399435631878
904 82 2.7036128787758362
905 82 3.266307058980133
906 82 3.6474208606982983
907 82 3.864878244415454
908 82 3.842733589589859
909 82 4.112321802443149
910 82 4.354611829722616
911 82 4.387933039197612
912 82 4.163381238418555
913 82 4.101654785725603
913 83 0.0
914 82 4.441916180784638
914 83 0.5556388905324368
915 82 4.574572683145025
915 83 0.7933138375496926
916 82 4.5345562040110705
916 83 0.959134020049391
917 82 4.531071616503551
917 83 1.0748228365111119
918 82 4.5627316312705
918 83 1.1555361818425287
919 82 0.312339436188333
919 83 1.2118479700288407
920 83 1.2511353766616153
921 83 1.27812992655723
922 83 1.2976682117238902
923 83 1.3098799165124677
924 83 1.3164410904475186
924 84 0.0
925 83 1.3216417337663398
925 84 2.5127898132795408
926 83 1.3169669742237267
926 84 3.58778167390867
927 83 1.3339128058508734
927 84 4.335618101626843
928 83 1.3178302672638125
928 84 4.354437092902376
929 83 1.313882329976714
929 84 1.514639506439478
930 83 1.329387889378341
930 84 1.2243111723274176
931 83 1.3264283982893401
931 84 1.3337027983191267
932 83 1.332364428609205
932 84 1.2981614841685005
933 83 1.3372378643080618
933 84 1.3283238424118466
934 83 1.3396150657553698
934 84 1.350113142771087
935 83 1.340278857811226
935 84 1.3507988479236759
935 85 0.0
936 83 1.340738589756629
936 84 1.3361357951342503
936 85 0.3553627557517997
937 83 1.3410592649526238
937 84 1.336876462087817
937 85 0.5165155799394215
938 83 1.3412814191916602
938 84 1.3392139110038273
938 85 0.6244662425495172
939 83 1.3243932891592631
939 84 1.3308224829619935
939 85 0.6997818210899163
940 83 1.2869854134889047
940 84 1.266065502894078
940 85 0.752331663727613
941 83 1.2895383967851222
941 84 1.2718359953361853
941 85 0.7889944442166932
942 83 1.329087304360731
942 84 1.293849810920948
942 85 0.8145731980562453
943 83 1.3214424026161378
943 84 1.3287161510314076
943 85 0.8324188887448877
944 83 1.333608367669458
944 84 1.2979593830610434
944 85 0.8448694040275242
945 83 1.3008579674663283
945 84 1.355404087093694
945 85 0.8535558322844742
946 83 1.3389459768872753
946 84 1.2952919739338093
946 85 0.8596161432776855
946 86 0.0
947 83 1.3366486811259986
947 84 1.3539771977986614
947 85 0.8638442636653362
947 86 0.856570126446408
948 83 1.331808546750149
948 84 1.3500435746834485
948 85 0.8667936930471396
948 86 1.22296863519621
949 83 1.3390818236915007
949 84 1.322776245911303
949 85 0.8680850813288583
949 86 1.478596196574271
950 83 1.3400389543958071
950 84 1.35757521076016
950 85 0.870104261627951
950 86 1.6569414912411795
951 83 1.3399310946936824
951 84 1.36924298484551
951 85 0.8710347532112493
951 86 1.7813687682857102
952 83 1.3409439158516419
952 84 1.3423437896027783
952 85 0.8693762811972053
952 86 1.868178612366456
953 83 1.3411924019177
953 84 1.3423568270685429
953 85 0.8705791160497047
953 86 1.927505130562306
954 83 1.3413830337606727
954 84 1.3399112062145617
954 85 0.8723248440527872
954 86 1.8730009121606181
955 83 1.341508912794645
955 84 1.3404628798810263
955 85 0.8727583195503705
955 86 1.1238877256904112
956 83 1.3415970143902063
956 84 1.340496895323976
956 85 0.8730050342563723
956 86 0.8958338563488126
957 83 1.341658186881022
957 84 1.3401121239523115
957 85 0.8565717636386163
957 86 0.8241183779128811
957 87 0.0
958 83 1.3408216214768494
958 84 1.3227188366537226
958 85 0.8669185075054215
958 86 0.8030784116217445
958 87 1.3128860832594156
959 83 1.3417306105412743
959 84 1.3598968038255714
959 85 0.8484732995465005
959 86 0.7836874956754667
959 87 1.8744740776713864
960 83 1.3417513883900356
960 84 1.345907864374406
960 85 0.866417197307782
960 86 0.8436094744573432
960 87 2.2662807177584687
961 83 1.341765267420028
961 84 1.3402614624178348
961 85 0.8696289084212149
961 86 0.848295970466776
961 87 2.5374138220896847
962 83 1.341776079536424
962 84 1.3388224213491762
962 85 0.8661434539421852
962 86 0.9096379601372321
962 87 2.725023381456594
963 83 1.3417831457330305
963 84 1.3409183057856418
963 85 0.8689421570277579
963 86 0.8871153798901071
963 87 2.828236688049668
964 83 0.36840700442426605
964 84 0.8843114027044904
964 85 0.872234129807435
964 86 0.8711416156251007
964 87 2.9159018161344075
965 84 1.2366823139432068
965 85 0.870548418267508
965 86 0.8716107655637909
965 87 2.777900630541663
966 85 0.872936007580439
966 86 0.8881434422176814
966 87 1.9134047607671114
967 85 0.8731371706559294
967 86 0.8799072144473852
967 87 0.9282610806212162
968 85 0.8732777526545527
968 86 0.8823034135166515
968 87 0.841981921364038
968 88 0.0
969 85 0.873375664019234
969 86 0.8750944452963818
969 87 0.8280377157695918
969 88 2.562248421932334
970 85 0.8734439796386305
970 86 0.8729318700259636
970 87 0.8401028598680607
970 88 3.6565594822211174
971 85 0.8734916211611387
971 86 0.872726657397881
971 87 0.8474566233429772
971 88 4.415505701842817
972 85 0.8735246479565201
972 86 0.873018391903618
972 87 0.8589073201110492
972 88 4.810662722235928
973 85 0.8735461091480957
973 86 0.8733019104473019
973 87 0.8671162963063229
973 88 4.759299213068739
974 85 0.863981782808474
974 86 0.8676236164644214
974 87 0.869890985489401
974 88 5.190272779103031
975 85 0.8396828221750661
975 86 0.8500248032102119
975 87 0.8618172556703826
975 88 1.3440840967245802
976 85 0.8475080989521899
976 86 0.8055799309608395
976 87 0.828750569772445
976 88 0.8506373337542839
977 85 0.8298494653317166
977 86 0.8447290986568129
977 87 0.8235000633155544
977 88 0.8594252177703138
978 85 0.871091065745266
978 86 0.8420770809607124
978 87 0.794627122950277
978 88 0.7311863247592597
979 85 0.8603760576855577
979 86 0.8475174534707504
979 87 0.8504620983896065
979 88 0.746771824979724
979 89 0.0
980 85 0.8567797088714925
980 86 0.8846078617981157
980 87 0.8546241427658364
980 88 0.7767525337387652
980 89 2.541422358710674
981 85 0.8691161659114229
981 86 0.8360985962415921
981 87 0.8592564487615549
981 88 0.880833365939941
981 89 3.6285525142676827
982 85 0.8690070781191004
982 86 0.8560490889956588
982 87 0.8650574043677085
982 88 0.8502710194501363
982 89 4.372575274367155
983 85 0.8433279768512688
983 86 0.8925356355229817
983 87 0.8337090936199472
983 88 0.8340630734925577
983 89 4.766539605394906
984 85 0.8684296639521487
984 86 0.850881945784398
984 87 0.859502048341903
984 88 0.8549168027859994
984 89 4.723577734597774
985 85 0.8619566003025314
985 86 0.8283993400730016
985 87 0.8767601670704724
985 88 0.7808765202633201
985 89 5.420267605739291
986 85 0.8706107181372303
986 86 0.9086376898434666
986 87 0.8740542267310409
986 88 0.9078984444870334
986 89 5.687211428608713
987 85 0.8712659127766457
987 86 0.8666687827782854
987 87 0.8499315600369484
987 88 0.93143953448222
987 89 3.778170371457048
988 85 0.8696521743301611
988 86 0.90064453233818
988 87 0.9145246986170998
988 88 0.8838267405677106
988 89 0.959145435434674
989 85 0.8725170647842111
989 86 0.8656242569912272
989 87 0.8721773412113772
989 88 0.8489250844953536
989 89 0.8298734147988068
990 85 0.8725301412786723
990 86 0.8792697758662195
990 87 0.9061809347005592
990 88 0.9277712467782876
990 89 0.8473700250403775
990 90 0.0
991 85 0.8730736995140951
991 86 0.8832771026340168
991 87 0.8777390090214925
991 88 0.8753249457545254
991 89 0.7936755124807181
991 90 2.235444145083556
992 85 0.8729247481645855
992 86 0.8788953910631798
992 87 0.8851377110531522
992 88 0.9230718316649685
992 89 0.901552566720164
992 90 3.191657017484938
993 85 0.8733428955137519
993 86 0.8745601789060198
993 87 0.8899973153562614
993 88 0.8798672910226697
993 89 0.8969232045437158
993 90 3.852608272189796
994 85 0.8734223359466156
994 86 0.8731020018119936
994 87 0.879166622600623
994 88 0.8946696442083879
994 89 0.8977262558277463
994 90 4.213607675296982
995 85 0.8734720657270054
995 86 0.8761860290241961
995 87 0.8760537295375378
995 88 0.8836802004338737
995 89 0.8640701923597344
995 90 4.421896014167028
996 85 0.8735143279136619
996 86 0.8740062185421015
996 87 0.8736259420691476
996 88 0.8789723992615356
996 89 0.8976216731520672
996 90 4.576586824558516
997 85 0.8735407275026547
997 86 0.8733736744453909
997 87 0.876904105603779
997 88 0.8743914561034485
997 89 0.8673336016299354
997 90 5.009344821567887
998 85 0.8735591278159348
998 86 0.8733687849032908
998 87 0.8738699029364547
998 88 0.8744772561503519
998 89 0.8902520021353195
998 90 5.096339959616503
999 85 0.8735719695339762
999 86 0.8732287127855914
999 87 0.8729579121589239
999 88 0.8762828878603655
999 89 0.87626115394114
999 90 4.759899578110401
1000 85 0.8735809256742095
1000 86 0.8731103286295245
1000 87 0.8729517283435521
1000 88 0.8730265303751507
1000 89 0.8749594803363319
1000 90 4.880734378850151
1001 85 0.873587189453336
1001 86 0.8729220001369791
1001 87 0.8726471576094812
1001 88 0.8723805868118806
1001 89 0.8744643599852389
1001 90 3.6335709780058565
1002 85 0.8735788232543238
1002 86 0.8727792639495178
1002 87 0.8722361513431962
1002 88 0.8721708828333331
1002 89 0.8718908489305828
1002 90 1.015073301531755
1002 91 0.0
1003 85 0.8734851339273715
1003 86 0.8690137622704961
1003 87 0.8693112777930314
1003 88 0.8677290106052776
1003 89 0.8754657907000913
1003 90 1.238227685997475
1003 91 2.3319412153171317
1004 85 0.8735967230245626
1004 86 0.8734141641019469
1004 87 0.8712886547139951
1004 88 0.8914184951592692
1004 89 0.8890334691539837
1004 90 2.842539458253242
1004 91 3.329430807342686
1005 85 0.8735981478951163
1005 86 0.8792152876376569
1005 87 0.8960833166444978
1005 88 0.8231853515103347
1005 89 0.846169531668538
1005 90 3.7785284763767977
1005 91 4.0172649047038345
1006 85 0.8732541888127612
1006 86 0.8402445231087191
1006 87 0.8212345008924086
1006 88 0.8903280604402912
1006 89 0.8757783429855277
1006 90 4.230348725106662
1006 91 4.3716533779848294
1007 85 0.8485560286716551
1007 86 0.881094481183815
1007 87 0.8774997104864158
1007 88 0.8655508331800542
1007 89 0.8619681007072253
1007 90 4.670742277891883
1007 91 4.483322031168703
1008 85 0.8687342553817277
1008 86 0.8687370169543175
1008 87 0.8758342686297255
1008 88 0.8689547949326499
1008 89 0.8612137171336819
1008 90 0.20424913450112928
1008 91 4.762381861665474
1009 85 0.8702057823312809
1009 86 0.8688965933806622
1009 87 0.8710015844143489
1009 88 0.8752865242055649
1009 89 0.856054329542508
1009 91 5.250187289882479
1010 85 0.871232426392236
1010 86 0.8701794215808493
1010 87 0.8692448228563339
1010 88 0.8710109072230796
1010 89 0.8795077926227208
1010 91 5.1604441512743815
1011 85 0.8715657365807168
1011 86 0.8716555107554109
1011 87 0.8693518835695307
1011 88 0.8682367932319506
1011 89 0.878166499108937
1011 91 5.002013754606383
1012 85 0.2116723806119038
1012 86 0.6439987269243276
1012 87 0.7994952802853451
1012 88 0.8471242200730527
1012 89 0.864249576980316
1012 91 5.438150774313064
1013 86 1.364526250517929
1013 87 0.9658446367696272
1013 88 0.8305721590155286
1013 89 0.816886844990859
1013 91 5.6006629829684424
1013 92 0.0
1014 87 1.9395837409625052
1014 88 1.5714030049216807
1014 89 1.188596270740456
1014 91 5.646885376976052
1014 92 2.6236444000612087
1015 87 0.30056877177332336
1015 88 1.120672440786574
1015 89 1.5382360338026342
1015 91 3.48596820093973
1015 92 3.7459101996060866
1016 88 1.2401888162773476
1016 89 1.4119540450986698
1016 91 1.444865673482175
1016 92 4.515312273893459
1017 89 1.3973957261613636
1017 91 1.571082376473842
1017 92 4.933081075471236
1018 91 1.2944836163384057
1018 92 4.932357651534581
1019 92 5.660243662345045
1020 92 5.880412319328259
1021 92 5.4628736265054805
1022 92 5.791275133045243
1023 92 6.1720869895052966
1024 92 6.252269053158126
1024 93 0.0
1025 92 6.2666032547565
1025 93 2.323265241680131
1026 92 0.4837144921588442
1026 93 3.317043680674994
1027 93 4.003603383487265
1028 93 4.3814208162332555
1029 93 4.552771165552076
1030 93 4.8335148804181625
1031 93 5.228001256965896
1032 93 5.188798189625694
1033 93 4.927030196675391
1034 93 5.269874592581718
1035 93 5.504776637645877
1035 94 0.0
1036 93 5.535433865880712
1036 94 2.144281521676427
1037 93 5.586904753679971
1037 94 3.061499515276809
1038 93 2.394032673312128
1038 94 3.6981814436925515
1039 94 4.091677445615102
1040 94 4.358671286107779
1041 94 4.373162522863773
1042 94 4.799258013410793
1043 94 4.916200455961871
1044 94 4.631578740774044
1045 94 4.615821133558615
1046 94 4.987106603119914
1046 95 0.0
1047 94 5.154513197008707
1047 95 1.3929862498737329
1048 94 5.126424161715641
1048 95 1.9888371491872905
1049 94 5.154377901995216
1049 95 2.4045481898703245
1050 94 2.0599195498563265
1050 95 2.6921153855862445
1051 95 2.889781403013478
1052 95 2.989960600421564
1053 95 3.080663628861823
1054 95 3.0370582779754938
1055 95 3.1845958696765497
1056 95 3.284068624839605
1057 95 3.308201552475716
1057 96 0.0
1058 95 3.211866715351632
1058 96 0.8459834948342401
1059 95 3.0916444088927535
1059 96 1.2078535796008867
1060 95 3.082179453667525
1060 96 1.4603217674939302
1061 95 3.2404150386721926
1061 96 1.636462841816204
1062 95 3.474158656891332
1062 96 1.7593522935514996
1063 95 3.354903832705561
1063 96 1.8450821748844428
1064 95 3.35917943263469
1064 96 1.903254142489068
1065 95 3.3573245388086077
1065 96 1.93767948737905
1066 95 3.361623056477162
1066 96 1.9544382812870305
1067 95 3.365271938386406
1067 96 1.9944702543653408
1068 95 0.6779457417546987
1068 96 1.8873958156430979
1068 97 0.0
1069 96 1.9656315846847223
1069 97 0.7461381873772353
1070 96 1.954242041555168
1070 97 1.0652993503711625
1071 96 2.0109736879694617
1071 97 1.2879705371487493
1072 96 2.0340464773168505
1072 97 1.4432214121794562
1073 96 2.036736980520266
1073 97 1.551682894845371
1074 96 2.038612854919748
1074 97 1.6272791856375823
1075 96 2.0124561564693297
1075 97 1.680084335475359
1076 96 1.9382577212636323
1076 97 1.715023142505405
1077 96 1.9241761117379552
1077 97 1.736439640759438
1078 96 1.9335746768905202
1078 97 1.739780974778011
1079 96 1.8782520129684455
1079 97 1.7722963151646183
1079 98 0.0
1080 96 1.967209396881168
1080 97 1.702857446517207
1080 98 2.4966841903282537
1081 96 2.003065724393605
1081 97 1.7223658391194439
1081 98 3.5631978295292144
1082 96 2.041012531278891
1082 97 1.7721226225013356
1082 98 4.311894889376523
1083 96 2.0414529784845312
1083 97 1.7829496324708645
1083 98 4.6879309166013305
1084 96 2.04278133060333
1084 97 1.791141431577911
1084 98 4.675890484955399
1085 96 2.0428389185498426
1085 97 1.7966565912171388
1085 98 4.44232809038228
1086 96 2.0606148248934195
1086 97 1.798221285166028
1086 98 1.8639168454782862
1087 96 2.0293641089075094
1087 97 1.7993112791390997
1087 98 1.7186391812944248
1088 96 2.042129128906371
1088 97 1.8143919973946767
1088 98 1.7580340152120557
1089 96 2.0429175161967907
1089 97 1.7337116231528888
1089 98 1.6882650140777091
1090 96 2.04292819423428
1090 97 1.7251369327698423
1090 98 1.6906605604907177
1090 99 0.0
1091 96 1.6999067899657572
1091 97 1.7088328790077758
1091 98 1.6947564056683375
1091 99 1.5740147125863642
1092 97 1.7846373218611211
1092 98 1.7802333191489907
1092 99 2.24730066840642
1093 97 1.7359574789196812
1093 98 1.7484959005198923
1093 99 2.7170362281123293
1094 97 1.795172323568773
1094 98 1.7640682683973188
1094 99 3.045219115536691
1095 97 1.7915399497426694
1095 98 1.8356856448048005
1095 99 3.2387786252456325
1096 97 1.7988098575693785
1096 98 1.8074121413316502
1096 99 3.3782811531712458
1097 97 1.7993063303144312
1097 98 1.8043912472179586
1097 99 3.275486738165501
1098 97 1.8008362548886674
1098 98 1.8008796010063135
1098 99 3.4638735397683535
1099 97 1.8011398291465113
1099 98 1.8004868302653798
1099 99 3.664941819428697
1100 97 1.8011543756872181
1100 98 1.7894550580810917
1100 99 3.7113309962101715
1101 97 1.801494129434186
1101 98 1.81018096317092
1101 99 3.6633327212731626
1102 97 1.8001814459623386
1102 98 1.7981051224422724
1102 99 3.4646099325292705
1102 100 0.0
1103 97 1.8016678172026184
1103 98 1.8037349121561872
1103 99 3.3794747134091305
1103 100 1.5593498494802593
1104 97 1.8017167575346993
1104 98 1.8028048712843632
1104 99 3.689600059914734
1104 100 2.226362902846349
1105 97 1.8017520319133773
1105 98 1.7905166316536762
1105 99 3.7706998517729793
1105 100 2.691722104104
1106 97 1.6009102562656554
1106 98 1.7753005433421245
1106 99 3.790300395049299
1106 100 3.016396163561554
1107 98 1.7240803095632165
1107 99 3.792888106388473
1107 100 3.209591837185813
1108 99 3.795823553841184
1108 100 3.3507421946041465
1109 99 3.769314334253139
1109 100 3.2508526664988198
1110 100 3.4610700164339394
1111 100 3.628353485752963
1112 100 3.677278041302985
1113 100 3.6649312192978023
1114 100 3.476018666109064
1115 100 3.4561185708368973
1116 100 3.65752066157815
1117 100 3.7370788331770615
1118 100 3.7505939189213886
1119 100 3.772508696114194
1120 100 3.750864717619104
1121 100 3.750538525357547
1122 100 0.5589360049553489
