Differences in distance:
0.5158747449253968
1.3337433726823247
1.9042524112390622
2.3022834003423687
2.5789918207614098
2.7570937208109365
3.539021002331977
3.3417680922277815
4.319627690290078
3.849793862985246
3.2374904847898027
3.14713840716301
3.031537846327795
3.9828052416990025
4.360694481419072
3.746552176174464
3.3239724339903387
3.214442027878248
3.2153647526443705
3.2387384029791146
3.2186586888558324
0.3444977191077214
1.1441716662361825
1.6335919480027503
1.9750488876901198
2.2132752535231637
2.549443161927822
2.692895987112093
3.044840877097212
2.7447385606049286
3.5391467991215144
3.2194605830423595
2.8364610013759077
2.7309294008903953
2.655913090977047
2.961262155019201
3.182310352628945
3.868227849114315
2.947499521819313
2.8738640628978085
2.7593218248027016
2.7535945137363766
2.748198318643407
2.756097351660007
2.7537364933984882
0.4384290480555059
0.49137305697048195
0.7015581875262263
0.8481994151053638
0.9505075245447342
1.0218854760123723
1.0716841811686948
1.1058671991155953
1.1306457484181816
1.1475766681329678
1.1583146007225718
1.1945720464444454
1.2155753511398522
1.2176214596663308
1.2310757545026845
1.172734709508076
1.283217092669058
1.3180000892422534
1.2497545470200617
1.2654591982429089
1.232237705285288
1.204565733679921
1.1851671378917281
1.185602107224187
1.1859053931998509
1.1861168558351283
1.185539667859117
1.1862495430878626
1.2363432058388737
1.2210427253496472
1.2231181171985994
1.2502192643799461
1.2427867815123057
1.3146789942963844
1.243827687275424
1.2135673837129328
1.2202539177468559
1.1924304479306507
1.1852566112607328
1.1853821835395064
1.1859489478786258
1.1861459198564146
1.1862857422255273
1.1863823539364187
1.1864497876133502
1.18645982894446
1.1941762846086297
1.1865524050388545
1.1865684334410438
1.1865795213948267
1.1865873804645446
1.1479095465549103
2.130069662337635
3.041208512046665
3.6795967629688406
4.771639399994321
1.5303616012245382
0.7362149519149761
1.298026929291775
1.2450001625492786
1.2444659845110515
1.254225553496038
1.2220475500823267
1.1875328228063993
1.1818846945998533
1.1838086895304416
1.185231369606348
1.1866171922836346
1.158911307070008
1.2048903070231038
1.2015668573179257
1.2033324018322145
1.3072394757715797
1.2640924352337612
1.2235642407360097
1.309901930420136
1.2737281311520425
1.1944768553505551
1.2088079958228826
1.186007959410105
1.186382263510206
1.1869493371174242
1.1859333036796311
1.1857647003805925
1.185517722877584
1.1848416900050287
1.1775366199519555
1.1907781079098023
1.1903536331330835
1.1828547479311806
1.1851020645060206
1.1834775997451967
1.6418117259069234
1.4662677728366096
2.0934643028738833
2.531044825192215
2.8395024410046608
3.2788588905602736
3.9116221302359353
4.121558744486963
4.574047490200387
3.816080614800012
3.4247384223913464
3.164991965432872
3.131000977799263
1.0014223156425577
1.3805977651133599
1.195005114742836
1.1474596816490263
1.2603990511016936
1.170461392448358
1.1948794344895397
1.1888056554504394
1.185093509937333
1.1848028629095233
1.1842560698310165
1.1743157075298274
1.1838139363553986
1.1958935213810018
1.1854646255942005
1.1826183674150683
1.184076285170502
1.767636575738459
1.8559891874760905
2.1452905768026618
3.0628268585039033
3.6996109078142627
4.991562172892552
5.65739954766583
7.461785087504671
5.475454379457222
4.540398189801465
7.293806669035158
7.871222439977064
2.013477231950789
1.1752843455609776
1.0977081275654084
1.104157213920658
1.241083257790158
1.188043955637497
1.1762252154865194
1.1782064938932097
1.602724748193692
1.982457400380923
1.3289681121650012
0.4529421816506826
0.6466885365321823
0.7818607800306157
0.8761672538297535
0.9419626489400478
0.9878665330375797
1.019892585548298
1.0422364004806572
1.0575777481149395
1.0939910083086186
1.0886314442630605
1.110641182919437
1.119395213879784
1.1291957178212433
1.1172612389841905
1.0871672696396972
1.1307851875952823
1.1423051056074887
1.172119007788837
1.1361226380811869
1.1342108074589825
1.1140119468509249
1.109605437422006
1.0922451893832923
1.0927151263859307
1.0930429654927487
1.0932715822354477
1.09342548237138
1.0710062804770204
1.0992011743290953
1.1240580906188355
1.146023911831355
1.1054179922249103
1.1851918977513796
1.0814108368460795
1.252822637552048
1.1301693378893825
1.0901327954356401
1.136276264874011
1.0913394386207855
1.0926504360104654
1.0925045289992028
1.093240263085145
1.0934142803824762
1.0935272949152346
1.0936095733187556
1.093667014160252
1.0937070772296669
1.0931756243828257
1.0937539433243892
1.0937680615421437
1.0937777546453475
1.0937841630333602
1.0937888946104914
1.0937921178314418
0.3033945555508111
